 0             0
 0             0
 0             0
 0             0
 0             0
 0             0
 0             0
 0             0
 0             0
 0             0
 0             0
 0             0
 0             0
 0             0
 0             0
 0             0
 0             0
 0             0
 0             0
 3.222e-002    0
 3.222e-002    0
 6.444e-002    0
 6.444e-002    0
 9.666e-002    0
 9.666e-002    0
 0.12888       0
 0.12888       0
 0.1611        0
 0.1611        0
 0.19332       0
 0.22554       0
 0.22554       0
 0.25776       0
 0.25776       0
 0.28998       0
 0.3222        0
 0.3222        0
 0.35442       0
 0.35442       0
 0.38664       0
 0.41886       0
 0.41886       0
 0.45108       0
 0.4833        0
 0.4833        0
 0.51552       0
 0.51552       0
 0.54774       0
 0.57996       0
 0.57996       0
 0.61218       0
 0.6444        0
 0.6444        0
 0.67662       0
 0.70884       0
 0.70884       0
 0.74106       0
 0.77328       0
 0.77328       0
 0.8055        0
 0.83772       0
 0.83772       0
 0.86994       0
 0.86994       0
 0.90216       0
 0.93438       0
 0.93438       0
 0.9666        0
 0.99882       0
 0.99882       0
 1.03104       0
 1.06326       0
 1.06326       0
 1.09548       0
 1.1277        0
 1.1277        0
 1.15992       0
 1.19214       0
 1.19214       0
 1.22436       0
 1.25658       0
 1.25658       0
 1.2888        0
 1.2888        0
 1.32102       0
 1.35324       0
 1.35324       0
 1.38546       0
 1.41768       0
 1.41768       0
 1.4499        0
 1.48212       0
 1.48212       0
 1.51434       0
 1.54656       0
 1.54656       0
 1.57878       0
 1.611         0
 1.611         0
 1.64322       0
 1.67544       0
 1.67544       0
 1.70766       0
 1.73988       0
 1.73988       0
 1.7721        0
 1.80432       0
 1.80432       0
 1.83654       0
 1.83654       0
 1.86876       0
 1.90098       0
 1.90098       0
 1.9332        0
 1.96542       0
 1.96542       0
 1.99764       0
 2.02986       0
 2.02986       0
 2.06208       0
 2.0943        0
 2.0943        0
 2.12652       0
 2.15874       0
 2.15874       0
 2.19096       0
 2.22318       0
 2.22318       1
 2.2554        5
 2.28762       9
 2.28762       13
 2.31984       17
 2.31984       21
 2.35206       25
 2.38428       29
 2.38428       33
 2.4165        36
 2.44872       40
 2.44872       44
 2.48094       47
 2.51316       50
 2.51316       54
 2.54538       57
 2.5776        61
 2.5776        64
 2.60982       67
 2.64204       70
 2.64204       73
 2.67426       76
 2.70648       79
 2.70648       82
 2.7387        85
 2.77092       88
 2.77092       90
 2.80314       93
 2.80314       96
 2.83536       98
 2.86758       102
 2.86758       105
 2.8998        107
 2.93202       110
 2.93202       112
 2.96424       115
 2.99646       117
 2.99646       120
 3.02868       122
 3.0609        124
 3.0609        127
 3.09312       129
 3.12534       131
 3.12534       133
 3.15756       135
 3.18978       138
 3.18978       140
 3.25422       142
 3.25422       144
 3.28644       146
 3.31866       148
 3.31866       150
 3.35088       152
 3.3831        154
 3.3831        156
 3.41532       158
 3.44754       159
 3.44754       161
 3.47976       163
 3.51198       165
 3.51198       167
 3.5442        168
 3.5442        170
 3.57642       172
 3.60864       174
 3.60864       175
 3.64086       177
 3.67308       179
 3.67308       180
 3.7053        182
 3.73752       184
 3.73752       185
 3.76974       187
 3.80196       188
 3.80196       190
 3.83418       192
 3.8664        193
 3.8664        195
 3.89862       197
 3.89862       198
 3.93084       200
 3.96306       202
 3.96306       204
 3.99528       205
 4.0275        207
 4.0275        208
 4.05972       210
 4.09194       212
 4.09194       213
 4.12416       215
 4.15638       216
 4.15638       218
 4.1886        220
 4.1886        221
 4.22082       223
 4.25304       224
 4.25304       226
 4.28526       228
 4.31748       229
 4.31748       231
 4.3497        233
 4.38192       235
 4.38192       236
 4.41414       238
 4.41414       239
 4.44636       241
 4.47858       243
 4.47858       244
 4.5108        246
 4.54302       248
 4.54302       249
 4.57524       251
 4.60746       252
 4.60746       254
 4.63968       256
 4.6719        257
 4.6719        259
 4.70412       260
 4.70412       262
 4.73634       264
 4.76856       265
 4.76856       267
 4.80078       268
 4.833         270
 4.833         272
 4.86522       273
 4.89744       275
 4.89744       276
 4.92966       278
 4.96188       280
 4.96188       282
 4.9941        283
 4.9941        285
 5.02632       287
 5.05854       288
 5.05854       290
 5.09076       291
 5.12298       293
 5.12298       295
 5.1552        297
 5.18742       298
 5.18742       300
 5.21964       302
 5.21964       304
 5.25186       306
 5.28408       307
 5.28408       309
 5.3163        311
 5.34852       313
 5.34852       314
 5.38074       316
 5.41296       317
 5.41296       319
 5.44518       320
 5.44518       322
 5.4774        323
 5.50962       325
 5.50962       327
 5.54184       328
 5.57406       330
 5.57406       332
 5.60628       333
 5.6385        335
 5.6385        337
 5.67072       338
 5.67072       340
 5.70294       341
 5.73516       343
 5.73516       345
 5.76738       346
 5.7996        348
 5.7996        349
 5.83182       350
 5.86404       352
 5.86404       354
 5.89626       355
 5.89626       357
 5.92848       358
 5.9607        359
 5.9607        361
 5.99292       362
 6.02514       364
 6.02514       365
 6.05736       367
 6.05736       368
 6.08958       370
 6.1218        371
 6.1218        373
 6.15402       374
 6.18624       376
 6.18624       377
 6.21846       379
 6.25068       380
 6.25068       382
 6.2829        383
 6.2829        385
 6.31512       387
 6.34734       388
 6.34734       390
 6.37956       391
 6.41178       392
 6.41178       394
 6.444         395
 6.444         397
 6.50844       399
 6.54066       400
 6.54066       402
 6.57288       404
 6.6051        406
 6.6051        407
 6.63732       409
 6.63732       410
 6.66954       412
 6.70176       414
 6.70176       415
 6.73398       417
 6.7662        418
 6.7662        420
 6.79842       422
 6.79842       423
 6.83064       425
 6.86286       426
 6.86286       428
 6.89508       429
 6.9273        431
 6.9273        433
 6.95952       434
 6.95952       436
 6.99174       437
 7.02396       439
 7.02396       440
 7.05618       442
 7.0884        443
 7.0884        445
 7.12062       446
 7.12062       448
 7.15284       449
 7.18506       451
 7.18506       452
 7.21728       454
 7.2495        455
 7.2495        456
 7.28172       458
 7.28172       459
 7.31394       461
 7.34616       462
 7.34616       463
 7.37838       465
 7.4106        466
 7.4106        467
 7.44282       468
 7.44282       470
 7.47504       472
 7.50726       473
 7.50726       475
 7.53948       477
 7.5717        478
 7.5717        480
 7.60392       481
 7.60392       483
 7.63614       484
 7.66836       486
 7.66836       487
 7.70058       489
 7.7328        490
 7.7328        491
 7.76502       492
 7.76502       493
 7.79724       494
 7.82946       496
 7.82946       497
 7.86168       498
 7.8939        499
 7.8939        500
 7.92612       501
 7.92612       502
 7.95834       503
 7.99056       504
 7.99056       506
 8.02278       506
 8.055         508
 8.055         508
 8.08722       509
 8.08722       510
 8.11944       511
 8.15166       512
 8.15166       513
 8.18388       513
 8.18388       514
 8.2161        515
 8.24832       515
 8.24832       516
 8.28054       517
 8.31276       517
 8.31276       518
 8.34498       518
 8.34498       519
 8.3772        520
 8.40942       521
 8.40942       521
 8.44164       521
 8.44164       522
 8.47386       522
 8.50608       523
 8.50608       523
 8.5383        524
 8.57052       524
 8.57052       525
 8.60274       525
 8.60274       525
 8.63496       525
 8.66718       526
 8.66718       526
 8.6994        527
 8.73162       527
 8.73162       527
 8.76384       528
 8.76384       528
 8.79606       529
 8.82828       529
 8.82828       529
 8.8605        530
 8.89272       530
 8.89272       530
 8.92494       530
 8.92494       530
 8.95716       531
 8.98938       531
 8.98938       531
 9.0216        531
 9.0216        532
 9.05382       532
 9.08604       532
 9.08604       532
 9.11826       532
 9.15048       533
 9.15048       533
 9.1827        533
 9.1827        533
 9.21492       533
 9.24714       533
 9.24714       534
 9.27936       533
 9.27936       533
 9.31158       534
 9.3438        534
 9.3438        534
 9.37602       534
 9.40824       534
 9.40824       534
 9.44046       534
 9.44046       534
 9.47268       534
 9.5049        535
 9.5049        535
 9.53712       535
 9.53712       535
 9.56934       535
 9.60156       535
 9.60156       535
 9.63378       535
 9.63378       536
 9.666         535
 9.69822       536
 9.69822       536
 9.76266       535
 9.76266       536
 9.79488       535
 9.8271        535
 9.8271        535
 9.85932       535
 9.89154       535
 9.89154       536
 9.92376       535
 9.92376       535
 9.95598       535
 9.9882        535
 9.9882        535
 10.02042      534
 10.02042      534
 10.05264      534
 10.08486      534
 10.08486      534
 10.11708      534
 10.11708      533
 10.1493       533
 10.18152      533
 10.18152      532
 10.21374      532
 10.24596      532
 10.24596      531
 10.27818      531
 10.27818      531
 10.3104       530
 10.34262      530
 10.34262      529
 10.37484      529
 10.37484      528
 10.40706      527
 10.43928      527
 10.43928      527
 10.4715       526
 10.4715       525
 10.50372      525
 10.53594      531
 10.53594      546
 10.56816      559
 10.56816      570
 10.60038      581
 10.6326       589
 10.6326       596
 10.66482      602
 10.66482      608
 10.69704      612
 10.72926      616
 10.72926      618
 10.76148      620
 10.76148      622
 10.7937       623
 10.82592      623
 10.82592      624
 10.85814      623
 10.85814      623
 10.89036      622
 10.92258      621
 10.92258      620
 10.9548       619
 10.9548       617
 10.98702      616
 11.01924      614
 11.01924      612
 11.05146      610
 11.05146      607
 11.08368      605
 11.1159       602
 11.1159       600
 11.14812      597
 11.18034      595
 11.18034      592
 11.21256      590
 11.21256      587
 11.24478      584
 11.277        581
 11.277        578
 11.30922      575
 11.30922      573
 11.34144      570
 11.34144      566
 11.37366      563
 11.40588      560
 11.40588      557
 11.4381       553
 11.4381       550
 11.47032      546
 11.50254      543
 11.50254      539
 11.53476      536
 11.56698      532
 11.56698      528
 11.5992       525
 11.5992       521
 11.63142      517
 11.66364      513
 11.66364      509
 11.69586      505
 11.69586      500
 11.72808      496
 11.72808      491
 11.7603       487
 11.79252      482
 11.79252      478
 11.82474      473
 11.82474      469
 11.85696      464
 11.88918      459
 11.88918      454
 11.9214       449
 11.9214       443
 11.95362      438
 11.98584      432
 11.98584      426
 12.01806      420
 12.05028      414
 12.05028      407
 12.0825       399
 12.0825       393
 12.11472      385
 12.11472      378
 12.14694      371
 12.17916      362
 12.17916      355
 12.21138      346
 12.21138      337
 12.2436       328
 12.27582      319
 12.27582      310
 12.30804      299
 12.30804      289
 12.34026      278
 12.37248      268
 12.37248      257
 12.4047       246
 12.4047       235
 12.43692      223
 12.46914      211
 12.46914      199
 12.50136      188
 12.50136      176
 12.53358      164
 12.5658       154
 12.5658       144
 12.59802      133
 12.59802      123
 12.63024      113
 12.63024      103
 12.66246      94
 12.69468      85
 12.69468      76
 12.7269       68
 12.7269       61
 12.75912      53
 12.79134      46
 12.79134      38
 12.82356      31
 12.82356      25
 12.85578      18
 12.888        11
 12.888        5
 12.92022      0
 12.92022      0
 12.95244      0
 12.98466      0
 13.01688      0
 13.0491       0
 13.0491       0
 13.08132      0
 13.08132      0
 13.11354      0
 13.14576      0
 13.14576      0
 13.17798      0
 13.17798      0
 13.2102       0
 13.24242      0
 13.24242      0
 13.27464      0
 13.27464      0
 13.30686      0
 13.30686      0
 13.33908      0
 13.3713       0
 13.3713       0
 13.40352      0
 13.40352      0
 13.43574      0
 13.46796      0
 13.46796      0
 13.50018      0
 13.50018      0
 13.5324       0
 13.56462      0
 13.56462      0
 13.59684      0
 13.59684      0
 13.62906      0
 13.66128      0
 13.66128      0
 13.6935       0
 13.6935       0
 13.72572      0
 13.75794      0
 13.75794      0
 13.79016      0
 13.79016      0
 13.82238      0
 13.82238      0
 13.8546       0
 13.88682      0
 13.88682      0
 13.91904      0
 13.91904      0
 13.95126      0
 13.98348      0
 13.98348      0
 14.0157       0
 14.0157       0
 14.04792      0
 14.04792      0
 14.08014      0
 14.11236      0
 14.11236      0
 14.14458      0
 14.14458      0
 14.1768       0
 14.20902      0
 14.20902      0
 14.24124      0
 14.24124      0
 14.27346      0
 14.27346      0
 14.30568      0
 14.30568      0
 14.3379       0
 14.37012      0
 14.37012      0
 14.40234      0
 14.40234      0
 14.43456      0
 14.46678      0
 14.46678      0
 14.499        0
 14.499        0
 14.53122      0
 14.53122      0
 14.56344      0
 14.59566      0
 14.59566      0
 14.62788      0
 14.62788      0
 14.6601       0
 14.6601       0
 14.69232      0
 14.72454      0
 14.72454      0
 14.75676      0
 14.75676      0
 14.78898      0
 14.78898      0
 14.8212       0
 14.85342      0
 14.85342      0
 14.88564      0
 14.88564      0
 14.91786      0
 14.95008      0
 14.95008      0
 14.9823       0
 14.9823       0
 15.01452      0
 15.01452      0
 15.04674      0
 15.04674      0
 15.07896      0
 15.11118      0
 15.11118      0
 15.1434       0
 15.1434       0
 15.17562      0
 15.20784      0
 15.20784      0
 15.24006      0
 15.24006      0
 15.27228      0
 15.27228      0
 15.3045       0
 15.33672      0
 15.33672      0
 15.36894      0
 15.36894      0
 15.40116      0
 15.40116      0
 15.43338      0
 15.4656       0
 15.4656       0
 15.49782      0
 15.49782      0
 15.53004      0
 15.53004      0
 15.56226      0
 15.59448      0
 15.59448      0
 15.6267       0
 15.6267       0
 15.65892      0
 15.65892      0
 15.69114      0
 15.72336      0
 15.72336      0
 15.75558      0
 15.75558      0
 15.7878       0
 15.7878       0
 15.82002      0
 15.85224      0
 15.85224      0
 15.88446      0
 15.88446      0
 15.91668      0
 15.91668      0
 15.9489       0
 15.98112      0
 15.98112      0
 16.01334      0
 16.01334      0
 16.04556      0
 16.04556      0
 16.07778      0
 16.07778      0
 16.11         0
 16.14222      0
 16.14222      0
 16.17444      0
 16.17444      0
 16.20666      0
 16.23888      0
 16.2711       0
 16.2711       0
 16.30332      0
 16.33554      0
 16.33554      0
 16.36776      0
 16.36776      0
 16.39998      0
 16.39998      0
 16.4322       0
 16.46442      0
 16.46442      0
 16.49664      0
 16.49664      0
 16.52886      0
 16.52886      0
 16.56108      0
 16.5933       0
 16.5933       0
 16.62552      0
 16.62552      0
 16.65774      0
 16.65774      0
 16.68996      0
 16.68996      0
 16.72218      0
 16.7544       0
 16.7544       0
 16.78662      0
 16.78662      0
 16.81884      0
 16.81884      0
 16.85106      0
 16.88328      0
 16.88328      0
 16.9155       0
 16.9155       0
 16.94772      0
 16.94772      0
 16.97994      0
 16.97994      0
 17.01216      0
 17.04438      0
 17.04438      0
 17.0766       0
 17.0766       0
 17.10882      0
 17.10882      0
 17.14104      0
 17.14104      0
 17.17326      0
 17.20548      0
 17.20548      0
 17.2377       0
 17.2377       0
 17.26992      0
 17.26992      0
 17.30214      0
 17.33436      0
 17.33436      0
 17.36658      0
 17.36658      0
 17.3988       0
 17.3988       0
 17.43102      0
 17.43102      0
 17.46324      0
 17.46324      0
 17.49546      0
 17.52768      0
 17.52768      0
 17.5599       0
 17.5599       0
 17.59212      0
 17.59212      0
 17.62434      0
 17.65656      0
 17.65656      0
 17.68878      0
 17.68878      0
 17.721        0
 17.721        0
 17.75322      0
 17.75322      0
 17.78544      0
 17.81766      0
 17.81766      0
 17.84988      0
 17.84988      0
 17.8821       0
 17.8821       0
 17.91432      0
 17.91432      0
 17.94654      0
 17.94654      0
 17.97876      0
 18.01098      0
 18.01098      0
 18.0432       0
 18.0432       0
 18.07542      0
 18.07542      0
 18.10764      0
 18.10764      0
 18.13986      0
 18.17208      0
 18.17208      0
 18.2043       0
 18.2043       0
 18.23652      0
 18.23652      0
 18.26874      0
 18.26874      0
 18.30096      0
 18.33318      0
 18.33318      0
 18.3654       0
 18.3654       0
 18.39762      0
 18.39762      0
 18.42984      0
 18.42984      0
 18.46206      0
 18.49428      0
 18.49428      0
 18.5265       0
 18.5265       0
 18.55872      0
 18.55872      0
 18.59094      0
 18.59094      0
 18.62316      0
 18.65538      0
 18.65538      0
 18.6876       0
 18.6876       0
 18.71982      0
 18.71982      0
 18.75204      0
 18.75204      0
 18.78426      0
 18.78426      0
 18.81648      0
 18.8487       0
 18.8487       0
 18.88092      0
 18.88092      0
 18.91314      0
 18.91314      0
 18.94536      0
 18.94536      0
 18.97758      0
 18.97758      0
 19.0098       0
 19.0098       0
 19.04202      0
 19.07424      0
 19.07424      0
 19.10646      0
 19.10646      0
 19.13868      0
 19.13868      0
 19.1709       0
 19.1709       0
 19.20312      0
 19.23534      0
 19.23534      0
 19.26756      0
 19.26756      0
 19.29978      0
 19.29978      0
 19.332        0
 19.332        0
 19.36422      0
 19.36422      0
 19.39644      0
 19.42866      0
 19.42866      0
 19.46088      0
 19.46088      0
 19.52532      0
 19.52532      0
 19.55754      0
 19.55754      0
 19.58976      0
 19.58976      0
 19.62198      0
 19.62198      0
 19.6542       0
 19.6542       0
 19.68642      0
 19.68642      0
