 0             22
 0             21
 0             21
 0             20
 0             20
 0             19
 0             19
 0             18
 0             18
 0             18
 0             18
 0             17
 0             17
 0             17
 0             16
 0             16
 0             16
 0             15
 0             15
 3.222e-002    15
 3.222e-002    14
 3.222e-002    14
 6.444e-002    14
 9.666e-002    13
 9.666e-002    12
 0.12888       12
 0.12888       11
 0.1611        11
 0.1611        10
 0.19332       10
 0.19332       9
 0.22554       9
 0.25776       8
 0.25776       8
 0.28998       7
 0.28998       6
 0.3222        6
 0.35442       5
 0.35442       5
 0.38664       4
 0.41886       4
 0.41886       3
 0.45108       3
 0.45108       2
 0.4833        1
 0.51552       1
 0.51552       0
 0.54774       0
 0.57996       0
 0.57996       0
 0.61218       0
 0.6444        0
 0.6444        0
 0.67662       0
 0.67662       0
 0.70884       0
 0.74106       0
 0.74106       0
 0.77328       0
 0.8055        0
 0.8055        0
 0.83772       0
 0.86994       0
 0.86994       0
 0.90216       0
 0.93438       0
 0.93438       0
 0.9666        0
 0.9666        0
 0.99882       0
 1.03104       0
 1.03104       0
 1.06326       0
 1.09548       0
 1.09548       0
 1.1277        0
 1.15992       0
 1.15992       0
 1.19214       0
 1.22436       0
 1.22436       0
 1.25658       0
 1.2888        0
 1.2888        0
 1.32102       0
 1.32102       0
 1.35324       0
 1.38546       0
 1.38546       0
 1.41768       0
 1.4499        0
 1.4499        3
 1.48212       7
 1.51434       11
 1.51434       15
 1.54656       20
 1.57878       24
 1.57878       29
 1.611         35
 1.64322       40
 1.64322       45
 1.67544       51
 1.70766       56
 1.70766       61
 1.73988       67
 1.7721        71
 1.7721        77
 1.80432       81
 1.80432       86
 1.83654       90
 1.86876       94
 1.86876       98
 1.90098       102
 1.9332        106
 1.9332        109
 1.96542       112
 1.99764       115
 1.99764       118
 2.02986       120
 2.06208       123
 2.06208       125
 2.0943        127
 2.12652       129
 2.12652       132
 2.15874       134
 2.19096       135
 2.19096       138
 2.22318       139
 2.22318       141
 2.2554        142
 2.28762       144
 2.28762       145
 2.31984       147
 2.35206       148
 2.35206       150
 2.38428       152
 2.4165        153
 2.4165        155
 2.44872       157
 2.48094       158
 2.48094       160
 2.51316       161
 2.54538       162
 2.54538       163
 2.5776        165
 2.60982       166
 2.60982       167
 2.64204       167
 2.64204       169
 2.67426       170
 2.70648       171
 2.70648       172
 2.7387        173
 2.77092       174
 2.77092       175
 2.80314       175
 2.83536       175
 2.83536       176
 2.86758       177
 2.8998        177
 2.8998        178
 2.93202       179
 2.96424       180
 2.96424       180
 2.99646       181
 3.02868       182
 3.02868       183
 3.0609        184
 3.0609        185
 3.09312       186
 3.12534       187
 3.12534       188
 3.15756       188
 3.18978       189
 3.18978       190
 3.25422       191
 3.25422       192
 3.28644       193
 3.31866       194
 3.31866       195
 3.35088       196
 3.3831        197
 3.3831        198
 3.41532       199
 3.44754       200
 3.44754       202
 3.47976       202
 3.51198       203
 3.51198       205
 3.5442        205
 3.5442        207
 3.57642       208
 3.60864       211
 3.60864       214
 3.64086       217
 3.67308       219
 3.67308       222
 3.7053        224
 3.73752       226
 3.73752       228
 3.76974       229
 3.80196       231
 3.80196       233
 3.83418       234
 3.8664        235
 3.8664        236
 3.89862       237
 3.89862       239
 3.93084       240
 3.96306       241
 3.96306       242
 3.99528       243
 4.0275        244
 4.0275        245
 4.05972       246
 4.09194       247
 4.09194       248
 4.12416       248
 4.12416       250
 4.15638       250
 4.1886        251
 4.1886        252
 4.22082       253
 4.25304       253
 4.25304       255
 4.28526       256
 4.31748       256
 4.31748       258
 4.3497        258
 4.38192       259
 4.38192       260
 4.41414       261
 4.41414       262
 4.44636       263
 4.47858       263
 4.47858       265
 4.5108        266
 4.54302       266
 4.54302       268
 4.57524       268
 4.60746       269
 4.60746       270
 4.63968       270
 4.63968       271
 4.6719        272
 4.70412       272
 4.70412       273
 4.73634       274
 4.76856       274
 4.76856       276
 4.80078       277
 4.833         277
 4.833         279
 4.86522       280
 4.89744       280
 4.89744       281
 4.92966       282
 4.92966       283
 4.96188       284
 4.9941        285
 4.9941        286
 5.02632       287
 5.05854       288
 5.05854       289
 5.09076       290
 5.12298       291
 5.12298       292
 5.1552        293
 5.1552        294
 5.18742       295
 5.21964       296
 5.21964       297
 5.25186       298
 5.28408       299
 5.28408       300
 5.3163        301
 5.3163        303
 5.34852       304
 5.38074       305
 5.38074       306
 5.41296       307
 5.44518       308
 5.44518       309
 5.4774        310
 5.50962       311
 5.50962       311
 5.54184       313
 5.57406       313
 5.57406       314
 5.60628       316
 5.60628       316
 5.6385        317
 5.67072       319
 5.67072       319
 5.70294       320
 5.73516       321
 5.73516       322
 5.76738       323
 5.76738       324
 5.7996        324
 5.83182       326
 5.83182       326
 5.86404       327
 5.89626       328
 5.89626       329
 5.92848       330
 5.9607        331
 5.9607        331
 5.99292       333
 5.99292       334
 6.02514       335
 6.05736       336
 6.05736       337
 6.08958       338
 6.1218        339
 6.1218        339
 6.15402       340
 6.18624       342
 6.18624       342
 6.21846       343
 6.21846       344
 6.25068       344
 6.2829        345
 6.2829        346
 6.31512       346
 6.34734       347
 6.34734       347
 6.37956       347
 6.37956       348
 6.41178       348
 6.444         349
 6.444         350
 6.50844       350
 6.50844       351
 6.54066       352
 6.57288       353
 6.57288       354
 6.6051        355
 6.63732       356
 6.63732       357
 6.66954       358
 6.66954       358
 6.70176       359
 6.73398       360
 6.73398       360
 6.7662        362
 6.79842       362
 6.79842       363
 6.83064       364
 6.83064       364
 6.86286       365
 6.89508       366
 6.89508       367
 6.9273        368
 6.95952       369
 6.95952       369
 6.99174       370
 7.02396       370
 7.02396       371
 7.05618       372
 7.05618       372
 7.0884        373
 7.12062       375
 7.12062       375
 7.15284       376
 7.18506       377
 7.18506       377
 7.21728       378
 7.21728       379
 7.2495        379
 7.28172       380
 7.28172       381
 7.31394       381
 7.31394       382
 7.34616       383
 7.37838       384
 7.37838       386
 7.4106        387
 7.44282       388
 7.44282       389
 7.47504       390
 7.47504       392
 7.50726       393
 7.53948       393
 7.53948       394
 7.5717        394
 7.60392       394
 7.60392       396
 7.63614       396
 7.63614       396
 7.66836       397
 7.70058       398
 7.70058       398
 7.7328        398
 7.76502       398
 7.76502       399
 7.79724       400
 7.79724       401
 7.82946       402
 7.86168       403
 7.86168       404
 7.8939        405
 7.92612       405
 7.92612       405
 7.95834       406
 7.95834       406
 7.99056       406
 8.02278       407
 8.02278       407
 8.055         406
 8.08722       407
 8.08722       406
 8.11944       406
 8.11944       407
 8.15166       406
 8.18388       407
 8.18388       408
 8.2161        408
 8.2161        409
 8.24832       408
 8.28054       409
 8.28054       409
 8.31276       409
 8.34498       410
 8.34498       411
 8.3772        410
 8.3772        411
 8.40942       411
 8.44164       411
 8.44164       412
 8.47386       412
 8.47386       412
 8.50608       413
 8.5383        413
 8.5383        415
 8.57052       416
 8.60274       416
 8.60274       417
 8.63496       418
 8.63496       419
 8.66718       419
 8.6994        420
 8.6994        420
 8.73162       421
 8.73162       421
 8.76384       421
 8.79606       421
 8.79606       421
 8.82828       422
 8.8605        422
 8.8605        422
 8.89272       422
 8.89272       422
 8.92494       422
 8.95716       422
 8.95716       422
 8.98938       422
 8.98938       422
 9.0216        422
 9.05382       422
 9.05382       422
 9.08604       422
 9.11826       422
 9.11826       422
 9.15048       422
 9.15048       422
 9.1827        422
 9.21492       421
 9.21492       422
 9.24714       421
 9.24714       421
 9.27936       421
 9.31158       421
 9.31158       421
 9.3438        421
 9.3438        420
 9.37602       420
 9.40824       420
 9.40824       420
 9.44046       420
 9.47268       420
 9.47268       419
 9.5049        420
 9.5049        419
 9.53712       419
 9.56934       419
 9.56934       418
 9.60156       418
 9.60156       418
 9.63378       418
 9.666         418
 9.666         418
 9.69822       417
 9.73044       417
 9.76266       417
 9.79488       417
 9.79488       418
 9.8271        418
 9.8271        418
 9.85932       418
 9.89154       418
 9.89154       418
 9.92376       418
 9.92376       417
 9.95598       417
 9.9882        417
 9.9882        416
 10.02042      416
 10.05264      416
 10.05264      415
 10.08486      415
 10.08486      415
 10.11708      414
 10.1493       414
 10.1493       413
 10.18152      413
 10.18152      412
 10.21374      412
 10.24596      411
 10.24596      411
 10.27818      410
 10.27818      409
 10.3104       409
 10.34262      408
 10.34262      407
 10.37484      407
 10.37484      406
 10.40706      405
 10.43928      405
 10.43928      404
 10.4715       402
 10.4715       401
 10.50372      401
 10.53594      400
 10.53594      399
 10.56816      398
 10.60038      398
 10.60038      397
 10.6326       396
 10.6326       395
 10.66482      394
 10.69704      394
 10.69704      392
 10.72926      392
 10.72926      391
 10.76148      390
 10.7937       389
 10.7937       388
 10.82592      387
 10.82592      386
 10.85814      385
 10.89036      383
 10.89036      382
 10.92258      381
 10.92258      380
 10.9548       379
 10.98702      378
 10.98702      376
 11.01924      375
 11.01924      374
 11.05146      373
 11.08368      371
 11.08368      370
 11.1159       369
 11.1159       367
 11.14812      366
 11.18034      365
 11.18034      363
 11.21256      360
 11.21256      359
 11.24478      357
 11.277        356
 11.277        355
 11.30922      354
 11.30922      353
 11.34144      352
 11.37366      351
 11.37366      350
 11.40588      349
 11.40588      347
 11.4381       346
 11.47032      344
 11.47032      342
 11.50254      341
 11.50254      339
 11.53476      337
 11.56698      335
 11.56698      333
 11.5992       330
 11.5992       328
 11.63142      326
 11.66364      323
 11.66364      321
 11.69586      318
 11.69586      315
 11.72808      313
 11.7603       310
 11.7603       307
 11.79252      303
 11.79252      299
 11.82474      296
 11.85696      293
 11.85696      289
 11.88918      286
 11.88918      282
 11.9214       278
 11.95362      274
 11.95362      270
 11.98584      266
 11.98584      262
 12.01806      257
 12.05028      252
 12.05028      247
 12.0825       242
 12.0825       237
 12.11472      231
 12.14694      225
 12.14694      220
 12.17916      213
 12.17916      207
 12.21138      200
 12.21138      193
 12.2436       186
 12.27582      179
 12.27582      172
 12.30804      165
 12.34026      157
 12.34026      150
 12.37248      143
 12.37248      135
 12.4047       127
 12.4047       120
 12.43692      113
 12.46914      106
 12.46914      98
 12.50136      91
 12.50136      84
 12.53358      77
 12.5658       70
 12.5658       63
 12.59802      57
 12.59802      50
 12.63024      45
 12.66246      38
 12.66246      32
 12.69468      27
 12.69468      21
 12.7269       15
 12.75912      10
 12.75912      4
 12.79134      0
 12.79134      0
 12.82356      0
 12.85578      0
 12.85578      0
 12.888        0
 12.888        0
 12.92022      0
 12.92022      0
 12.95244      0
 12.98466      0
 13.01688      0
 13.0491       0
 13.0491       0
 13.08132      0
 13.08132      0
 13.11354      0
 13.14576      0
 13.14576      0
 13.17798      0
 13.17798      0
 13.2102       0
 13.24242      0
 13.24242      0
 13.27464      0
 13.27464      0
 13.30686      0
 13.33908      0
 13.33908      0
 13.3713       0
 13.3713       0
 13.40352      0
 13.43574      0
 13.43574      0
 13.46796      0
 13.46796      0
 13.50018      0
 13.5324       0
 13.5324       0
 13.56462      0
 13.56462      0
 13.59684      0
 13.59684      0
 13.62906      0
 13.66128      0
 13.66128      0
 13.6935       0
 13.6935       0
 13.72572      0
 13.72572      0
 13.75794      0
 13.79016      0
 13.79016      0
 13.82238      0
 13.82238      0
 13.8546       0
 13.88682      0
 13.88682      0
 13.91904      0
 13.91904      0
 13.95126      0
 13.95126      0
 13.98348      0
 14.0157       0
 14.0157       0
 14.04792      0
 14.04792      0
 14.08014      0
 14.11236      0
 14.11236      0
 14.14458      0
 14.14458      0
 14.1768       0
 14.1768       0
 14.20902      0
 14.24124      0
 14.24124      0
 14.27346      0
 14.27346      0
 14.30568      0
 14.30568      0
 14.3379       0
 14.37012      0
 14.37012      0
 14.40234      0
 14.40234      0
 14.43456      0
 14.46678      0
 14.46678      0
 14.499        0
 14.499        0
 14.53122      0
 14.53122      0
 14.56344      0
 14.56344      0
 14.59566      0
 14.62788      0
 14.62788      0
 14.6601       0
 14.6601       0
 14.69232      0
 14.72454      0
 14.72454      0
 14.75676      0
 14.75676      0
 14.78898      0
 14.78898      0
 14.8212       0
 14.85342      0
 14.85342      0
 14.88564      0
 14.88564      0
 14.91786      0
 14.91786      0
 14.95008      0
 14.9823       0
 14.9823       0
 15.01452      0
 15.01452      0
 15.04674      0
 15.04674      0
 15.07896      0
 15.11118      0
 15.11118      0
 15.1434       0
 15.1434       0
 15.17562      0
 15.20784      0
 15.20784      0
 15.24006      0
 15.24006      0
 15.27228      0
 15.27228      0
 15.3045       0
 15.3045       0
 15.33672      0
 15.36894      0
 15.36894      0
 15.40116      0
 15.40116      0
 15.43338      0
 15.4656       0
 15.4656       0
 15.49782      0
 15.49782      0
 15.53004      0
 15.53004      0
 15.56226      0
 15.59448      0
 15.59448      0
 15.6267       0
 15.6267       0
 15.65892      0
 15.65892      0
 15.69114      0
 15.72336      0
 15.72336      0
 15.75558      0
 15.75558      0
 15.7878       0
 15.7878       0
 15.82002      0
 15.82002      0
 15.85224      0
 15.88446      0
 15.88446      0
 15.91668      0
 15.91668      0
 15.9489       0
 15.98112      0
 15.98112      0
 16.01334      0
 16.01334      0
 16.04556      0
 16.04556      0
 16.07778      0
 16.07778      0
 16.11         0
 16.14222      0
 16.14222      0
 16.17444      0
 16.17444      0
 16.20666      0
 16.20666      0
 16.2711       0
 16.2711       0
 16.30332      0
 16.33554      0
 16.33554      0
 16.36776      0
 16.36776      0
 16.39998      0
 16.39998      0
 16.4322       0
 16.46442      0
 16.46442      0
 16.49664      0
 16.49664      0
 16.52886      0
 16.52886      0
 16.56108      0
 16.56108      0
 16.5933       0
 16.62552      0
 16.62552      0
 16.65774      0
 16.65774      0
 16.68996      0
 16.68996      0
 16.72218      0
 16.7544       0
 16.7544       0
 16.78662      0
 16.78662      0
 16.81884      0
 16.81884      0
 16.85106      0
 16.85106      0
 16.88328      0
 16.9155       0
 16.9155       0
 16.94772      0
 16.94772      0
 16.97994      0
 16.97994      0
 17.01216      0
 17.04438      0
 17.04438      0
 17.0766       0
 17.0766       0
 17.10882      0
 17.10882      0
 17.14104      0
 17.14104      0
 17.17326      0
 17.20548      0
 17.20548      0
 17.2377       0
 17.2377       0
 17.26992      0
 17.26992      0
 17.30214      0
 17.30214      0
 17.33436      0
 17.36658      0
 17.36658      0
 17.3988       0
 17.3988       0
 17.43102      0
 17.43102      0
 17.46324      0
 17.46324      0
 17.49546      0
 17.52768      0
 17.52768      0
 17.5599       0
 17.5599       0
 17.59212      0
 17.59212      0
 17.62434      0
 17.65656      0
 17.65656      0
 17.68878      0
 17.68878      0
 17.721        0
 17.721        0
 17.75322      0
 17.75322      0
 17.78544      0
 17.81766      0
 17.81766      0
 17.84988      0
 17.84988      0
 17.8821       0
 17.8821       0
 17.91432      0
 17.91432      0
 17.94654      0
 17.94654      0
 17.97876      0
 18.01098      0
 18.01098      0
 18.0432       0
 18.0432       0
 18.07542      0
 18.07542      0
 18.10764      0
 18.10764      0
 18.13986      0
 18.17208      0
 18.17208      0
 18.2043       0
 18.2043       0
 18.23652      0
 18.23652      0
 18.26874      0
 18.26874      0
 18.30096      0
 18.33318      0
 18.33318      0
 18.3654       0
 18.3654       0
 18.39762      0
 18.39762      0
 18.42984      0
 18.42984      0
 18.46206      0
 18.49428      0
 18.49428      0
 18.5265       0
 18.5265       0
 18.55872      0
 18.55872      0
 18.59094      0
 18.59094      0
 18.62316      0
 18.62316      0
 18.65538      0
 18.6876       0
 18.6876       0
 18.71982      0
 18.71982      0
 18.75204      0
 18.75204      0
 18.78426      0
 18.78426      0
 18.81648      0
 18.8487       0
 18.8487       0
 18.88092      0
 18.88092      0
 18.91314      0
 18.91314      0
 18.94536      0
 18.94536      0
 18.97758      0
 18.97758      0
 19.0098       0
 19.0098       0
 19.04202      0
 19.07424      0
 19.07424      0
 19.10646      0
 19.10646      0
 19.13868      0
 19.13868      0
 19.1709       0
 19.1709       0
 19.20312      0
 19.20312      0
 19.23534      0
 19.26756      0
 19.26756      0
 19.29978      0
 19.29978      0
 19.332        0
 19.332        0
 19.36422      0
 19.36422      0
 19.39644      0
 19.39644      0
 19.42866      0
 19.46088      0
 19.46088      0
 19.52532      0
 19.52532      0
 19.55754      0
 19.55754      0
 19.58976      0
 19.58976      0
 19.62198      0
 19.62198      0
 19.6542       0
 19.6542       0
