 0             0
 0             0
 0             0
 0             0
 0             0
 0             0
 0             0
 0             0
 0             0
 0             0
 0             0
 0             0
 0             0
 0             0
 0             0
 0             0
 0             0
 0             0
 0             0
 3.222e-002    0
 3.222e-002    0
 6.444e-002    0
 6.444e-002    0
 9.666e-002    0
 9.666e-002    0
 0.12888       0
 0.12888       0
 0.1611        0
 0.1611        0
 0.19332       0
 0.19332       0
 0.22554       0
 0.25776       0
 0.25776       0
 0.28998       0
 0.3222        0
 0.3222        0
 0.35442       0
 0.35442       0
 0.38664       0
 0.41886       0
 0.41886       0
 0.45108       0
 0.4833        0
 0.4833        0
 0.51552       0
 0.51552       0
 0.54774       0
 0.57996       0
 0.57996       0
 0.61218       0
 0.6444        0
 0.6444        0
 0.67662       0
 0.70884       0
 0.70884       0
 0.74106       0
 0.77328       0
 0.77328       0
 0.8055        0
 0.8055        0
 0.83772       0
 0.86994       0
 0.86994       0
 0.90216       0
 0.93438       0
 0.93438       0
 0.9666        0
 0.99882       0
 0.99882       0
 1.03104       0
 1.06326       0
 1.06326       0
 1.09548       0
 1.1277        0
 1.1277        0
 1.15992       0
 1.15992       0
 1.19214       0
 1.22436       0
 1.22436       0
 1.25658       0
 1.2888        0
 1.2888        0
 1.35324       0
 1.35324       0
 1.38546       0
 1.38546       0
 1.41768       0
 1.4499        0
 1.4499        0
 1.48212       0
 1.51434       0
 1.51434       0
 1.54656       0
 1.57878       0
 1.57878       0
 1.611         0
 1.64322       0
 1.64322       0
 1.67544       0
 1.70766       0
 1.70766       0
 1.73988       0
 1.7721        0
 1.7721        0
 1.80432       0
 1.83654       0
 1.83654       0
 1.86876       0
 1.90098       0
 1.90098       0
 1.9332        0
 1.9332        0
 1.96542       0
 1.99764       0
 1.99764       0
 2.02986       0
 2.06208       0
 2.06208       0
 2.0943        0
 2.12652       1
 2.12652       3
 2.15874       6
 2.19096       8
 2.19096       10
 2.22318       12
 2.2554        14
 2.2554        16
 2.28762       18
 2.31984       19
 2.31984       21
 2.35206       23
 2.38428       25
 2.38428       26
 2.4165        28
 2.4165        29
 2.44872       31
 2.48094       32
 2.48094       34
 2.51316       35
 2.54538       36
 2.54538       38
 2.5776        39
 2.60982       40
 2.60982       42
 2.64204       43
 2.67426       44
 2.67426       46
 2.70648       47
 2.7387        48
 2.7387        49
 2.77092       50
 2.80314       52
 2.80314       53
 2.83536       54
 2.86758       55
 2.86758       56
 2.8998        57
 2.8998        59
 2.93202       60
 2.96424       60
 2.96424       62
 2.99646       63
 3.02868       64
 3.02868       65
 3.0609        66
 3.09312       67
 3.09312       68
 3.12534       69
 3.15756       70
 3.15756       71
 3.18978       72
 3.222         73
 3.25422       74
 3.28644       75
 3.28644       76
 3.31866       77
 3.35088       78
 3.35088       79
 3.3831        79
 3.41532       80
 3.41532       81
 3.44754       82
 3.47976       83
 3.47976       84
 3.51198       85
 3.5442        86
 3.5442        87
 3.57642       87
 3.57642       88
 3.60864       89
 3.64086       90
 3.64086       91
 3.67308       92
 3.7053        93
 3.7053        94
 3.73752       94
 3.76974       95
 3.76974       96
 3.80196       97
 3.83418       98
 3.83418       99
 3.8664        99
 3.89862       101
 3.89862       102
 3.93084       102
 3.93084       103
 3.96306       104
 3.99528       105
 3.99528       106
 4.0275        107
 4.05972       107
 4.05972       108
 4.09194       109
 4.12416       110
 4.12416       111
 4.15638       112
 4.1886        113
 4.1886        113
 4.22082       114
 4.22082       115
 4.25304       116
 4.28526       117
 4.28526       118
 4.31748       118
 4.3497        119
 4.3497        120
 4.38192       121
 4.41414       122
 4.41414       123
 4.44636       124
 4.47858       125
 4.47858       125
 4.5108        126
 4.54302       127
 4.54302       128
 4.57524       129
 4.57524       130
 4.60746       130
 4.63968       131
 4.63968       132
 4.6719        133
 4.70412       134
 4.70412       135
 4.73634       135
 4.76856       136
 4.76856       137
 4.80078       138
 4.80078       139
 4.833         140
 4.86522       140
 4.86522       141
 4.89744       142
 4.92966       143
 4.92966       144
 4.96188       144
 4.9941        145
 4.9941        146
 5.02632       146
 5.05854       147
 5.05854       148
 5.09076       149
 5.09076       150
 5.12298       150
 5.1552        151
 5.1552        152
 5.18742       153
 5.21964       153
 5.21964       154
 5.25186       155
 5.28408       155
 5.28408       156
 5.3163        157
 5.3163        158
 5.34852       158
 5.38074       159
 5.38074       160
 5.41296       160
 5.44518       161
 5.44518       162
 5.4774        162
 5.50962       163
 5.50962       164
 5.54184       164
 5.57406       165
 5.57406       166
 5.60628       166
 5.60628       167
 5.6385        168
 5.67072       169
 5.67072       169
 5.70294       170
 5.73516       171
 5.73516       172
 5.76738       172
 5.7996        173
 5.7996        174
 5.83182       174
 5.83182       175
 5.86404       176
 5.89626       176
 5.89626       177
 5.92848       178
 5.9607        179
 5.9607        179
 5.99292       180
 5.99292       181
 6.02514       182
 6.05736       182
 6.05736       183
 6.08958       184
 6.1218        184
 6.1218        185
 6.15402       186
 6.18624       186
 6.18624       187
 6.21846       188
 6.21846       188
 6.25068       189
 6.2829        190
 6.2829        191
 6.31512       192
 6.34734       192
 6.34734       193
 6.37956       194
 6.41178       194
 6.41178       195
 6.444         196
 6.444         197
 6.50844       197
 6.54066       198
 6.54066       199
 6.57288       200
 6.57288       200
 6.6051        201
 6.63732       203
 6.63732       203
 6.66954       204
 6.70176       205
 6.70176       205
 6.73398       206
 6.7662        207
 6.7662        207
 6.79842       208
 6.79842       209
 6.83064       209
 6.86286       210
 6.86286       211
 6.89508       211
 6.9273        212
 6.9273        213
 6.95952       213
 6.95952       214
 6.99174       215
 7.02396       215
 7.02396       216
 7.05618       216
 7.0884        217
 7.0884        218
 7.12062       218
 7.15284       219
 7.15284       220
 7.18506       220
 7.18506       221
 7.21728       221
 7.2495        222
 7.2495        222
 7.28172       223
 7.31394       223
 7.31394       224
 7.34616       224
 7.34616       224
 7.37838       225
 7.4106        225
 7.4106        226
 7.44282       226
 7.47504       227
 7.47504       227
 7.50726       228
 7.50726       228
 7.53948       228
 7.5717        229
 7.5717        229
 7.60392       230
 7.63614       230
 7.63614       230
 7.66836       231
 7.66836       231
 7.70058       231
 7.7328        231
 7.7328        231
 7.76502       232
 7.79724       232
 7.79724       232
 7.82946       232
 7.82946       232
 7.86168       232
 7.8939        233
 7.8939        233
 7.92612       233
 7.95834       233
 7.95834       233
 7.99056       233
 7.99056       233
 8.02278       233
 8.055         233
 8.055         233
 8.08722       233
 8.11944       233
 8.11944       233
 8.15166       233
 8.15166       233
 8.18388       233
 8.2161        232
 8.2161        233
 8.24832       232
 8.28054       232
 8.28054       232
 8.31276       232
 8.31276       232
 8.34498       231
 8.3772        231
 8.3772        231
 8.40942       231
 8.40942       230
 8.44164       230
 8.47386       230
 8.47386       229
 8.50608       229
 8.5383        229
 8.5383        228
 8.57052       228
 8.57052       227
 8.60274       227
 8.63496       227
 8.63496       226
 8.66718       226
 8.6994        226
 8.6994        225
 8.73162       225
 8.73162       224
 8.76384       224
 8.79606       224
 8.79606       223
 8.82828       222
 8.8605        222
 8.8605        221
 8.89272       221
 8.89272       220
 8.92494       219
 8.95716       219
 8.95716       218
 8.98938       218
 8.98938       217
 9.0216        217
 9.05382       216
 9.05382       215
 9.08604       215
 9.11826       214
 9.11826       213
 9.15048       212
 9.15048       212
 9.1827        211
 9.21492       211
 9.21492       210
 9.24714       209
 9.24714       209
 9.27936       208
 9.31158       207
 9.31158       207
 9.3438        206
 9.37602       205
 9.37602       205
 9.40824       204
 9.40824       203
 9.44046       203
 9.47268       202
 9.47268       200
 9.5049        200
 9.5049        199
 9.53712       198
 9.56934       198
 9.56934       197
 9.60156       196
 9.63378       195
 9.63378       194
 9.666         194
 9.666         193
 9.69822       192
 9.76266       191
 9.76266       190
 9.79488       189
 9.79488       188
 9.8271        188
 9.85932       187
 9.85932       187
 9.89154       186
 9.89154       185
 9.92376       185
 9.95598       184
 9.95598       183
 9.9882        183
 10.02042      182
 10.02042      181
 10.05264      180
 10.05264      179
 10.08486      179
 10.11708      178
 10.11708      177
 10.1493       176
 10.1493       175
 10.18152      174
 10.21374      174
 10.21374      173
 10.24596      172
 10.27818      171
 10.27818      170
 10.3104       169
 10.3104       169
 10.34262      167
 10.37484      167
 10.37484      166
 10.40706      165
 10.40706      164
 10.43928      163
 10.4715       162
 10.4715       161
 10.50372      160
 10.50372      159
 10.53594      158
 10.56816      157
 10.56816      156
 10.60038      155
 10.60038      154
 10.6326       153
 10.66482      152
 10.66482      151
 10.69704      150
 10.69704      149
 10.72926      148
 10.76148      147
 10.76148      146
 10.7937       145
 10.82592      145
 10.82592      144
 10.85814      143
 10.85814      142
 10.89036      141
 10.92258      140
 10.92258      139
 10.9548       138
 10.9548       137
 10.98702      136
 11.01924      135
 11.01924      134
 11.05146      133
 11.05146      131
 11.08368      130
 11.1159       129
 11.1159       128
 11.14812      127
 11.14812      126
 11.18034      124
 11.21256      123
 11.21256      122
 11.24478      121
 11.24478      120
 11.277        118
 11.30922      117
 11.30922      116
 11.34144      114
 11.34144      113
 11.37366      112
 11.40588      111
 11.40588      109
 11.4381       108
 11.47032      107
 11.47032      105
 11.50254      104
 11.50254      102
 11.53476      100
 11.56698      98
 11.56698      97
 11.5992       95
 11.5992       94
 11.63142      92
 11.66364      90
 11.66364      89
 11.69586      87
 11.69586      86
 11.72808      84
 11.7603       82
 11.7603       80
 11.79252      79
 11.79252      77
 11.82474      75
 11.85696      73
 11.85696      71
 11.88918      69
 11.88918      67
 11.9214       65
 11.95362      63
 11.95362      61
 11.98584      59
 11.98584      56
 12.01806      54
 12.05028      51
 12.05028      49
 12.0825       46
 12.0825       44
 12.11472      41
 12.14694      38
 12.14694      35
 12.17916      31
 12.17916      28
 12.21138      25
 12.2436       21
 12.2436       18
 12.27582      14
 12.27582      10
 12.30804      6
 12.34026      2
 12.34026      0
 12.37248      0
 12.37248      0
 12.4047       0
 12.43692      0
 12.43692      0
 12.46914      0
 12.46914      0
 12.50136      0
 12.53358      0
 12.53358      0
 12.5658       0
 12.5658       0
 12.59802      0
 12.63024      0
 12.63024      0
 12.66246      0
 12.66246      0
 12.69468      0
 12.7269       0
 12.7269       0
 12.75912      0
 12.75912      0
 12.79134      0
 12.82356      0
 12.82356      0
 12.85578      0
 12.85578      0
 12.888        0
 12.888        0
 12.92022      0
 12.95244      0
 12.95244      0
 13.01688      0
 13.01688      0
 13.0491       0
 13.08132      0
 13.08132      0
 13.11354      0
 13.11354      0
 13.14576      0
 13.17798      0
 13.17798      0
 13.2102       0
 13.2102       0
 13.24242      0
 13.24242      0
 13.27464      0
 13.30686      0
 13.30686      0
 13.33908      0
 13.33908      0
 13.3713       0
 13.40352      0
 13.40352      0
 13.43574      0
 13.43574      0
 13.46796      0
 13.50018      0
 13.50018      0
 13.5324       0
 13.5324       0
 13.56462      0
 13.59684      0
 13.59684      0
 13.62906      0
 13.62906      0
 13.66128      0
 13.66128      0
 13.6935       0
 13.72572      0
 13.72572      0
 13.75794      0
 13.75794      0
 13.79016      0
 13.82238      0
 13.82238      0
 13.8546       0
 13.8546       0
 13.88682      0
 13.91904      0
 13.91904      0
 13.95126      0
 13.95126      0
 13.98348      0
 14.0157       0
 14.0157       0
 14.04792      0
 14.04792      0
 14.08014      0
 14.08014      0
 14.11236      0
 14.14458      0
 14.14458      0
 14.1768       0
 14.1768       0
 14.20902      0
 14.24124      0
 14.24124      0
 14.27346      0
 14.27346      0
 14.30568      0
 14.3379       0
 14.3379       0
 14.37012      0
 14.37012      0
 14.40234      0
 14.40234      0
 14.43456      0
 14.46678      0
 14.46678      0
 14.499        0
 14.499        0
 14.53122      0
 14.53122      0
 14.56344      0
 14.59566      0
 14.59566      0
 14.62788      0
 14.62788      0
 14.6601       0
 14.6601       0
 14.69232      0
 14.72454      0
 14.72454      0
 14.75676      0
 14.75676      0
 14.78898      0
 14.78898      0
 14.8212       0
 14.85342      0
 14.85342      0
 14.88564      0
 14.88564      0
 14.91786      0
 14.95008      0
 14.95008      0
 14.9823       0
 14.9823       0
 15.01452      0
 15.01452      0
 15.04674      0
 15.07896      0
 15.07896      0
 15.11118      0
 15.11118      0
 15.1434       0
 15.1434       0
 15.17562      0
 15.20784      0
 15.20784      0
 15.24006      0
 15.24006      0
 15.27228      0
 15.3045       0
 15.3045       0
 15.33672      0
 15.33672      0
 15.36894      0
 15.36894      0
 15.40116      0
 15.43338      0
 15.43338      0
 15.4656       0
 15.4656       0
 15.49782      0
 15.49782      0
 15.53004      0
 15.56226      0
 15.56226      0
 15.59448      0
 15.59448      0
 15.6267       0
 15.6267       0
 15.65892      0
 15.69114      0
 15.69114      0
 15.72336      0
 15.72336      0
 15.75558      0
 15.75558      0
 15.7878       0
 15.82002      0
 15.82002      0
 15.85224      0
 15.85224      0
 15.88446      0
 15.91668      0
 15.91668      0
 15.9489       0
 15.9489       0
 15.98112      0
 15.98112      0
 16.01334      0
 16.04556      0
 16.04556      0
 16.07778      0
 16.07778      0
 16.11         0
 16.11         0
 16.14222      0
 16.17444      0
 16.17444      0
 16.20666      0
 16.20666      0
 16.2711       0
 16.2711       0
 16.30332      0
 16.30332      0
 16.33554      0
 16.36776      0
 16.36776      0
 16.39998      0
 16.39998      0
 16.4322       0
 16.4322       0
 16.46442      0
 16.49664      0
 16.49664      0
 16.52886      0
 16.52886      0
 16.56108      0
 16.56108      0
 16.5933       0
 16.62552      0
 16.62552      0
 16.65774      0
 16.65774      0
 16.68996      0
 16.68996      0
 16.72218      0
 16.72218      0
 16.7544       0
 16.78662      0
 16.78662      0
 16.81884      0
 16.81884      0
 16.85106      0
 16.85106      0
 16.88328      0
 16.9155       0
 16.9155       0
 16.94772      0
 16.94772      0
 16.97994      0
 16.97994      0
 17.01216      0
 17.04438      0
 17.04438      0
 17.0766       0
 17.0766       0
 17.10882      0
 17.10882      0
 17.14104      0
 17.17326      0
 17.17326      0
 17.20548      0
 17.20548      0
 17.2377       0
 17.2377       0
 17.26992      0
 17.30214      0
 17.30214      0
 17.33436      0
 17.33436      0
 17.36658      0
 17.36658      0
 17.3988       0
 17.3988       0
 17.43102      0
 17.46324      0
 17.46324      0
 17.49546      0
 17.49546      0
 17.52768      0
 17.52768      0
 17.5599       0
 17.59212      0
 17.59212      0
 17.62434      0
 17.62434      0
 17.65656      0
 17.65656      0
 17.68878      0
 17.68878      0
 17.721        0
 17.75322      0
 17.75322      0
 17.78544      0
 17.78544      0
 17.81766      0
 17.81766      0
 17.84988      0
 17.84988      0
 17.8821       0
 17.91432      0
 17.91432      0
 17.94654      0
 17.94654      0
 17.97876      0
 17.97876      0
 18.01098      0
 18.0432       0
 18.0432       0
 18.07542      0
 18.07542      0
 18.10764      0
 18.10764      0
 18.13986      0
 18.13986      0
 18.17208      0
 18.17208      0
 18.2043       0
 18.23652      0
 18.23652      0
 18.26874      0
 18.26874      0
 18.30096      0
 18.30096      0
 18.33318      0
 18.3654       0
 18.3654       0
 18.39762      0
 18.39762      0
 18.42984      0
 18.42984      0
 18.46206      0
 18.46206      0
 18.49428      0
 18.5265       0
 18.5265       0
 18.55872      0
 18.55872      0
 18.59094      0
 18.59094      0
 18.62316      0
 18.62316      0
 18.65538      0
 18.6876       0
 18.6876       0
 18.71982      0
 18.71982      0
 18.75204      0
 18.75204      0
 18.78426      0
 18.78426      0
 18.81648      0
 18.8487       0
 18.8487       0
 18.88092      0
 18.88092      0
 18.91314      0
 18.91314      0
 18.94536      0
 18.94536      0
 18.97758      0
 18.97758      0
 19.0098       0
 19.04202      0
 19.04202      0
 19.07424      0
 19.07424      0
 19.10646      0
 19.10646      0
 19.13868      0
 19.13868      0
 19.1709       0
 19.20312      0
 19.20312      0
 19.23534      0
 19.23534      0
 19.26756      0
 19.26756      0
 19.29978      0
 19.29978      0
 19.332        0
 19.36422      0
 19.36422      0
 19.39644      0
 19.39644      0
 19.42866      0
 19.42866      0
 19.46088      0
 19.46088      0
 19.52532      0
 19.52532      0
 19.55754      0
 19.55754      0
 19.58976      0
 19.58976      0
 19.62198      0
 19.6542       0
 19.6542       0
 19.68642      0
 19.68642      0
 19.71864      0
 19.71864      0
 19.75086      0
 19.75086      0
 19.78308      0
 19.78308      0
