 0             0
 0             0
 0             0
 0             0
 0             0
 0             0
 0             0
 0             0
 0             0
 0             0
 0             0
 0             0
 0             0
 0             0
 0             0
 0             0
 0             0
 0             0
 0             0
 0             0
 0             0
 0             0
 0             0
 0             0
 0             0
 0             0
 3.222e-002    0
 3.222e-002    0
 3.222e-002    0
 6.444e-002    0
 6.444e-002    0
 6.444e-002    0
 9.666e-002    0
 9.666e-002    0
 9.666e-002    0
 0.12888       0
 0.12888       0
 0.1611        0
 0.1611        0
 0.1611        0
 0.19332       0
 0.19332       0
 0.22554       0
 0.22554       0
 0.25776       0
 0.25776       0
 0.25776       0
 0.28998       0
 0.28998       0
 0.3222        0
 0.3222        0
 0.35442       0
 0.35442       0
 0.35442       0
 0.38664       0
 0.38664       0
 0.41886       0
 0.41886       0
 0.45108       0
 0.45108       0
 0.4833        0
 0.4833        0
 0.51552       0
 0.51552       0
 0.51552       0
 0.54774       0
 0.54774       0
 0.57996       0
 0.57996       0
 0.61218       0
 0.61218       0
 0.6444        0
 0.6444        0
 0.67662       0
 0.67662       0
 0.67662       0
 0.70884       0
 0.70884       0
 0.74106       0
 0.74106       0
 0.77328       0
 0.77328       0
 0.8055        0
 0.8055        0
 0.83772       0
 0.83772       0
 0.86994       0
 0.86994       0
 0.86994       0
 0.90216       0
 0.90216       0
 0.93438       0
 0.93438       0
 0.9666        0
 0.9666        0
 0.99882       0
 0.99882       0
 1.03104       0
 1.03104       0
 1.06326       0
 1.06326       0
 1.09548       0
 1.09548       0
 1.09548       0
 1.1277        0
 1.1277        0
 1.15992       0
 1.15992       0
 1.19214       0
 1.19214       0
 1.22436       0
 1.22436       0
 1.25658       0
 1.25658       0
 1.2888        0
 1.2888        0
 1.32102       0
 1.32102       0
 1.35324       0
 1.35324       0
 1.35324       0
 1.38546       0
 1.38546       0
 1.41768       0
 1.41768       0
 1.4499        0
 1.4499        0
 1.48212       0
 1.48212       0
 1.51434       0
 1.51434       0
 1.54656       0
 1.54656       0
 1.57878       0
 1.57878       0
 1.57878       0
 1.611         0
 1.611         0
 1.64322       1
 1.64322       1
 1.67544       2
 1.67544       2
 1.70766       3
 1.70766       4
 1.73988       4
 1.73988       5
 1.7721        6
 1.7721        6
 1.80432       7
 1.80432       8
 1.80432       9
 1.83654       10
 1.83654       11
 1.86876       12
 1.86876       13
 1.90098       14
 1.90098       15
 1.9332        16
 1.9332        17
 1.96542       18
 1.96542       19
 1.99764       20
 1.99764       21
 1.99764       23
 2.02986       24
 2.02986       25
 2.06208       26
 2.06208       28
 2.0943        29
 2.0943        30
 2.12652       32
 2.12652       33
 2.15874       35
 2.15874       37
 2.19096       38
 2.19096       40
 2.19096       42
 2.22318       43
 2.22318       45
 2.2554        47
 2.2554        49
 2.28762       51
 2.28762       53
 2.31984       55
 2.31984       58
 2.35206       60
 2.35206       62
 2.38428       64
 2.38428       66
 2.38428       69
 2.4165        71
 2.4165        73
 2.44872       76
 2.44872       78
 2.48094       80
 2.48094       83
 2.51316       85
 2.51316       87
 2.54538       89
 2.54538       91
 2.5776        94
 2.5776        96
 2.5776        98
 2.60982       100
 2.60982       102
 2.64204       104
 2.64204       106
 2.67426       108
 2.67426       110
 2.70648       112
 2.70648       114
 2.7387        116
 2.7387        118
 2.77092       120
 2.77092       122
 2.77092       124
 2.80314       126
 2.80314       128
 2.83536       130
 2.83536       132
 2.86758       134
 2.86758       136
 2.8998        138
 2.8998        140
 2.93202       143
 2.93202       145
 2.93202       147
 2.96424       149
 2.96424       151
 2.99646       154
 2.99646       156
 3.02868       158
 3.02868       160
 3.0609        163
 3.0609        165
 3.09312       168
 3.09312       170
 3.12534       173
 3.12534       175
 3.12534       178
 3.15756       180
 3.15756       183
 3.18978       185
 3.18978       188
 3.222         190
 3.25422       193
 3.25422       196
 3.28644       198
 3.28644       202
 3.31866       204
 3.31866       207
 3.35088       210
 3.35088       213
 3.3831        215
 3.3831        218
 3.41532       221
 3.41532       224
 3.41532       227
 3.44754       230
 3.44754       232
 3.47976       235
 3.47976       238
 3.51198       241
 3.51198       243
 3.5442        246
 3.5442        249
 3.57642       252
 3.57642       255
 3.60864       257
 3.60864       260
 3.60864       263
 3.64086       266
 3.64086       269
 3.67308       271
 3.67308       274
 3.7053        277
 3.7053        280
 3.73752       282
 3.73752       285
 3.76974       288
 3.76974       290
 3.76974       293
 3.80196       296
 3.80196       298
 3.83418       301
 3.83418       304
 3.8664        307
 3.8664        310
 3.89862       312
 3.89862       315
 3.89862       317
 3.93084       320
 3.93084       323
 3.96306       325
 3.96306       328
 3.99528       330
 3.99528       332
 4.0275        335
 4.0275        337
 4.05972       339
 4.05972       342
 4.05972       344
 4.09194       346
 4.09194       349
 4.12416       351
 4.12416       353
 4.15638       355
 4.15638       358
 4.1886        360
 4.1886        362
 4.1886        364
 4.22082       366
 4.22082       368
 4.25304       370
 4.25304       372
 4.28526       374
 4.28526       376
 4.31748       378
 4.31748       380
 4.3497        382
 4.3497        384
 4.38192       386
 4.38192       388
 4.38192       390
 4.41414       392
 4.41414       394
 4.44636       395
 4.44636       397
 4.47858       399
 4.47858       401
 4.5108        402
 4.5108        405
 4.5108        406
 4.54302       408
 4.54302       409
 4.57524       411
 4.57524       413
 4.60746       414
 4.60746       416
 4.63968       417
 4.63968       419
 4.63968       420
 4.6719        422
 4.6719        424
 4.70412       425
 4.70412       427
 4.73634       428
 4.73634       429
 4.76856       431
 4.76856       432
 4.80078       434
 4.80078       435
 4.80078       436
 4.833         438
 4.833         439
 4.86522       440
 4.86522       442
 4.89744       443
 4.89744       444
 4.92966       446
 4.92966       447
 4.92966       448
 4.96188       449
 4.96188       450
 4.9941        451
 4.9941        453
 5.02632       454
 5.02632       455
 5.05854       456
 5.05854       457
 5.09076       458
 5.09076       459
 5.09076       460
 5.12298       461
 5.12298       462
 5.1552        464
 5.1552        465
 5.18742       466
 5.18742       467
 5.21964       468
 5.21964       469
 5.21964       470
 5.25186       471
 5.25186       472
 5.28408       473
 5.28408       473
 5.3163        474
 5.3163        475
 5.34852       476
 5.34852       477
 5.34852       478
 5.38074       479
 5.38074       480
 5.41296       481
 5.41296       481
 5.44518       482
 5.44518       483
 5.4774        484
 5.4774        485
 5.4774        486
 5.50962       487
 5.50962       488
 5.54184       488
 5.54184       489
 5.57406       490
 5.57406       491
 5.60628       492
 5.60628       492
 5.60628       493
 5.6385        494
 5.6385        495
 5.67072       495
 5.67072       496
 5.70294       497
 5.70294       498
 5.73516       499
 5.73516       499
 5.76738       500
 5.76738       501
 5.76738       501
 5.7996        502
 5.7996        503
 5.83182       504
 5.83182       505
 5.86404       506
 5.86404       507
 5.89626       507
 5.89626       508
 5.89626       509
 5.92848       509
 5.92848       510
 5.9607        511
 5.9607        511
 5.99292       512
 5.99292       512
 6.02514       513
 6.02514       514
 6.02514       514
 6.05736       515
 6.05736       516
 6.08958       516
 6.08958       517
 6.1218        517
 6.1218        518
 6.15402       519
 6.15402       519
 6.18624       520
 6.18624       521
 6.18624       521
 6.21846       522
 6.21846       522
 6.25068       523
 6.25068       523
 6.2829        524
 6.2829        525
 6.31512       525
 6.31512       526
 6.34734       526
 6.34734       527
 6.34734       527
 6.37956       528
 6.37956       529
 6.41178       529
 6.41178       530
 6.444         530
 6.444         531
 6.47622       531
 6.50844       532
 6.50844       532
 6.54066       533
 6.54066       533
 6.57288       534
 6.57288       534
 6.6051        535
 6.6051        535
 6.6051        536
 6.63732       536
 6.63732       537
 6.66954       537
 6.66954       538
 6.70176       538
 6.70176       539
 6.73398       539
 6.73398       540
 6.73398       540
 6.7662        541
 6.7662        541
 6.79842       541
 6.79842       542
 6.83064       542
 6.83064       543
 6.83064       543
 6.86286       543
 6.86286       544
 6.89508       544
 6.89508       545
 6.9273        545
 6.9273        545
 6.95952       545
 6.95952       546
 6.95952       546
 6.99174       546
 6.99174       546
 7.02396       547
 7.02396       547
 7.05618       547
 7.05618       547
 7.05618       547
 7.0884        547
 7.0884        547
 7.12062       547
 7.12062       548
 7.15284       548
 7.15284       548
 7.18506       548
 7.18506       548
 7.18506       548
 7.21728       548
 7.21728       548
 7.2495        548
 7.2495        548
 7.28172       548
 7.28172       548
 7.28172       547
 7.31394       547
 7.31394       547
 7.34616       547
 7.34616       547
 7.37838       547
 7.37838       546
 7.4106        546
 7.4106        546
 7.4106        546
 7.44282       545
 7.44282       545
 7.47504       545
 7.47504       545
 7.50726       544
 7.50726       544
 7.50726       544
 7.53948       543
 7.53948       543
 7.5717        542
 7.5717        542
 7.60392       541
 7.60392       541
 7.60392       541
 7.63614       540
 7.63614       540
 7.66836       539
 7.66836       539
 7.70058       538
 7.70058       538
 7.70058       537
 7.7328        537
 7.7328        536
 7.76502       535
 7.76502       535
 7.79724       534
 7.79724       533
 7.82946       533
 7.82946       532
 7.82946       531
 7.86168       530
 7.86168       530
 7.8939        529
 7.8939        528
 7.92612       527
 7.92612       527
 7.92612       526
 7.95834       525
 7.95834       524
 7.99056       523
 7.99056       522
 8.02278       521
 8.02278       520
 8.02278       519
 8.055         518
 8.055         517
 8.08722       516
 8.08722       515
 8.11944       514
 8.11944       514
 8.11944       512
 8.15166       511
 8.15166       510
 8.18388       509
 8.18388       508
 8.2161        507
 8.2161        506
 8.2161        505
 8.24832       503
 8.24832       502
 8.28054       501
 8.28054       500
 8.31276       499
 8.31276       498
 8.31276       497
 8.34498       496
 8.34498       495
 8.3772        493
 8.3772        492
 8.40942       491
 8.40942       490
 8.44164       489
 8.44164       488
 8.44164       486
 8.47386       485
 8.47386       484
 8.50608       483
 8.50608       482
 8.5383        481
 8.5383        479
 8.5383        478
 8.57052       477
 8.57052       476
 8.60274       475
 8.60274       473
 8.63496       472
 8.63496       471
 8.63496       470
 8.66718       468
 8.66718       467
 8.6994        466
 8.6994        465
 8.73162       463
 8.73162       462
 8.73162       461
 8.76384       460
 8.76384       458
 8.79606       457
 8.79606       456
 8.82828       455
 8.82828       453
 8.82828       452
 8.8605        451
 8.8605        450
 8.89272       448
 8.89272       447
 8.92494       446
 8.92494       444
 8.95716       443
 8.95716       442
 8.95716       440
 8.98938       439
 8.98938       438
 9.0216        437
 9.0216        435
 9.05382       434
 9.05382       433
 9.05382       431
 9.08604       430
 9.08604       429
 9.11826       428
 9.11826       426
 9.15048       425
 9.15048       424
 9.15048       422
 9.1827        421
 9.1827        420
 9.21492       419
 9.21492       417
 9.21492       416
 9.24714       415
 9.24714       413
 9.27936       412
 9.27936       411
 9.31158       409
 9.31158       408
 9.31158       407
 9.3438        405
 9.3438        404
 9.37602       402
 9.37602       401
 9.40824       399
 9.40824       398
 9.40824       397
 9.44046       396
 9.44046       394
 9.47268       393
 9.47268       392
 9.5049        392
 9.5049        391
 9.5049        390
 9.53712       388
 9.53712       387
 9.56934       385
 9.56934       384
 9.56934       382
 9.60156       381
 9.60156       379
 9.63378       378
 9.63378       376
 9.666         375
 9.666         373
 9.666         372
 9.69822       370
 9.69822       369
 9.76266       368
 9.76266       366
 9.76266       365
 9.79488       364
 9.79488       362
 9.8271        361
 9.8271        360
 9.85932       358
 9.85932       357
 9.85932       356
 9.89154       354
 9.89154       353
 9.92376       352
 9.92376       351
 9.95598       349
 9.95598       348
 9.95598       347
 9.9882        346
 9.9882        344
 10.02042      343
 10.02042      342
 10.05264      340
 10.05264      339
 10.05264      338
 10.08486      337
 10.08486      335
 10.11708      334
 10.11708      333
 10.11708      332
 10.1493       330
 10.1493       329
 10.18152      328
 10.18152      327
 10.21374      325
 10.21374      324
 10.21374      323
 10.24596      322
 10.24596      321
 10.27818      320
 10.27818      318
 10.3104       317
 10.3104       316
 10.3104       315
 10.34262      314
 10.34262      312
 10.37484      311
 10.37484      310
 10.37484      309
 10.40706      308
 10.40706      306
 10.43928      306
 10.43928      305
 10.43928      304
 10.4715       302
 10.4715       300
 10.50372      299
 10.50372      298
 10.53594      297
 10.53594      296
 10.53594      295
 10.56816      293
 10.56816      292
 10.60038      290
 10.60038      289
 10.6326       287
 10.6326       286
 10.6326       284
 10.66482      283
 10.66482      281
 10.69704      280
 10.69704      279
 10.69704      277
 10.72926      276
 10.72926      275
 10.76148      274
 10.76148      273
 10.7937       272
 10.7937       271
 10.7937       270
 10.82592      268
 10.82592      267
 10.85814      266
 10.85814      265
 10.85814      264
 10.89036      263
 10.89036      262
 10.92258      261
 10.92258      259
 10.9548       258
 10.9548       257
 10.9548       256
 10.98702      255
 10.98702      254
 11.01924      253
 11.01924      251
 11.05146      250
 11.05146      249
 11.05146      248
 11.08368      246
 11.08368      245
 11.1159       244
 11.1159       242
 11.1159       241
 11.14812      240
 11.14812      238
 11.18034      237
 11.18034      236
 11.18034      234
 11.21256      233
 11.21256      231
 11.24478      230
 11.24478      229
 11.277        227
 11.277        226
 11.277        224
 11.30922      223
 11.30922      222
 11.34144      220
 11.34144      219
 11.34144      217
 11.37366      216
 11.37366      215
 11.40588      213
 11.40588      212
 11.4381       210
 11.4381       209
 11.4381       207
 11.47032      206
 11.47032      204
 11.50254      202
 11.50254      200
 11.50254      199
 11.53476      197
 11.53476      195
 11.56698      194
 11.56698      192
 11.5992       191
 11.5992       190
 11.5992       188
 11.63142      186
 11.63142      185
 11.66364      183
 11.66364      182
 11.66364      180
 11.69586      178
 11.69586      176
 11.72808      175
 11.72808      173
 11.72808      171
 11.7603       170
 11.7603       168
 11.79252      166
 11.79252      165
 11.82474      163
 11.82474      161
 11.82474      160
 11.85696      158
 11.85696      157
 11.88918      155
 11.88918      153
 11.88918      152
 11.9214       150
 11.9214       149
 11.95362      147
 11.95362      146
 11.98584      144
 11.98584      143
 11.98584      141
 12.01806      140
 12.01806      138
 12.05028      137
 12.05028      135
 12.05028      134
 12.0825       132
 12.0825       131
 12.11472      130
 12.11472      128
 12.11472      127
 12.14694      126
 12.14694      124
 12.17916      123
 12.17916      122
 12.17916      120
 12.21138      119
 12.21138      118
 12.2436       117
 12.2436       115
 12.27582      114
 12.27582      113
 12.27582      112
 12.30804      111
 12.30804      110
 12.34026      109
 12.34026      108
 12.34026      107
 12.37248      106
 12.37248      105
 12.4047       104
 12.4047       103
 12.4047       102
 12.43692      101
 12.43692      99
 12.46914      98
 12.46914      97
 12.46914      97
 12.50136      96
 12.50136      95
 12.53358      94
 12.53358      93
 12.5658       93
 12.5658       92
 12.5658       91
 12.59802      91
 12.59802      90
 12.63024      89
 12.63024      89
 12.63024      88
 12.66246      87
 12.66246      87
 12.69468      86
 12.69468      86
 12.69468      85
 12.7269       85
 12.7269       84
 12.75912      84
 12.75912      83
 12.75912      83
 12.79134      82
 12.79134      82
 12.82356      81
 12.82356      81
 12.82356      80
 12.85578      80
 12.85578      79
 12.888        79
 12.888        78
 12.888        78
 12.92022      78
 12.92022      77
 12.95244      77
 12.95244      76
 12.95244      76
 13.01688      76
 13.01688      75
 13.0491       75
 13.0491       74
 13.0491       74
 13.08132      73
 13.08132      73
 13.11354      73
 13.11354      72
 13.11354      72
 13.14576      71
 13.14576      71
 13.17798      70
 13.17798      70
 13.17798      70
 13.2102       69
 13.2102       69
 13.24242      69
 13.24242      68
 13.24242      68
 13.27464      68
 13.27464      67
 13.30686      67
 13.30686      67
 13.30686      66
 13.33908      66
 13.33908      66
 13.3713       65
 13.3713       65
 13.40352      65
 13.40352      64
 13.40352      64
 13.43574      64
 13.43574      63
 13.43574      63
 13.46796      63
 13.46796      63
 13.50018      62
 13.50018      62
 13.50018      62
 13.5324       62
 13.5324       61
 13.56462      61
 13.56462      61
 13.56462      61
 13.59684      61
 13.59684      61
 13.62906      60
 13.62906      60
 13.66128      60
 13.66128      60
 13.66128      60
 13.6935       60
 13.6935       60
 13.6935       60
 13.72572      59
 13.72572      59
 13.75794      59
 13.75794      59
 13.75794      59
 13.79016      59
 13.79016      59
 13.82238      59
 13.82238      59
 13.82238      59
 13.8546       59
 13.8546       59
 13.88682      59
 13.88682      59
 13.88682      59
 13.91904      59
 13.91904      59
 13.95126      59
 13.95126      59
 13.95126      59
 13.98348      58
 13.98348      58
 14.0157       58
 14.0157       58
 14.0157       58
 14.04792      58
 14.04792      58
 14.08014      58
 14.08014      58
