 0             0
 0             0
 0             0
 0             0
 0             0
 0             0
 0             0
 0             0
 0             0
 0             0
 0             0
 0             0
 0             0
 0             0
 0             0
 0             0
 0             0
 0             0
 0             0
 0             0
 0             0
 0             0
 0             0
 0             0
 0             0
 0             0
 0             0
 0             0
 0             0
 0             0
 3.222e-002    0
 3.222e-002    0
 3.222e-002    0
 6.444e-002    0
 6.444e-002    0
 6.444e-002    0
 6.444e-002    0
 9.666e-002    0
 9.666e-002    0
 9.666e-002    0
 0.12888       0
 0.12888       0
 0.12888       0
 0.1611        0
 0.1611        0
 0.1611        0
 0.19332       0
 0.19332       0
 0.22554       0
 0.22554       0
 0.22554       0
 0.25776       0
 0.25776       0
 0.25776       0
 0.28998       0
 0.28998       0
 0.28998       0
 0.3222        0
 0.3222        0
 0.35442       0
 0.35442       0
 0.35442       0
 0.38664       0
 0.38664       0
 0.38664       0
 0.41886       0
 0.41886       0
 0.45108       0
 0.45108       0
 0.45108       0
 0.4833        0
 0.4833        0
 0.4833        0
 0.51552       0
 0.51552       0
 0.54774       0
 0.54774       0
 0.54774       0
 0.57996       0
 0.57996       0
 0.57996       0
 0.61218       0
 0.61218       0
 0.6444        0
 0.6444        0
 0.6444        0
 0.67662       0
 0.67662       0
 0.70884       0
 0.70884       0
 0.70884       0
 0.74106       0
 0.74106       0
 0.77328       0
 0.77328       0
 0.77328       0
 0.8055        0
 0.8055        0
 0.8055        0
 0.83772       0
 0.83772       0
 0.86994       0
 0.86994       0
 0.86994       0
 0.90216       0
 0.90216       0
 0.93438       0
 0.93438       0
 0.93438       0
 0.9666        0
 0.9666        0
 0.99882       0
 0.99882       0
 0.99882       0
 1.03104       0
 1.03104       0
 1.06326       0
 1.06326       0
 1.06326       0
 1.09548       0
 1.09548       0
 1.09548       0
 1.1277        0
 1.1277        0
 1.15992       0
 1.15992       0
 1.15992       0
 1.19214       0
 1.19214       0
 1.22436       0
 1.22436       0
 1.22436       0
 1.25658       0
 1.25658       0
 1.2888        0
 1.2888        0
 1.2888        0
 1.32102       0
 1.32102       0
 1.35324       0
 1.35324       0
 1.35324       0
 1.38546       0
 1.38546       0
 1.41768       0
 1.41768       0
 1.41768       0
 1.4499        0
 1.4499        0
 1.48212       0
 1.48212       0
 1.48212       0
 1.51434       0
 1.51434       0
 1.54656       0
 1.54656       0
 1.54656       0
 1.57878       0
 1.57878       0
 1.57878       0
 1.611         0
 1.611         0
 1.64322       0
 1.64322       0
 1.64322       0
 1.67544       0
 1.67544       0
 1.70766       0
 1.70766       0
 1.70766       0
 1.73988       0
 1.73988       0
 1.7721        0
 1.7721        0
 1.7721        0
 1.80432       0
 1.80432       0
 1.83654       0
 1.83654       0
 1.83654       0
 1.86876       0
 1.86876       0
 1.86876       0
 1.90098       0
 1.90098       0
 1.9332        0
 1.9332        0
 1.9332        0
 1.96542       0
 1.96542       0
 1.99764       0
 1.99764       0
 1.99764       0
 2.02986       0
 2.02986       0
 2.06208       0
 2.06208       0
 2.06208       0
 2.0943        0
 2.0943        0
 2.12652       0
 2.12652       0
 2.12652       0
 2.15874       0
 2.15874       0
 2.19096       0
 2.19096       0
 2.19096       0
 2.22318       0
 2.22318       0
 2.22318       0
 2.2554        0
 2.2554        0
 2.28762       0
 2.28762       1
 2.28762       1
 2.31984       1
 2.31984       1
 2.35206       1
 2.35206       1
 2.35206       2
 2.38428       2
 2.38428       2
 2.4165        2
 2.4165        2
 2.4165        3
 2.44872       2
 2.44872       3
 2.48094       4
 2.48094       4
 2.48094       5
 2.51316       5
 2.51316       5
 2.51316       6
 2.54538       6
 2.54538       6
 2.5776        7
 2.5776        7
 2.5776        7
 2.60982       7
 2.60982       7
 2.64204       7
 2.64204       8
 2.64204       8
 2.67426       8
 2.67426       11
 2.70648       13
 2.70648       14
 2.70648       15
 2.7387        15
 2.7387        15
 2.7387        15
 2.77092       16
 2.77092       16
 2.80314       15
 2.80314       15
 2.80314       15
 2.83536       15
 2.83536       15
 2.86758       15
 2.86758       15
 2.86758       15
 2.8998        15
 2.8998        15
 2.93202       16
 2.93202       16
 2.93202       16
 2.96424       16
 2.96424       16
 2.96424       16
 2.99646       17
 2.99646       17
 3.02868       17
 3.02868       17
 3.02868       17
 3.0609        18
 3.0609        18
 3.09312       19
 3.09312       18
 3.09312       20
 3.12534       32
 3.12534       49
 3.12534       58
 3.15756       63
 3.15756       65
 3.18978       65
 3.18978       64
 3.18978       61
 3.25422       59
 3.25422       56
 3.25422       54
 3.28644       51
 3.28644       49
 3.31866       47
 3.31866       45
 3.31866       43
 3.35088       41
 3.35088       40
 3.3831        39
 3.3831        38
 3.3831        37
 3.41532       36
 3.41532       36
 3.44754       35
 3.44754       35
 3.44754       35
 3.47976       35
 3.47976       35
 3.47976       35
 3.51198       35
 3.51198       35
 3.5442        35
 3.5442        35
 3.5442        36
 3.57642       36
 3.57642       36
 3.60864       37
 3.60864       37
 3.60864       37
 3.64086       38
 3.64086       38
 3.64086       39
 3.67308       39
 3.67308       40
 3.7053        40
 3.7053        41
 3.7053        42
 3.73752       42
 3.73752       43
 3.76974       44
 3.76974       44
 3.76974       45
 3.80196       46
 3.80196       46
 3.80196       47
 3.83418       48
 3.83418       48
 3.8664        49
 3.8664        50
 3.8664        51
 3.89862       51
 3.89862       52
 3.93084       53
 3.93084       54
 3.93084       54
 3.96306       55
 3.96306       56
 3.96306       57
 3.99528       58
 3.99528       58
 4.0275        59
 4.0275        60
 4.0275        61
 4.05972       62
 4.05972       63
 4.05972       64
 4.09194       65
 4.09194       66
 4.12416       66
 4.12416       67
 4.12416       68
 4.15638       69
 4.15638       70
 4.1886        70
 4.1886        71
 4.1886        72
 4.22082       73
 4.22082       74
 4.22082       75
 4.25304       76
 4.25304       77
 4.28526       78
 4.28526       79
 4.28526       80
 4.31748       81
 4.31748       82
 4.31748       83
 4.3497        84
 4.3497        85
 4.38192       86
 4.38192       87
 4.38192       88
 4.41414       89
 4.41414       90
 4.44636       91
 4.44636       92
 4.44636       93
 4.47858       95
 4.47858       96
 4.47858       97
 4.5108        98
 4.5108        99
 4.54302       101
 4.54302       102
 4.54302       104
 4.57524       105
 4.57524       106
 4.57524       107
 4.60746       108
 4.60746       109
 4.63968       110
 4.63968       112
 4.63968       113
 4.6719        114
 4.6719        115
 4.70412       116
 4.70412       118
 4.70412       119
 4.73634       120
 4.73634       121
 4.73634       122
 4.76856       123
 4.76856       125
 4.80078       126
 4.80078       127
 4.80078       128
 4.833         129
 4.833         131
 4.833         132
 4.86522       133
 4.86522       134
 4.89744       135
 4.89744       137
 4.89744       138
 4.92966       139
 4.92966       140
 4.96188       142
 4.96188       143
 4.96188       144
 4.9941        145
 4.9941        147
 4.9941        148
 5.02632       149
 5.02632       151
 5.05854       152
 5.05854       153
 5.05854       154
 5.09076       156
 5.09076       157
 5.09076       158
 5.12298       160
 5.12298       161
 5.1552        162
 5.1552        163
 5.1552        165
 5.18742       166
 5.18742       167
 5.18742       169
 5.21964       170
 5.21964       171
 5.25186       173
 5.25186       174
 5.25186       175
 5.28408       176
 5.28408       177
 5.28408       179
 5.3163        180
 5.3163        181
 5.34852       183
 5.34852       184
 5.34852       185
 5.38074       187
 5.38074       188
 5.38074       189
 5.41296       189
 5.41296       189
 5.44518       189
 5.44518       189
 5.44518       190
 5.4774        190
 5.4774        191
 5.4774        192
 5.50962       194
 5.50962       195
 5.54184       197
 5.54184       198
 5.54184       200
 5.57406       202
 5.57406       204
 5.57406       205
 5.60628       207
 5.60628       208
 5.6385        209
 5.6385        211
 5.6385        212
 5.67072       214
 5.67072       215
 5.67072       216
 5.70294       216
 5.70294       216
 5.73516       217
 5.73516       219
 5.73516       220
 5.76738       221
 5.76738       223
 5.76738       225
 5.7996        226
 5.7996        228
 5.83182       229
 5.83182       231
 5.83182       232
 5.86404       234
 5.86404       235
 5.86404       236
 5.89626       238
 5.89626       239
 5.92848       240
 5.92848       241
 5.92848       243
 5.9607        244
 5.9607        245
 5.9607        246
 5.99292       248
 5.99292       249
 6.02514       250
 6.02514       251
 6.02514       252
 6.05736       254
 6.05736       255
 6.05736       256
 6.08958       257
 6.08958       258
 6.1218        259
 6.1218        260
 6.1218        262
 6.15402       263
 6.15402       264
 6.15402       265
 6.18624       266
 6.18624       267
 6.21846       268
 6.21846       270
 6.21846       271
 6.25068       272
 6.25068       273
 6.25068       274
 6.2829        275
 6.2829        276
 6.2829        277
 6.31512       278
 6.31512       280
 6.34734       281
 6.34734       282
 6.34734       283
 6.37956       284
 6.37956       285
 6.37956       286
 6.41178       287
 6.41178       288
 6.444         289
 6.444         290
 6.444         291
 6.50844       292
 6.50844       293
 6.50844       294
 6.54066       295
 6.54066       296
 6.54066       298
 6.57288       299
 6.57288       301
 6.6051        301
 6.6051        303
 6.6051        304
 6.63732       305
 6.63732       306
 6.63732       307
 6.66954       307
 6.66954       308
 6.66954       309
 6.70176       310
 6.70176       311
 6.73398       312
 6.73398       313
 6.73398       314
 6.7662        314
 6.7662        315
 6.7662        316
 6.79842       317
 6.79842       318
 6.83064       319
 6.83064       320
 6.83064       321
 6.86286       321
 6.86286       322
 6.86286       323
 6.89508       323
 6.89508       324
 6.9273        324
 6.9273        325
 6.9273        326
 6.95952       326
 6.95952       327
 6.95952       327
 6.99174       328
 6.99174       328
 6.99174       329
 7.02396       329
 7.02396       330
 7.05618       330
 7.05618       330
 7.05618       331
 7.0884        331
 7.0884        331
 7.0884        331
 7.12062       331
 7.12062       331
 7.15284       331
 7.15284       332
 7.15284       332
 7.18506       332
 7.18506       332
 7.18506       332
 7.21728       332
 7.21728       332
 7.21728       332
 7.2495        332
 7.2495        332
 7.28172       332
 7.28172       331
 7.28172       331
 7.31394       331
 7.31394       331
 7.31394       330
 7.34616       330
 7.34616       329
 7.34616       329
 7.37838       329
 7.37838       328
 7.4106        327
 7.4106        327
 7.4106        326
 7.44282       326
 7.44282       326
 7.44282       324
 7.47504       323
 7.47504       321
 7.47504       320
 7.50726       319
 7.50726       318
 7.53948       317
 7.53948       316
 7.53948       315
 7.5717        314
 7.5717        313
 7.5717        312
 7.60392       311
 7.60392       311
 7.60392       309
 7.63614       308
 7.63614       307
 7.66836       306
 7.66836       305
 7.66836       304
 7.70058       303
 7.70058       301
 7.70058       300
 7.7328        299
 7.7328        297
 7.7328        296
 7.76502       295
 7.76502       293
 7.79724       292
 7.79724       290
 7.79724       289
 7.82946       288
 7.82946       286
 7.82946       285
 7.86168       283
 7.86168       282
 7.8939        280
 7.8939        278
 7.8939        277
 7.92612       275
 7.92612       273
 7.92612       272
 7.95834       270
 7.95834       268
 7.95834       266
 7.99056       265
 7.99056       263
 8.02278       261
 8.02278       259
 8.02278       257
 8.055         255
 8.055         253
 8.055         251
 8.08722       250
 8.08722       248
 8.08722       246
 8.11944       244
 8.11944       242
 8.15166       240
 8.15166       238
 8.15166       236
 8.18388       234
 8.18388       232
 8.18388       229
 8.2161        227
 8.2161        225
 8.2161        223
 8.24832       221
 8.24832       219
 8.24832       217
 8.28054       215
 8.28054       213
 8.31276       211
 8.31276       209
 8.31276       207
 8.34498       205
 8.34498       202
 8.34498       199
 8.3772        197
 8.3772        195
 8.3772        193
 8.40942       191
 8.40942       189
 8.40942       187
 8.44164       185
 8.44164       182
 8.47386       180
 8.47386       178
 8.47386       176
 8.50608       174
 8.50608       172
 8.50608       170
 8.5383        167
 8.5383        165
 8.5383        163
 8.57052       161
 8.57052       159
 8.60274       157
 8.60274       155
 8.60274       152
 8.63496       150
 8.63496       148
 8.63496       146
 8.66718       144
 8.66718       142
 8.66718       140
 8.6994        138
 8.6994        136
 8.6994        134
 8.73162       132
 8.73162       130
 8.76384       128
 8.76384       126
 8.76384       124
 8.79606       122
 8.79606       120
 8.79606       119
 8.82828       117
 8.82828       115
 8.82828       113
 8.8605        111
 8.8605        109
 8.8605        108
 8.89272       106
 8.89272       104
 8.92494       102
 8.92494       101
 8.92494       98
 8.95716       97
 8.95716       95
 8.95716       93
 8.98938       92
 8.98938       90
 8.98938       88
 9.0216        87
 9.0216        85
 9.0216        84
 9.05382       82
 9.05382       81
 9.08604       79
 9.08604       78
 9.08604       77
 9.11826       75
 9.11826       74
 9.11826       72
 9.15048       71
 9.15048       70
 9.15048       69
 9.1827        67
 9.1827        66
 9.1827        65
 9.21492       64
 9.21492       62
 9.24714       61
 9.24714       60
 9.24714       59
 9.27936       58
 9.27936       57
 9.27936       55
 9.31158       54
 9.31158       53
 9.31158       52
 9.3438        51
 9.3438        50
 9.3438        49
 9.37602       48
 9.37602       47
 9.37602       47
 9.40824       46
 9.40824       45
 9.44046       44
 9.44046       43
 9.44046       42
 9.47268       42
 9.47268       41
 9.47268       40
 9.5049        39
 9.5049        38
 9.5049        38
 9.53712       37
 9.53712       36
 9.53712       35
 9.56934       35
 9.56934       34
 9.60156       33
 9.60156       33
 9.60156       32
 9.63378       32
 9.63378       31
 9.63378       30
 9.666         30
 9.666         29
 9.666         29
 9.69822       28
 9.69822       27
 9.69822       26
 9.76266       25
 9.76266       25
 9.76266       24
 9.79488       24
 9.79488       23
 9.79488       23
 9.8271        23
 9.8271        22
 9.85932       22
 9.85932       21
 9.85932       21
 9.89154       21
 9.89154       20
 9.89154       20
 9.92376       19
 9.92376       19
 9.92376       19
 9.95598       18
 9.95598       18
 9.95598       17
 9.9882        16
 9.9882        15
 9.9882        14
 10.02042      13
 10.02042      13
 10.02042      13
 10.05264      11
 10.05264      8
 10.05264      7
 10.08486      6
 10.08486      6
 10.11708      6
 10.11708      6
 10.11708      6
 10.1493       6
 10.1493       7
 10.1493       7
 10.18152      7
 10.18152      7
 10.18152      7
 10.21374      7
 10.21374      8
 10.21374      7
 10.24596      7
 10.24596      8
 10.24596      7
 10.27818      7
 10.27818      7
 10.3104       7
 10.3104       7
 10.3104       7
 10.34262      7
 10.34262      7
 10.34262      7
 10.37484      7
 10.37484      7
 10.37484      6
 10.40706      6
 10.40706      6
 10.40706      6
 10.43928      6
 10.43928      6
 10.43928      5
 10.4715       5
 10.4715       5
 10.4715       5
 10.50372      5
 10.50372      5
 10.50372      5
 10.53594      5
 10.53594      4
 10.56816      4
 10.56816      4
 10.56816      4
 10.60038      4
 10.60038      4
 10.60038      3
 10.6326       3
 10.6326       3
 10.6326       3
 10.66482      3
 10.66482      2
 10.66482      2
 10.69704      2
 10.69704      2
 10.69704      2
 10.72926      2
 10.72926      2
 10.72926      2
 10.76148      1
 10.76148      1
 10.7937       1
 10.7937       1
 10.7937       1
 10.82592      1
 10.82592      1
 10.82592      1
 10.85814      0
 10.85814      0
 10.85814      0
 10.89036      0
 10.89036      0
 10.89036      0
 10.92258      0
 10.92258      0
 10.92258      0
 10.9548       0
 10.9548       0
 10.9548       0
 10.98702      0
 10.98702      0
 10.98702      0
 11.01924      0
 11.01924      0
 11.01924      0
 11.05146      0
 11.05146      0
 11.08368      0
 11.08368      0
 11.08368      0
 11.1159       0
 11.1159       0
 11.1159       0
 11.14812      0
 11.14812      0
 11.14812      0
 11.18034      0
 11.18034      0
 11.18034      0
 11.21256      0
 11.21256      0
 11.21256      0
 11.24478      0
 11.24478      0
 11.24478      0
 11.277        0
 11.277        0
 11.277        0
 11.30922      0
 11.30922      0
 11.30922      0
 11.34144      0
 11.34144      0
 11.34144      0
 11.37366      0
 11.37366      0
 11.40588      0
 11.40588      0
 11.40588      0
 11.4381       0
 11.4381       0
 11.4381       0
 11.47032      0
 11.47032      0
 11.47032      0
 11.50254      0
 11.50254      0
 11.50254      0
 11.53476      0
 11.53476      0
 11.53476      0
 11.56698      0
 11.56698      0
 11.56698      0
 11.5992       0
 11.5992       0
 11.5992       0
 11.63142      0
 11.63142      0
 11.63142      0
 11.66364      0
 11.66364      0
 11.66364      0
 11.69586      0
 11.69586      0
 11.69586      0
 11.72808      0
 11.72808      0
 11.72808      0
 11.7603       0
 11.7603       0
 11.7603       0
 11.79252      0
 11.79252      0
 11.82474      0
 11.82474      0
 11.82474      0
 11.82474      0
 11.85696      0
 11.85696      0
 11.88918      0
 11.88918      0
 11.88918      0
 11.9214       0
 11.9214       0
