 0             0
 0             0
 0             0
 0             0
 0             0
 0             0
 0             1
 0             1
 0             1
 0             1
 0             1
 0             1
 0             1
 3.222e-002    1
 6.444e-002    1
 6.444e-002    1
 9.666e-002    1
 0.12888       1
 0.1611        1
 0.1611        1
 0.19332       1
 0.22554       1
 0.25776       1
 0.28998       2
 0.3222        2
 0.35442       2
 0.38664       2
 0.38664       2
 0.41886       2
 0.45108       2
 0.4833        2
 0.51552       2
 0.54774       2
 0.57996       2
 0.61218       2
 0.61218       2
 0.6444        1
 0.67662       2
 0.70884       1
 0.74106       1
 0.77328       2
 0.8055        1
 0.83772       2
 0.86994       2
 0.86994       2
 0.90216       2
 0.93438       2
 0.9666        2
 0.99882       2
 1.03104       2
 1.06326       2
 1.09548       2
 1.1277        2
 1.15992       3
 1.19214       3
 1.19214       3
 1.22436       3
 1.25658       3
 1.2888        3
 1.32102       3
 1.35324       3
 1.38546       4
 1.41768       4
 1.4499        4
 1.48212       4
 1.51434       4
 1.54656       4
 1.57878       4
 1.611         4
 1.611         4
 1.64322       4
 1.67544       5
 1.70766       5
 1.73988       5
 1.7721        5
 1.80432       5
 1.83654       5
 1.86876       5
 1.90098       5
 1.9332        5
 1.96542       6
 1.99764       6
 2.02986       6
 2.06208       6
 2.06208       6
 2.0943        6
 2.12652       6
 2.15874       6
 2.19096       6
 2.22318       6
 2.2554        7
 2.28762       7
 2.31984       7
 2.35206       7
 2.38428       7
 2.4165        7
 2.44872       7
 2.48094       7
 2.51316       7
 2.54538       7
 2.54538       7
 2.5776        8
 2.60982       8
 2.64204       8
 2.67426       8
 2.70648       8
 2.7387        8
 2.77092       8
 2.80314       8
 2.83536       8
 2.86758       8
 2.8998        8
 2.93202       8
 2.96424       9
 2.96424       9
 2.99646       9
 3.02868       9
 3.0609        9
 3.09312       9
 3.12534       9
 3.15756       9
 3.18978       9
 3.25422       9
 3.28644       9
 3.31866       10
 3.35088       10
 3.3831        10
 3.3831        10
 3.41532       10
 3.44754       10
 3.47976       10
 3.51198       10
 3.5442        10
 3.57642       10
 3.60864       10
 3.64086       10
 3.67308       11
 3.7053        11
 3.73752       11
 3.76974       11
 3.80196       11
 3.83418       11
 3.83418       11
 3.8664        11
 3.89862       11
 3.93084       11
 3.96306       11
 3.99528       12
 4.0275        12
 4.05972       12
 4.09194       12
 4.12416       12
 4.15638       12
 4.1886        12
 4.22082       12
 4.25304       12
 4.25304       12
 4.28526       12
 4.31748       12
 4.3497        13
 4.38192       13
 4.41414       13
 4.44636       13
 4.47858       13
 4.5108        13
 4.54302       13
 4.57524       13
 4.60746       13
 4.63968       13
 4.6719        13
 4.6719        14
 4.70412       14
 4.73634       14
 4.76856       14
 4.80078       14
 4.833         14
 4.86522       14
 4.89744       14
 4.92966       14
 4.96188       14
 4.9941        14
 5.02632       14
 5.05854       14
 5.05854       14
 5.09076       15
 5.12298       15
 5.1552        15
 5.18742       15
 5.21964       15
 5.25186       15
 5.28408       15
 5.3163        15
 5.34852       15
 5.38074       15
 5.41296       15
 5.44518       15
 5.44518       15
 5.4774        15
 5.50962       15
 5.54184       15
 5.57406       15
 5.60628       16
 5.6385        16
 5.67072       16
 5.70294       16
 5.73516       16
 5.76738       16
 5.7996        16
 5.7996        16
 5.83182       16
 5.86404       17
 5.89626       17
 5.92848       17
 5.9607        17
 5.99292       17
 6.02514       17
 6.05736       17
 6.08958       17
 6.1218        17
 6.15402       17
 6.18624       17
 6.18624       18
 6.21846       18
 6.25068       18
 6.2829        18
 6.31512       18
 6.34734       18
 6.37956       18
 6.41178       18
 6.444         18
 6.47622       18
 6.50844       18
 6.54066       19
 6.57288       19
 6.6051        19
 6.63732       19
 6.66954       19
 6.70176       19
 6.73398       19
 6.7662        19
 6.79842       19
 6.83064       19
 6.86286       20
 6.89508       20
 6.9273        20
 6.9273        20
 6.95952       20
 6.99174       20
 7.02396       20
 7.05618       20
 7.0884        20
 7.12062       20
 7.15284       20
 7.18506       20
 7.21728       21
 7.2495        21
 7.2495        21
 7.28172       21
 7.31394       21
 7.34616       21
 7.37838       21
 7.4106        21
 7.44282       21
 7.47504       21
 7.50726       21
 7.53948       22
 7.5717        22
 7.5717        22
 7.60392       22
 7.63614       22
 7.66836       22
 7.70058       22
 7.7328        22
 7.76502       22
 7.79724       22
 7.82946       22
 7.86168       22
 7.8939        22
 7.92612       23
 7.92612       23
 7.95834       23
 7.99056       23
 8.02278       23
 8.055         23
 8.08722       23
 8.11944       23
 8.15166       23
 8.18388       23
 8.2161        23
 8.2161        23
 8.24832       24
 8.28054       24
 8.31276       24
 8.34498       24
 8.3772        24
 8.40942       24
 8.44164       24
 8.47386       24
 8.50608       24
 8.5383        24
 8.5383        23
 8.57052       23
 8.60274       23
 8.63496       23
 8.66718       23
 8.6994        23
 8.73162       23
 8.76384       23
 8.79606       23
 8.82828       23
 8.82828       23
 8.8605        23
 8.89272       23
 8.92494       23
 8.95716       23
 8.98938       24
 9.0216        24
 9.05382       24
 9.08604       24
 9.11826       24
 9.11826       24
 9.15048       24
 9.1827        24
 9.21492       25
 9.24714       25
 9.27936       25
 9.31158       25
 9.3438        25
 9.37602       25
 9.40824       26
 9.40824       26
 9.44046       26
 9.47268       26
 9.5049        26
 9.53712       26
 9.56934       26
 9.60156       27
 9.63378       27
 9.666         27
 9.69822       27
 9.73044       27
 9.76266       27
 9.79488       27
 9.8271        27
 9.85932       28
 9.89154       28
 9.92376       28
 9.95598       28
 9.9882        28
 9.9882        28
 10.02042      28
 10.05264      28
 10.08486      28
 10.11708      28
 10.1493       28
 10.18152      29
 10.21374      29
 10.24596      29
 10.27818      29
 10.27818      29
 10.3104       29
 10.34262      29
 10.37484      29
 10.40706      29
 10.43928      30
 10.4715       30
 10.50372      30
 10.53594      30
 10.53594      30
 10.56816      30
 10.60038      30
 10.6326       30
 10.66482      30
 10.69704      30
 10.72926      30
 10.76148      31
 10.7937       31
 10.7937       31
 10.82592      31
 10.85814      31
 10.89036      31
 10.92258      31
 10.9548       31
 10.98702      31
 11.01924      31
 11.05146      31
 11.05146      31
 11.08368      32
 11.1159       32
 11.14812      32
 11.18034      32
 11.21256      32
 11.24478      32
 11.277        32
 11.30922      32
 11.30922      32
 11.34144      35
 11.37366      39
 11.40588      43
 11.4381       46
 11.47032      48
 11.50254      50
 11.53476      52
 11.56698      53
 11.56698      55
 11.5992       55
 11.63142      56
 11.66364      56
 11.69586      57
 11.72808      57
 11.7603       57
 11.79252      57
 11.82474      57
 11.82474      56
 11.85696      56
 11.88918      56
 11.9214       55
 11.95362      55
 11.98584      55
 12.01806      54
 12.05028      54
 12.0825       53
 12.0825       53
 12.11472      52
 12.14694      52
 12.17916      51
 12.21138      51
 12.2436       51
 12.27582      50
 12.30804      50
 12.34026      49
 12.34026      49
 12.37248      49
 12.4047       48
 12.43692      48
 12.46914      47
 12.50136      47
 12.53358      47
 12.5658       46
 12.5658       46
 12.59802      46
 12.63024      46
 12.66246      45
 12.69468      45
 12.7269       45
 12.75912      45
 12.79134      44
 12.82356      44
 12.82356      44
 12.85578      44
 12.888        43
 12.92022      43
 12.95244      43
 13.01688      43
 13.01688      43
 13.0491       43
 13.08132      42
 13.11354      42
 13.14576      42
 13.17798      42
 13.2102       42
 13.24242      42
 13.27464      42
 13.27464      42
 13.30686      42
 13.33908      42
 13.3713       42
 13.40352      42
 13.43574      42
 13.46796      42
 13.50018      42
 13.50018      42
 13.5324       42
 13.56462      42
 13.59684      42
 13.62906      42
 13.66128      42
 13.6935       42
 13.72572      42
 13.72572      42
 13.75794      42
 13.79016      42
 13.82238      42
 13.8546       42
 13.88682      42
 13.91904      42
 13.95126      42
 13.95126      42
 13.98348      42
 14.0157       42
 14.04792      42
 14.08014      42
 14.11236      42
 14.14458      42
 14.1768       42
 14.1768       42
 14.20902      42
 14.24124      42
 14.27346      42
 14.30568      42
 14.3379       42
 14.37012      42
 14.40234      42
 14.43456      42
 14.43456      42
 14.46678      42
 14.499        42
 14.53122      42
 14.56344      42
 14.59566      42
 14.62788      42
 14.62788      42
 14.6601       42
 14.69232      42
 14.72454      42
 14.75676      43
 14.78898      43
 14.8212       43
 14.8212       43
 14.85342      43
 14.88564      43
 14.91786      43
 14.95008      43
 14.9823       43
 15.01452      43
 15.04674      43
 15.04674      43
 15.07896      44
 15.11118      44
 15.1434       44
 15.17562      44
 15.20784      44
 15.24006      44
 15.24006      44
 15.27228      44
 15.3045       44
 15.33672      44
 15.36894      44
 15.40116      45
 15.43338      45
 15.4656       45
 15.4656       45
 15.49782      45
 15.53004      45
 15.56226      45
 15.59448      45
 15.6267       45
 15.65892      45
 15.69114      46
 15.69114      46
 15.72336      46
 15.75558      46
 15.7878       46
 15.82002      46
 15.85224      46
 15.88446      46
 15.88446      46
 15.91668      46
 15.9489       47
 15.98112      47
 16.01334      47
 16.04556      47
 16.07778      47
 16.07778      47
 16.11         47
 16.14222      47
 16.17444      47
 16.20666      47
 16.2711       47
 16.2711       47
 16.30332      47
 16.33554      47
 16.36776      48
 16.39998      48
 16.4322       48
 16.46442      48
 16.46442      48
 16.49664      48
 16.52886      48
 16.56108      48
 16.5933       48
 16.62552      48
 16.65774      48
 16.65774      49
 16.68996      49
 16.72218      49
 16.7544       49
 16.78662      49
 16.81884      49
 16.85106      49
 16.85106      49
 16.88328      49
 16.9155       49
 16.94772      49
 16.97994      50
 17.01216      50
 17.04438      50
 17.04438      50
 17.0766       50
 17.10882      50
 17.14104      50
 17.17326      50
 17.20548      50
 17.20548      50
 17.2377       50
 17.26992      50
 17.30214      51
 17.33436      51
 17.36658      51
 17.3988       51
 17.43102      51
 17.43102      51
 17.46324      51
 17.49546      51
 17.52768      51
 17.5599       51
 17.59212      51
 17.59212      52
 17.62434      52
 17.65656      52
 17.68878      52
 17.721        52
 17.75322      52
 17.78544      52
 17.78544      52
 17.81766      52
 17.84988      52
 17.8821       52
 17.91432      52
 17.94654      52
 17.97876      52
 17.97876      53
 18.01098      53
 18.0432       53
 18.07542      53
 18.10764      53
 18.13986      53
 18.13986      53
 18.17208      53
 18.2043       53
 18.23652      53
 18.26874      53
 18.30096      53
 18.33318      53
 18.33318      53
 18.3654       54
 18.39762      54
 18.42984      54
 18.46206      54
 18.49428      54
 18.49428      54
 18.5265       54
 18.55872      54
 18.59094      54
 18.62316      54
 18.65538      54
 18.6876       54
 18.6876       55
 18.71982      55
 18.75204      55
 18.78426      55
 18.81648      55
 18.8487       55
 18.8487       55
 18.88092      55
 18.91314      55
 18.94536      56
 18.97758      59
 19.0098       61
 19.0098       62
 19.04202      64
 19.07424      65
 19.10646      66
 19.13868      67
 19.1709       67
 19.20312      68
 19.20312      68
 19.23534      68
 19.26756      68
 19.29978      69
 19.332        69
 19.36422      69
 19.36422      69
 19.39644      68
 19.42866      68
 19.46088      68
 19.4931       68
 19.52532      68
 19.55754      67
 19.58976      67
 19.62198      67
 19.6542       67
 19.68642      66
 19.71864      66
 19.71864      66
 19.75086      65
 19.78308      65
 19.8153       65
 19.84752      64
 19.87974      64
 19.87974      64
 19.91196      64
 19.94418      64
 19.9764       63
 20.00862      63
 20.04084      63
 20.04084      63
 20.07306      63
 20.10528      63
 20.1375       63
 20.16972      63
 20.20194      63
 20.20194      62
 20.23416      62
 20.26638      62
 20.2986       62
 20.33082      62
 20.36304      62
 20.36304      62
 20.39526      62
 20.42748      62
 20.4597       62
 20.49192      62
 20.52414      62
 20.52414      62
 20.55636      62
 20.58858      62
 20.6208       62
 20.65302      62
 20.68524      62
 20.68524      62
 20.71746      62
 20.74968      62
 20.7819       62
 20.81412      62
 20.84634      62
 20.84634      61
 20.87856      61
 20.91078      61
 20.943        61
 20.97522      61
 21.00744      61
 21.00744      61
 21.03966      61
 21.07188      61
 21.1041       62
 21.13632      62
 21.16854      62
 21.16854      62
 21.20076      62
 21.23298      62
 21.2652       62
 21.29742      62
 21.29742      62
 21.32964      62
 21.36186      62
 21.39408      62
 21.4263       62
 21.45852      63
 21.45852      63
 21.49074      63
 21.52296      63
 21.55518      63
 21.5874       63
 21.61962      63
 21.61962      63
 21.65184      63
 21.68406      63
 21.71628      63
 21.7485       63
 21.78072      63
 21.78072      63
 21.81294      63
 21.84516      64
 21.87738      64
 21.9096       64
 21.9096       64
 21.94182      64
 21.97404      64
 22.00626      64
 22.03848      64
 22.0707       64
 22.0707       64
 22.10292      64
 22.13514      65
 22.16736      65
 22.19958      65
 22.2318       65
 22.2318       65
 22.26402      66
 22.29624      66
 22.32846      66
 22.36068      66
 22.36068      66
 22.3929       66
 22.42512      66
 22.45734      66
 22.48956      67
 22.52178      67
 22.52178      67
 22.554        67
 22.58622      67
 22.61844      67
 22.65066      67
 22.68288      67
 22.68288      67
 22.7151       67
 22.77954      67
 22.81176      67
 22.81176      67
 22.84398      67
 22.8762       67
 22.90842      68
 22.94064      68
 22.94064      68
 22.97286      68
 23.00508      68
 23.0373       68
 23.06952      68
 23.06952      68
 23.10174      68
 23.13396      68
 23.16618      68
 23.1984       68
 23.23062      68
 23.23062      68
 23.26284      68
 23.29506      68
 23.32728      68
 23.3595       69
 23.3595       69
 23.39172      69
 23.42394      69
 23.45616      69
 23.48838      69
 23.5206       69
 23.5206       69
 23.55282      69
 23.58504      69
 23.61726      69
 23.64948      69
 23.64948      69
 23.6817       69
 23.71392      70
 23.74614      70
 23.77836      70
 23.81058      70
 23.81058      70
 23.8428       70
 23.87502      70
 23.90724      70
 23.93946      70
 23.93946      70
 23.97168      70
 24.0039       71
 24.03612      71
 24.06834      71
 24.06834      71
 24.10056      71
 24.13278      71
 24.165        71
 24.19722      71
 24.19722      71
 24.22944      71
 24.26166      71
 24.29388      71
 24.3261       71
 24.3261       71
 24.35832      71
 24.39054      71
 24.42276      71
 24.45498      71
 24.45498      71
 24.4872       71
 24.51942      72
 24.55164      72
 24.58386      72
 24.58386      72
 24.61608      72
 24.6483       72
 24.68052      72
 24.71274      72
 24.74496      72
 24.74496      72
 24.77718      71
 24.8094       71
 24.84162      71
 24.87384      71
 24.87384      71
 24.90606      71
 24.93828      71
 24.9705       71
 24.9705       71
 25.00272      71
 25.03494      71
 25.06716      71
 25.09938      71
 25.09938      71
 25.1316       71
 25.16382      71
 25.19604      72
 25.22826      72
 25.22826      72
 25.26048      72
 25.2927       72
 25.32492      72
 25.35714      72
 25.35714      72
 25.38936      72
 25.42158      72
 25.4538       73
 25.48602      73
 25.48602      73
 25.51824      73
 25.55046      73
 25.58268      73
 25.6149       73
 25.6149       73
 25.64712      74
 25.67934      74
 25.71156      74
 25.74378      74
 25.74378      74
 25.776        74
 25.80822      74
 25.84044      74
 25.87266      74
 25.87266      74
 25.90488      75
 25.9371       75
 25.96932      75
 26.00154      75
 26.03376      75
 26.06598      75
 26.0982       75
 26.13042      75
 26.13042      75
 26.16264      75
 26.19486      75
 26.22708      76
 26.22708      76
 26.2593       76
 26.29152      76
 26.32374      76
 26.35596      76
 26.35596      76
 26.38818      76
 26.4204       76
 26.45262      76
 26.48484      76
 26.48484      76
 26.51706      76
 26.54928      76
 26.5815       77
 26.5815       77
 26.61372      77
 26.64594      77
 26.67816      77
 26.71038      77
 26.71038      77
 26.7426       77
 26.77482      78
 26.80704      78
 26.83926      78
 26.83926      78
 26.87148      78
 26.9037       78
 26.93592      78
 26.96814      78
 26.96814      78
 27.00036      78
 27.03258      78
 27.0648       78
 27.0648       78
 27.09702      78
 27.12924      78
 27.16146      78
 27.19368      78
 27.19368      79
 27.2259       79
 27.25812      79
 27.29034      79
 27.29034      79
 27.32256      79
 27.35478      79
 27.387        79
 27.41922      80
 27.41922      80
 27.45144      80
 27.48366      80
 27.51588      80
 27.5481       80
 27.5481       80
 27.58032      80
 27.61254      80
 27.64476      81
 27.64476      81
 27.67698      81
 27.7092       81
 27.74142      81
 27.74142      81
 27.77364      81
 27.80586      81
 27.83808      81
 27.8703       81
 27.8703       81
 27.90252      81
 27.93474      81
 27.96696      81
 27.96696      81
 27.99918      81
 28.0314       81
 28.06362      81
 28.09584      81
 28.09584      81
 28.12806      81
 28.16028      81
 28.1925       81
 28.1925       81
 28.22472      81
 28.25694      81
 28.28916      81
 28.28916      81
 28.32138      81
