 0             0
 0             0
 0             0
 0             0
 0             0
 0             0
 0             0
 0             0
 0             0
 0             0
 0             0
 0             0
 0             0
 0             0
 3.222e-002    0
 6.444e-002    0
 6.444e-002    0
 9.666e-002    0
 0.12888       0
 0.1611        0
 0.19332       0
 0.19332       0
 0.22554       0
 0.25776       0
 0.28998       0
 0.3222        0
 0.35442       0
 0.38664       0
 0.41886       0
 0.41886       0
 0.45108       0
 0.4833        0
 0.51552       0
 0.54774       0
 0.57996       0
 0.61218       0
 0.6444        0
 0.67662       0
 0.70884       0
 0.70884       0
 0.74106       0
 0.77328       0
 0.8055        0
 0.83772       0
 0.86994       0
 0.90216       0
 0.93438       0
 0.9666        0
 0.99882       0
 1.03104       0
 1.06326       0
 1.09548       0
 1.09548       0
 1.1277        0
 1.15992       0
 1.19214       0
 1.22436       0
 1.25658       0
 1.2888        0
 1.32102       0
 1.35324       0
 1.38546       0
 1.41768       0
 1.4499        0
 1.48212       0
 1.51434       0
 1.54656       0
 1.54656       0
 1.57878       0
 1.611         0
 1.64322       0
 1.67544       0
 1.70766       0
 1.73988       0
 1.7721        0
 1.80432       0
 1.83654       0
 1.86876       0
 1.90098       0
 1.9332        0
 1.96542       0
 1.99764       0
 2.02986       0
 2.02986       0
 2.06208       0
 2.0943        0
 2.12652       0
 2.15874       0
 2.19096       0
 2.22318       0
 2.2554        0
 2.28762       0
 2.31984       0
 2.35206       0
 2.38428       0
 2.4165        0
 2.44872       0
 2.48094       0
 2.48094       0
 2.51316       0
 2.54538       0
 2.5776        0
 2.60982       0
 2.64204       0
 2.67426       0
 2.70648       0
 2.7387        0
 2.77092       0
 2.80314       0
 2.83536       0
 2.86758       0
 2.8998        0
 2.93202       0
 2.96424       0
 2.96424       0
 2.99646       0
 3.02868       0
 3.0609        0
 3.09312       0
 3.12534       0
 3.15756       0
 3.18978       0
 3.25422       0
 3.28644       0
 3.31866       0
 3.35088       0
 3.35088       0
 3.3831        0
 3.41532       0
 3.44754       0
 3.47976       0
 3.51198       0
 3.5442        0
 3.57642       0
 3.60864       0
 3.64086       0
 3.67308       0
 3.7053        0
 3.73752       0
 3.76974       0
 3.76974       0
 3.80196       0
 3.83418       0
 3.8664        0
 3.89862       0
 3.93084       0
 3.96306       0
 3.99528       0
 4.0275        0
 4.05972       0
 4.09194       0
 4.12416       0
 4.15638       0
 4.1886        0
 4.1886        0
 4.22082       0
 4.25304       0
 4.28526       0
 4.31748       0
 4.3497        0
 4.38192       0
 4.41414       0
 4.44636       0
 4.47858       0
 4.5108        0
 4.54302       0
 4.57524       0
 4.60746       0
 4.60746       0
 4.63968       0
 4.6719        0
 4.70412       0
 4.73634       0
 4.76856       0
 4.80078       0
 4.833         0
 4.86522       0
 4.89744       0
 4.92966       0
 4.96188       0
 4.9941        0
 4.9941        0
 5.02632       0
 5.05854       0
 5.09076       0
 5.12298       0
 5.1552        0
 5.18742       0
 5.21964       0
 5.25186       0
 5.28408       0
 5.3163        0
 5.34852       0
 5.38074       0
 5.38074       0
 5.41296       0
 5.44518       0
 5.4774        0
 5.50962       0
 5.54184       0
 5.57406       0
 5.60628       0
 5.6385        0
 5.67072       0
 5.70294       0
 5.73516       0
 5.76738       0
 5.76738       0
 5.7996        0
 5.83182       0
 5.86404       0
 5.89626       0
 5.92848       0
 5.9607        0
 5.99292       0
 6.02514       0
 6.05736       0
 6.08958       0
 6.1218        0
 6.1218        0
 6.15402       0
 6.18624       0
 6.21846       0
 6.25068       0
 6.2829        0
 6.31512       0
 6.34734       0
 6.37956       0
 6.41178       0
 6.444         0
 6.47622       0
 6.50844       0
 6.54066       0
 6.57288       0
 6.6051        1
 6.63732       1
 6.66954       1
 6.70176       2
 6.73398       2
 6.7662        2
 6.79842       3
 6.79842       3
 6.83064       4
 6.86286       4
 6.89508       5
 6.9273        5
 6.95952       5
 6.99174       6
 7.02396       6
 7.05618       6
 7.0884        7
 7.12062       7
 7.15284       7
 7.15284       8
 7.18506       8
 7.21728       8
 7.2495        9
 7.28172       9
 7.31394       9
 7.34616       10
 7.37838       10
 7.4106        10
 7.44282       10
 7.47504       11
 7.47504       11
 7.50726       11
 7.53948       11
 7.5717        12
 7.60392       12
 7.63614       13
 7.66836       18
 7.70058       18
 7.7328        17
 7.76502       20
 7.79724       24
 7.79724       27
 7.82946       29
 7.86168       31
 7.8939        32
 7.92612       34
 7.95834       34
 7.99056       35
 8.02278       35
 8.055         36
 8.08722       36
 8.11944       36
 8.11944       36
 8.15166       35
 8.18388       35
 8.2161        35
 8.24832       34
 8.28054       34
 8.31276       33
 8.34498       33
 8.3772        32
 8.40942       32
 8.44164       31
 8.44164       30
 8.47386       30
 8.50608       29
 8.5383        28
 8.57052       28
 8.60274       27
 8.63496       27
 8.66718       26
 8.6994        26
 8.73162       26
 8.76384       25
 8.76384       25
 8.79606       24
 8.82828       24
 8.8605        23
 8.89272       23
 8.92494       23
 8.95716       22
 8.98938       22
 9.0216        22
 9.05382       21
 9.05382       21
 9.08604       20
 9.11826       20
 9.15048       20
 9.1827        20
 9.21492       19
 9.24714       19
 9.27936       18
 9.31158       18
 9.3438        17
 9.3438        17
 9.37602       17
 9.40824       16
 9.44046       16
 9.47268       16
 9.5049        15
 9.53712       15
 9.56934       15
 9.60156       15
 9.63378       15
 9.63378       14
 9.666         14
 9.69822       14
 9.76266       14
 9.79488       14
 9.8271        14
 9.85932       14
 9.89154       14
 9.89154       14
 9.92376       14
 9.95598       14
 9.9882        14
 10.02042      13
 10.05264      12
 10.08486      11
 10.11708      10
 10.1493       10
 10.18152      9
 10.18152      9
 10.21374      8
 10.24596      8
 10.27818      8
 10.3104       7
 10.34262      7
 10.37484      6
 10.40706      7
 10.43928      10
 10.43928      11
 10.4715       13
 10.50372      15
 10.53594      16
 10.56816      17
 10.60038      18
 10.6326       18
 10.66482      19
 10.69704      20
 10.69704      20
 10.72926      21
 10.76148      21
 10.7937       21
 10.82592      22
 10.85814      22
 10.89036      22
 10.92258      23
 10.9548       23
 10.9548       23
 10.98702      24
 11.01924      24
 11.05146      25
 11.08368      25
 11.1159       25
 11.14812      26
 11.18034      27
 11.21256      27
 11.24478      28
 11.24478      29
 11.277        30
 11.30922      31
 11.34144      32
 11.37366      33
 11.40588      34
 11.4381       35
 11.47032      35
 11.47032      36
 11.50254      37
 11.53476      38
 11.56698      39
 11.5992       40
 11.63142      41
 11.66364      42
 11.69586      43
 11.72808      44
 11.72808      45
 11.7603       46
 11.79252      47
 11.82474      47
 11.85696      48
 11.88918      49
 11.9214       50
 11.95362      51
 11.98584      52
 11.98584      52
 12.01806      53
 12.05028      53
 12.0825       54
 12.11472      55
 12.14694      55
 12.17916      56
 12.21138      56
 12.2436       57
 12.2436       57
 12.27582      58
 12.30804      58
 12.34026      58
 12.37248      59
 12.4047       59
 12.43692      59
 12.46914      59
 12.46914      60
 12.50136      60
 12.53358      60
 12.5658       60
 12.59802      60
 12.63024      60
 12.66246      60
 12.69468      60
 12.69468      60
 12.7269       59
 12.75912      59
 12.79134      59
 12.82356      59
 12.85578      59
 12.888        58
 12.92022      58
 12.95244      58
 12.95244      57
 13.01688      57
 13.0491       56
 13.08132      56
 13.11354      55
 13.14576      55
 13.17798      54
 13.17798      54
 13.2102       54
 13.24242      53
 13.27464      53
 13.30686      52
 13.33908      52
 13.3713       51
 13.40352      51
 13.40352      50
 13.43574      50
 13.46796      49
 13.50018      49
 13.5324       49
 13.56462      48
 13.59684      48
 13.62906      47
 13.62906      47
 13.66128      46
 13.6935       46
 13.72572      45
 13.75794      45
 13.79016      44
 13.82238      44
 13.8546       43
 13.8546       43
 13.88682      42
 13.91904      42
 13.95126      41
 13.98348      41
 14.0157       40
 14.04792      40
 14.08014      39
 14.08014      39
 14.11236      39
 14.14458      38
 14.1768       38
 14.20902      37
 14.24124      37
 14.27346      36
 14.30568      36
 14.30568      36
 14.3379       35
 14.37012      35
 14.40234      35
 14.43456      34
 14.46678      34
 14.499        34
 14.499        33
 14.53122      33
 14.56344      33
 14.59566      32
 14.62788      32
 14.6601       32
 14.69232      32
 14.69232      32
 14.72454      31
 14.75676      31
 14.78898      31
 14.8212       31
 14.85342      31
 14.88564      30
 14.91786      30
 14.91786      30
 14.95008      30
 14.9823       30
 15.01452      30
 15.04674      30
 15.07896      30
 15.11118      30
 15.11118      30
 15.1434       30
 15.17562      30
 15.20784      30
 15.24006      30
 15.27228      30
 15.3045       31
 15.33672      31
 15.33672      32
 15.36894      32
 15.40116      32
 15.43338      33
 15.4656       33
 15.49782      33
 15.53004      34
 15.53004      34
 15.56226      35
 15.59448      35
 15.6267       36
 15.65892      37
 15.69114      37
 15.72336      38
 15.72336      39
 15.75558      40
 15.7878       41
 15.82002      42
 15.85224      43
 15.88446      44
 15.91668      45
 15.9489       46
 15.9489       47
 15.98112      48
 16.01334      49
 16.04556      51
 16.07778      52
 16.11         53
 16.14222      54
 16.14222      56
 16.17444      57
 16.20666      59
 16.2711       60
 16.30332      62
 16.33554      63
 16.33554      65
 16.36776      67
 16.39998      68
 16.4322       70
 16.46442      72
 16.49664      73
 16.52886      75
 16.52886      77
 16.56108      78
 16.5933       80
 16.62552      81
 16.65774      83
 16.68996      84
 16.68996      86
 16.72218      87
 16.7544       89
 16.78662      90
 16.81884      91
 16.85106      92
 16.88328      94
 16.88328      95
 16.9155       96
 16.94772      97
 16.97994      98
 17.01216      99
 17.04438      101
 17.0766       102
 17.0766       102
 17.10882      103
 17.14104      105
 17.17326      108
 17.20548      110
 17.2377       112
 17.26992      113
 17.26992      114
 17.30214      115
 17.33436      116
 17.36658      116
 17.3988       116
 17.43102      117
 17.46324      117
 17.46324      117
 17.49546      117
 17.52768      116
 17.5599       116
 17.59212      116
 17.62434      116
 17.62434      115
 17.65656      114
 17.68878      114
 17.721        113
 17.75322      113
 17.78544      112
 17.81766      111
 17.81766      110
 17.84988      110
 17.8821       109
 17.91432      108
 17.94654      107
 17.97876      106
 17.97876      105
 18.01098      104
 18.0432       103
 18.07542      102
 18.10764      101
 18.13986      99
 18.17208      98
 18.17208      97
 18.2043       96
 18.23652      95
 18.26874      94
 18.30096      93
 18.33318      92
 18.3654       91
 18.3654       90
 18.39762      89
 18.42984      88
 18.46206      87
 18.49428      86
 18.5265       85
 18.55872      84
 18.55872      83
 18.59094      82
 18.62316      81
 18.65538      79
 18.6876       79
 18.71982      78
 18.71982      77
 18.75204      76
 18.78426      75
 18.81648      74
 18.8487       73
 18.88092      72
 18.88092      71
 18.91314      70
 18.94536      69
 18.97758      68
 19.0098       68
 19.04202      67
 19.07424      66
 19.07424      65
 19.10646      64
 19.13868      64
 19.1709       63
 19.20312      62
 19.23534      61
 19.23534      61
 19.26756      61
 19.29978      60
 19.332        60
 19.36422      60
 19.39644      59
 19.39644      59
 19.42866      59
 19.46088      58
 19.52532      58
 19.55754      57
 19.55754      57
 19.58976      56
 19.62198      56
 19.6542       55
 19.68642      55
 19.71864      54
 19.71864      54
 19.75086      54
 19.78308      53
 19.8153       53
 19.84752      52
 19.87974      52
 19.91196      52
 19.91196      52
 19.94418      51
 19.9764       51
 20.00862      51
 20.04084      51
 20.07306      51
 20.07306      51
 20.10528      50
 20.1375       50
 20.16972      50
 20.20194      50
 20.23416      50
 20.23416      51
 20.26638      51
 20.2986       51
 20.33082      51
 20.36304      51
 20.39526      52
 20.39526      52
 20.42748      53
 20.4597       53
 20.49192      54
 20.52414      54
 20.55636      55
 20.55636      55
 20.58858      56
 20.6208       57
 20.65302      58
 20.68524      59
 20.71746      60
 20.71746      60
 20.74968      62
 20.7819       63
 20.81412      64
 20.84634      65
 20.84634      66
 20.87856      68
 20.91078      69
 20.943        70
 20.97522      72
 21.00744      73
 21.00744      75
 21.03966      76
 21.07188      78
 21.1041       79
 21.13632      81
 21.16854      82
 21.16854      84
 21.20076      86
 21.23298      87
 21.2652       89
 21.29742      91
 21.32964      92
 21.32964      94
 21.36186      95
 21.39408      97
 21.4263       99
 21.45852      101
 21.45852      103
 21.49074      104
 21.52296      106
 21.55518      108
 21.5874       109
 21.61962      111
 21.61962      112
 21.65184      114
 21.68406      116
 21.71628      117
 21.7485       119
 21.78072      120
 21.78072      121
 21.81294      123
 21.84516      124
 21.87738      125
 21.9096       126
 21.9096       127
 21.94182      128
 21.97404      129
 22.00626      130
 22.03848      131
 22.0707       132
 22.0707       133
 22.10292      133
 22.13514      134
 22.16736      135
 22.19958      135
 22.2318       136
 22.2318       136
 22.26402      137
 22.29624      137
 22.32846      137
 22.36068      137
 22.36068      137
 22.3929       138
 22.42512      138
 22.45734      138
 22.48956      138
 22.52178      138
 22.52178      138
 22.554        138
 22.58622      138
 22.61844      137
 22.65066      137
 22.65066      137
 22.68288      137
 22.7151       136
 22.77954      136
 22.81176      135
 22.81176      135
 22.84398      135
 22.8762       134
 22.90842      134
 22.94064      133
 22.94064      133
 22.97286      132
 23.00508      131
 23.0373       131
 23.06952      130
 23.06952      129
 23.10174      128
 23.13396      127
 23.16618      127
 23.1984       126
 23.1984       125
 23.23062      124
 23.26284      123
 23.29506      122
 23.32728      121
 23.3595       120
 23.3595       119
 23.39172      118
 23.42394      117
 23.45616      116
 23.48838      115
 23.48838      114
 23.5206       113
 23.55282      112
 23.58504      111
 23.61726      110
 23.61726      109
 23.64948      108
 23.6817       107
 23.71392      106
 23.74614      105
 23.77836      104
 23.77836      103
 23.81058      102
 23.8428       101
 23.87502      99
 23.90724      98
 23.90724      97
 23.93946      96
 23.97168      95
 24.0039       95
 24.03612      94
 24.03612      93
 24.06834      92
 24.10056      91
 24.13278      90
 24.165        89
 24.165        89
 24.19722      88
 24.22944      87
 24.26166      86
 24.29388      85
 24.3261       85
 24.3261       84
 24.35832      83
 24.39054      83
 24.42276      82
 24.42276      81
 24.45498      81
 24.4872       80
 24.51942      79
 24.55164      79
 24.58386      78
 24.58386      78
 24.61608      77
 24.6483       77
 24.68052      76
 24.71274      76
 24.71274      75
 24.74496      75
 24.77718      74
 24.8094       74
 24.84162      73
 24.84162      73
 24.87384      73
 24.90606      72
 24.93828      72
 24.93828      72
 24.9705       72
 25.00272      71
 25.03494      71
 25.06716      71
 25.06716      71
 25.09938      71
 25.1316       71
 25.16382      71
 25.19604      71
 25.19604      71
 25.22826      71
 25.26048      71
 25.2927       71
 25.32492      72
 25.32492      72
 25.35714      72
 25.38936      73
 25.42158      73
 25.4538       74
 25.4538       74
 25.48602      75
 25.51824      75
 25.55046      76
 25.58268      77
 25.58268      77
 25.6149       78
 25.64712      79
 25.67934      80
 25.71156      81
 25.71156      82
 25.74378      83
 25.776        84
 25.80822      85
 25.80822      87
 25.84044      88
 25.87266      89
 25.90488      90
 25.9371       91
 25.9371       93
 26.00154      94
 26.03376      95
 26.06598      96
 26.06598      98
 26.0982       99
 26.13042      102
 26.16264      103
 26.19486      105
 26.19486      106
 26.22708      108
 26.2593       109
 26.29152      111
 26.32374      112
 26.32374      114
 26.35596      116
 26.38818      117
 26.4204       119
 26.4204       120
 26.45262      122
 26.48484      123
 26.51706      125
 26.54928      126
 26.54928      128
 26.5815       129
 26.61372      130
 26.64594      132
 26.67816      133
 26.67816      134
 26.71038      136
 26.7426       137
 26.77482      138
 26.77482      140
 26.80704      141
 26.83926      142
 26.87148      143
 26.9037       144
 26.9037       145
 26.93592      146
 26.96814      147
 27.00036      148
 27.00036      149
 27.03258      150
 27.0648       151
 27.09702      151
 27.12924      152
 27.12924      153
 27.16146      153
 27.19368      154
 27.2259       155
 27.2259       155
 27.25812      156
 27.29034      156
 27.32256      157
 27.35478      157
 27.35478      157
 27.387        158
 27.41922      158
 27.45144      158
 27.45144      158
 27.48366      159
 27.51588      159
 27.5481       159
 27.58032      159
 27.58032      159
 27.61254      159
 27.64476      159
 27.67698      159
 27.7092       159
 27.7092       158
 27.74142      158
 27.77364      158
 27.80586      158
 27.80586      157
 27.83808      157
 27.8703       157
 27.90252      156
 27.90252      156
 27.93474      155
 27.96696      155
 27.99918      154
 28.0314       154
 28.0314       153
 28.06362      153
 28.09584      152
 28.12806      152
 28.12806      151
 28.16028      150
 28.1925       150
 28.22472      149
 28.25694      149
 28.25694      148
 28.28916      147
