 0             0
 0             0
 0             0
 0             0
 0             0
 0             0
 0             0
 0             0
 0             0
 0             0
 0             0
 0             0
 0             0
 3.222e-002    0
 6.444e-002    0
 6.444e-002    0
 9.666e-002    0
 0.12888       0
 0.1611        0
 0.19332       0
 0.19332       0
 0.22554       0
 0.25776       0
 0.28998       0
 0.3222        0
 0.35442       0
 0.35442       0
 0.38664       0
 0.41886       0
 0.45108       0
 0.4833        0
 0.51552       0
 0.54774       0
 0.57996       0
 0.61218       0
 0.61218       0
 0.6444        0
 0.67662       0
 0.70884       0
 0.74106       0
 0.77328       0
 0.8055        0
 0.83772       0
 0.86994       0
 0.90216       0
 0.90216       0
 0.93438       0
 0.9666        0
 0.99882       0
 1.03104       0
 1.06326       0
 1.09548       0
 1.1277        0
 1.15992       0
 1.19214       0
 1.22436       0
 1.22436       0
 1.25658       0
 1.2888        0
 1.32102       0
 1.35324       0
 1.38546       0
 1.41768       0
 1.4499        0
 1.48212       0
 1.51434       0
 1.54656       0
 1.57878       0
 1.611         0
 1.64322       0
 1.64322       0
 1.67544       0
 1.70766       0
 1.73988       0
 1.7721        0
 1.80432       1
 1.83654       1
 1.86876       1
 1.90098       1
 1.9332        2
 1.96542       2
 1.99764       2
 2.02986       2
 2.06208       2
 2.06208       2
 2.0943        2
 2.12652       3
 2.15874       3
 2.19096       3
 2.22318       3
 2.2554        3
 2.28762       3
 2.31984       3
 2.35206       3
 2.38428       3
 2.4165        3
 2.44872       3
 2.48094       3
 2.48094       3
 2.51316       3
 2.54538       3
 2.5776        3
 2.60982       3
 2.64204       3
 2.67426       4
 2.70648       4
 2.7387        4
 2.77092       6
 2.80314       13
 2.83536       20
 2.86758       25
 2.8998        29
 2.93202       33
 2.93202       36
 2.96424       38
 2.99646       40
 3.02868       41
 3.0609        42
 3.09312       43
 3.12534       43
 3.15756       43
 3.18978       43
 3.25422       43
 3.28644       43
 3.31866       42
 3.31866       42
 3.35088       41
 3.3831        40
 3.41532       40
 3.44754       39
 3.47976       38
 3.51198       37
 3.5442        35
 3.57642       34
 3.60864       33
 3.64086       32
 3.67308       31
 3.7053        30
 3.73752       29
 3.76974       29
 3.76974       28
 3.80196       27
 3.83418       26
 3.8664        26
 3.89862       25
 3.93084       24
 3.96306       24
 3.99528       23
 4.0275        23
 4.05972       22
 4.09194       21
 4.12416       21
 4.15638       21
 4.15638       20
 4.1886        20
 4.22082       19
 4.25304       19
 4.28526       19
 4.31748       18
 4.3497        18
 4.38192       18
 4.41414       17
 4.44636       17
 4.47858       17
 4.5108        16
 4.54302       16
 4.57524       16
 4.57524       16
 4.60746       16
 4.63968       15
 4.6719        15
 4.70412       15
 4.73634       15
 4.76856       15
 4.80078       15
 4.833         14
 4.86522       14
 4.89744       14
 4.92966       14
 4.96188       14
 4.96188       14
 4.9941        14
 5.02632       14
 5.05854       14
 5.09076       14
 5.12298       14
 5.1552        14
 5.18742       14
 5.21964       14
 5.25186       14
 5.28408       14
 5.3163        14
 5.3163        14
 5.34852       14
 5.38074       14
 5.41296       14
 5.44518       14
 5.4774        14
 5.50962       14
 5.54184       14
 5.57406       14
 5.60628       14
 5.6385        14
 5.67072       14
 5.70294       14
 5.70294       14
 5.73516       14
 5.76738       14
 5.7996        14
 5.83182       14
 5.86404       14
 5.89626       14
 5.92848       14
 5.9607        14
 5.99292       15
 6.02514       15
 6.05736       15
 6.08958       16
 6.08958       16
 6.1218        16
 6.15402       17
 6.18624       17
 6.21846       17
 6.25068       17
 6.2829        17
 6.31512       18
 6.34734       18
 6.37956       19
 6.41178       19
 6.444         19
 6.444         19
 6.50844       20
 6.54066       20
 6.57288       20
 6.6051        20
 6.63732       20
 6.66954       20
 6.70176       20
 6.73398       20
 6.73398       21
 6.7662        21
 6.79842       21
 6.83064       21
 6.86286       21
 6.89508       21
 6.9273        21
 6.95952       21
 6.99174       21
 7.02396       21
 7.05618       21
 7.0884        21
 7.0884        21
 7.12062       21
 7.15284       21
 7.18506       21
 7.21728       21
 7.2495        21
 7.28172       21
 7.31394       21
 7.34616       21
 7.37838       21
 7.4106        21
 7.4106        21
 7.44282       21
 7.47504       21
 7.50726       21
 7.53948       21
 7.5717        21
 7.60392       21
 7.63614       21
 7.66836       21
 7.70058       21
 7.7328        21
 7.7328        21
 7.76502       21
 7.79724       21
 7.82946       21
 7.86168       21
 7.8939        21
 7.92612       21
 7.95834       21
 7.99056       21
 8.02278       21
 8.055         21
 8.055         21
 8.08722       21
 8.11944       22
 8.15166       22
 8.18388       22
 8.2161        22
 8.24832       22
 8.28054       22
 8.31276       22
 8.34498       22
 8.34498       22
 8.3772        22
 8.40942       22
 8.44164       22
 8.47386       22
 8.50608       22
 8.5383        22
 8.57052       22
 8.60274       22
 8.63496       22
 8.63496       23
 8.66718       23
 8.6994        23
 8.73162       23
 8.76384       23
 8.79606       23
 8.82828       23
 8.8605        23
 8.89272       23
 8.92494       23
 8.95716       23
 8.95716       24
 8.98938       24
 9.0216        24
 9.05382       24
 9.08604       24
 9.11826       24
 9.15048       24
 9.1827        24
 9.21492       24
 9.24714       24
 9.24714       24
 9.27936       25
 9.31158       25
 9.3438        25
 9.37602       25
 9.40824       25
 9.44046       25
 9.47268       25
 9.5049        25
 9.53712       25
 9.53712       26
 9.56934       26
 9.60156       26
 9.63378       26
 9.666         26
 9.69822       26
 9.76266       26
 9.79488       27
 9.79488       27
 9.8271        27
 9.85932       27
 9.89154       27
 9.92376       27
 9.95598       27
 9.9882        27
 10.02042      27
 10.05264      28
 10.08486      28
 10.08486      28
 10.11708      28
 10.1493       28
 10.18152      28
 10.21374      28
 10.24596      28
 10.27818      28
 10.3104       29
 10.34262      29
 10.34262      29
 10.37484      29
 10.40706      29
 10.43928      29
 10.4715       29
 10.50372      30
 10.53594      30
 10.56816      30
 10.60038      30
 10.60038      30
 10.6326       31
 10.66482      31
 10.69704      31
 10.72926      31
 10.76148      31
 10.7937       31
 10.82592      32
 10.85814      32
 10.85814      32
 10.89036      32
 10.92258      32
 10.9548       32
 10.98702      33
 11.01924      33
 11.05146      33
 11.08368      33
 11.1159       33
 11.1159       34
 11.14812      34
 11.18034      34
 11.21256      34
 11.24478      34
 11.277        35
 11.30922      35
 11.34144      35
 11.37366      35
 11.37366      35
 11.40588      35
 11.4381       35
 11.47032      35
 11.50254      35
 11.53476      35
 11.56698      35
 11.5992       36
 11.63142      36
 11.63142      36
 11.66364      36
 11.69586      36
 11.72808      36
 11.7603       36
 11.79252      36
 11.82474      36
 11.85696      36
 11.88918      36
 11.88918      36
 11.9214       37
 11.95362      37
 11.98584      37
 12.01806      37
 12.05028      37
 12.0825       37
 12.11472      37
 12.11472      37
 12.14694      37
 12.17916      37
 12.21138      37
 12.2436       37
 12.27582      37
 12.30804      37
 12.34026      37
 12.37248      37
 12.37248      37
 12.4047       37
 12.43692      37
 12.46914      37
 12.50136      37
 12.53358      37
 12.5658       37
 12.59802      37
 12.59802      37
 12.63024      37
 12.66246      37
 12.69468      37
 12.7269       37
 12.75912      37
 12.79134      38
 12.82356      38
 12.85578      38
 12.85578      38
 12.888        38
 12.92022      38
 12.95244      39
 13.01688      39
 13.0491       39
 13.0491       39
 13.08132      39
 13.11354      39
 13.14576      39
 13.17798      39
 13.2102       39
 13.24242      39
 13.27464      39
 13.30686      39
 13.30686      39
 13.33908      39
 13.3713       39
 13.40352      39
 13.43574      39
 13.46796      39
 13.50018      39
 13.5324       39
 13.5324       40
 13.56462      40
 13.59684      40
 13.62906      40
 13.66128      40
 13.6935       40
 13.72572      40
 13.75794      40
 13.75794      41
 13.79016      41
 13.82238      41
 13.8546       41
 13.88682      41
 13.91904      41
 13.95126      41
 13.95126      41
 13.98348      42
 14.0157       42
 14.04792      42
 14.08014      42
 14.11236      42
 14.14458      42
 14.1768       42
 14.1768       42
 14.20902      42
 14.24124      43
 14.27346      43
 14.30568      43
 14.3379       43
 14.37012      43
 14.40234      43
 14.43456      43
 14.43456      43
 14.46678      43
 14.499        43
 14.53122      43
 14.56344      44
 14.59566      44
 14.59566      44
 14.62788      44
 14.6601       44
 14.69232      44
 14.72454      44
 14.75676      44
 14.78898      45
 14.8212       45
 14.8212       45
 14.85342      45
 14.88564      45
 14.91786      45
 14.95008      46
 14.9823       46
 15.01452      46
 15.01452      46
 15.04674      46
 15.07896      47
 15.11118      47
 15.1434       47
 15.17562      47
 15.20784      47
 15.24006      48
 15.24006      48
 15.27228      48
 15.3045       48
 15.33672      48
 15.36894      49
 15.40116      49
 15.43338      49
 15.43338      49
 15.4656       49
 15.49782      49
 15.53004      49
 15.56226      49
 15.59448      50
 15.6267       50
 15.6267       50
 15.65892      50
 15.69114      50
 15.72336      50
 15.75558      51
 15.7878       51
 15.82002      51
 15.85224      51
 15.85224      51
 15.88446      52
 15.91668      52
 15.9489       52
 15.98112      52
 16.01334      52
 16.04556      52
 16.04556      52
 16.07778      53
 16.11         53
 16.14222      53
 16.17444      53
 16.20666      53
 16.23888      53
 16.2711       53
 16.30332      53
 16.33554      54
 16.36776      54
 16.39998      54
 16.4322       54
 16.4322       54
 16.46442      54
 16.49664      54
 16.52886      54
 16.56108      54
 16.5933       54
 16.62552      54
 16.62552      55
 16.65774      55
 16.68996      55
 16.72218      55
 16.7544       55
 16.78662      55
 16.81884      55
 16.81884      55
 16.85106      55
 16.88328      55
 16.9155       55
 16.94772      56
 16.97994      56
 17.01216      56
 17.01216      56
 17.04438      56
 17.0766       56
 17.10882      56
 17.14104      56
 17.17326      56
 17.17326      56
 17.20548      56
 17.2377       55
 17.26992      55
 17.30214      54
 17.33436      54
 17.36658      54
 17.36658      54
 17.3988       54
 17.43102      54
 17.46324      54
 17.49546      54
 17.52768      55
 17.5599       56
 17.5599       56
 17.59212      56
 17.62434      56
 17.65656      57
 17.68878      57
 17.721        56
 17.721        56
 17.75322      57
 17.78544      64
 17.81766      70
 17.84988      74
 17.8821       77
 17.91432      80
 17.91432      82
 17.94654      84
 17.97876      85
 18.01098      86
 18.0432       87
 18.07542      87
 18.10764      87
 18.10764      86
 18.13986      86
 18.17208      85
 18.2043       85
 18.23652      84
 18.26874      84
 18.26874      83
 18.30096      82
 18.33318      82
 18.3654       81
 18.39762      80
 18.42984      80
 18.46206      79
 18.46206      78
 18.49428      78
 18.5265       77
 18.55872      76
 18.59094      76
 18.62316      75
 18.62316      75
 18.65538      74
 18.6876       74
 18.71982      73
 18.75204      73
 18.78426      72
 18.78426      72
 18.81648      71
 18.8487       71
 18.88092      71
 18.91314      70
 18.94536      70
 18.97758      70
 18.97758      69
 19.0098       69
 19.04202      69
 19.07424      68
 19.10646      68
 19.13868      68
 19.13868      67
 19.1709       67
 19.20312      67
 19.23534      67
 19.26756      66
 19.29978      66
 19.29978      66
 19.332        66
 19.36422      66
 19.39644      66
 19.42866      66
 19.46088      65
 19.4931       65
 19.52532      65
 19.55754      65
 19.58976      65
 19.62198      65
 19.6542       65
 19.6542       65
 19.68642      65
 19.71864      65
 19.75086      65
 19.78308      65
 19.8153       65
 19.8153       66
 19.84752      65
 19.87974      65
 19.91196      66
 19.94418      66
 19.9764       66
 19.9764       66
 20.00862      66
 20.04084      66
 20.07306      66
 20.10528      66
 20.1375       66
 20.1375       67
 20.16972      67
 20.20194      67
 20.23416      67
 20.26638      67
 20.2986       67
 20.2986       67
 20.33082      68
 20.36304      68
 20.39526      68
 20.42748      68
 20.4597       68
 20.4597       68
 20.49192      69
 20.52414      69
 20.55636      69
 20.58858      69
 20.6208       69
 20.6208       70
 20.65302      70
 20.68524      70
 20.71746      70
 20.74968      70
 20.7819       70
 20.7819       70
 20.81412      71
 20.84634      71
 20.87856      71
 20.91078      71
 20.943        71
 20.943        71
 20.97522      72
 21.00744      72
 21.03966      72
 21.07188      72
 21.1041       72
 21.1041       72
 21.13632      71
 21.16854      70
 21.20076      70
 21.23298      70
 21.23298      70
 21.2652       69
 21.29742      69
 21.32964      69
 21.36186      69
 21.39408      69
 21.39408      69
 21.4263       69
 21.45852      69
 21.49074      69
 21.52296      69
 21.55518      69
 21.55518      69
 21.5874       69
 21.61962      69
 21.65184      70
 21.68406      70
 21.71628      70
 21.71628      70
 21.7485       70
 21.78072      71
 21.81294      71
 21.84516      71
 21.84516      71
 21.87738      71
 21.9096       72
 21.94182      72
 21.97404      72
 22.00626      72
 22.00626      72
 22.03848      72
 22.0707       73
 22.10292      73
 22.13514      73
 22.13514      73
 22.16736      73
 22.19958      73
 22.2318       74
 22.26402      74
 22.29624      74
 22.29624      74
 22.32846      74
 22.36068      74
 22.3929       74
 22.42512      74
 22.45734      74
 22.45734      74
 22.48956      74
 22.52178      74
 22.554        74
 22.58622      74
 22.61844      74
 22.61844      74
 22.65066      74
 22.68288      74
 22.7151       74
 22.74732      74
 22.77954      74
 22.81176      74
 22.84398      74
 22.8762       74
 22.8762       74
 22.90842      74
 22.94064      74
 22.97286      73
 23.00508      73
 23.00508      74
 23.0373       73
 23.06952      74
 23.10174      74
 23.13396      74
 23.16618      74
 23.16618      75
 23.1984       75
 23.23062      75
 23.26284      75
 23.29506      75
 23.29506      76
 23.32728      76
 23.3595       76
 23.39172      76
 23.42394      76
 23.42394      76
 23.45616      78
 23.48838      82
 23.5206       85
 23.55282      87
 23.58504      89
 23.58504      91
 23.61726      92
 23.64948      93
 23.6817       94
 23.71392      95
 23.71392      95
 23.74614      95
 23.77836      95
 23.81058      95
 23.8428       95
 23.8428       95
 23.87502      95
 23.90724      95
 23.93946      95
 23.97168      95
 23.97168      95
 24.0039       94
 24.03612      94
 24.06834      94
 24.10056      93
 24.10056      93
 24.13278      93
 24.165        92
 24.19722      92
 24.22944      92
 24.22944      91
 24.26166      91
 24.29388      91
 24.3261       91
 24.35832      91
 24.39054      90
 24.39054      90
 24.42276      90
 24.45498      90
 24.4872       90
 24.51942      90
 24.51942      89
 24.55164      89
 24.58386      89
 24.61608      89
 24.6483       89
 24.6483       89
 24.68052      89
 24.71274      89
 24.74496      88
 24.77718      88
 24.77718      88
 24.8094       88
 24.84162      88
 24.87384      88
 24.90606      88
 24.90606      88
 24.93828      88
 24.9705       88
 25.00272      88
 25.00272      88
 25.03494      88
 25.06716      88
 25.09938      88
 25.1316       88
 25.1316       88
 25.16382      88
 25.19604      88
 25.22826      88
 25.26048      88
 25.26048      88
 25.2927       88
 25.32492      88
 25.35714      88
 25.38936      88
 25.38936      88
 25.42158      88
 25.4538       88
 25.48602      88
 25.51824      88
 25.51824      88
 25.55046      88
 25.58268      88
 25.6149       88
 25.64712      89
 25.64712      89
 25.67934      89
 25.71156      89
 25.74378      89
 25.776        89
 25.776        89
 25.80822      90
 25.84044      90
 25.87266      90
 25.90488      90
 25.90488      90
 25.9371       90
 25.96932      90
 26.03376      91
 26.03376      91
 26.06598      91
 26.0982       91
 26.13042      91
 26.16264      91
 26.16264      91
 26.19486      92
 26.22708      92
 26.2593       92
 26.2593       92
 26.29152      92
 26.32374      92
 26.35596      92
 26.38818      93
 26.38818      93
 26.4204       93
 26.45262      93
 26.48484      94
 26.51706      94
 26.51706      95
 26.54928      95
 26.5815       96
 26.61372      96
 26.64594      96
 26.64594      97
 26.67816      97
 26.71038      97
 26.7426       97
 26.7426       97
 26.77482      97
 26.80704      97
 26.83926      98
 26.87148      98
 26.87148      98
 26.9037       98
 26.93592      98
 26.96814      97
 26.96814      98
 27.00036      99
 27.03258      103
 27.0648       105
 27.09702      107
 27.09702      108
 27.12924      110
 27.16146      110
 27.19368      111
 27.19368      112
 27.2259       112
 27.25812      112
 27.29034      112
 27.32256      112
 27.32256      112
 27.35478      111
 27.387        111
 27.41922      111
 27.45144      110
 27.45144      110
 27.48366      110
 27.51588      109
 27.5481       109
 27.5481       108
 27.58032      108
 27.61254      108
 27.64476      107
 27.64476      107
 27.67698      106
 27.7092       106
 27.74142      106
 27.77364      105
 27.77364      105
 27.80586      104
 27.83808      104
 27.8703       104
 27.8703       103
 27.90252      103
 27.93474      103
 27.96696      103
 27.99918      102
 27.99918      102
 28.0314       102
 28.06362      102
 28.09584      101
 28.09584      101
 28.12806      101
 28.16028      100
 28.1925       100
 28.22472      99
 28.22472      99
 28.25694      99
 28.28916      99
