 0             0
 0             0
 0             0
 0             0
 0             0
 0             0
 0             0
 0             0
 0             0
 0             0
 0             0
 0             0
 0             0
 3.222e-002    0
 3.222e-002    0
 6.444e-002    0
 6.444e-002    0
 9.666e-002    0
 0.12888       0
 0.1611        0
 0.19332       0
 0.19332       0
 0.22554       0
 0.25776       0
 0.28998       0
 0.3222        0
 0.35442       0
 0.38664       0
 0.38664       0
 0.41886       0
 0.45108       0
 0.4833        0
 0.51552       0
 0.54774       0
 0.57996       0
 0.61218       0
 0.6444        0
 0.6444        0
 0.67662       0
 0.70884       0
 0.74106       0
 0.77328       0
 0.8055        0
 0.83772       0
 0.86994       0
 0.90216       0
 0.93438       0
 0.9666        0
 0.9666        0
 0.99882       0
 1.03104       0
 1.06326       0
 1.09548       0
 1.1277        0
 1.15992       0
 1.19214       0
 1.22436       0
 1.25658       0
 1.2888        0
 1.32102       0
 1.35324       0
 1.38546       0
 1.38546       0
 1.41768       0
 1.4499        0
 1.48212       0
 1.51434       0
 1.54656       0
 1.57878       0
 1.611         0
 1.64322       0
 1.67544       0
 1.70766       0
 1.73988       0
 1.7721        0
 1.80432       0
 1.80432       0
 1.83654       0
 1.86876       0
 1.90098       0
 1.9332        0
 1.96542       0
 1.99764       0
 2.02986       0
 2.06208       0
 2.0943        0
 2.12652       0
 2.15874       1
 2.19096       1
 2.22318       1
 2.2554        1
 2.2554        1
 2.28762       1
 2.31984       1
 2.35206       1
 2.38428       2
 2.4165        2
 2.44872       2
 2.48094       2
 2.51316       2
 2.54538       2
 2.5776        2
 2.60982       2
 2.64204       2
 2.67426       2
 2.67426       2
 2.70648       3
 2.7387        3
 2.77092       3
 2.80314       3
 2.83536       3
 2.86758       5
 2.8998        6
 2.93202       7
 2.96424       8
 2.99646       9
 3.02868       10
 3.0609        10
 3.09312       11
 3.09312       11
 3.12534       12
 3.15756       12
 3.18978       12
 3.25422       13
 3.28644       13
 3.31866       13
 3.35088       13
 3.3831        13
 3.41532       14
 3.44754       14
 3.47976       14
 3.47976       14
 3.51198       14
 3.5442        14
 3.57642       13
 3.60864       13
 3.64086       18
 3.67308       23
 3.7053        27
 3.73752       31
 3.76974       34
 3.80196       36
 3.83418       38
 3.8664        40
 3.89862       41
 3.89862       42
 3.93084       42
 3.96306       42
 3.99528       43
 4.0275        43
 4.05972       43
 4.09194       42
 4.12416       42
 4.15638       42
 4.1886        41
 4.22082       41
 4.25304       41
 4.28526       40
 4.28526       40
 4.31748       39
 4.3497        39
 4.38192       39
 4.41414       38
 4.44636       38
 4.47858       38
 4.5108        37
 4.54302       37
 4.57524       37
 4.60746       37
 4.63968       36
 4.6719        36
 4.6719        36
 4.70412       36
 4.73634       36
 4.76856       36
 4.80078       36
 4.833         36
 4.86522       36
 4.89744       37
 4.92966       37
 4.96188       38
 4.9941        38
 5.02632       39
 5.02632       39
 5.05854       39
 5.09076       40
 5.12298       40
 5.1552        41
 5.18742       41
 5.21964       42
 5.25186       43
 5.28408       43
 5.3163        44
 5.34852       44
 5.38074       45
 5.41296       46
 5.41296       47
 5.44518       47
 5.4774        48
 5.50962       49
 5.54184       50
 5.57406       51
 5.60628       52
 5.6385        53
 5.67072       54
 5.70294       54
 5.73516       56
 5.76738       57
 5.76738       58
 5.7996        59
 5.83182       60
 5.86404       61
 5.89626       63
 5.92848       64
 5.9607        66
 5.99292       68
 6.02514       69
 6.05736       71
 6.08958       73
 6.1218        74
 6.1218        76
 6.15402       78
 6.18624       79
 6.21846       81
 6.25068       83
 6.2829        84
 6.31512       86
 6.34734       88
 6.37956       89
 6.41178       91
 6.444         93
 6.47622       95
 6.50844       96
 6.54066       98
 6.57288       101
 6.6051        103
 6.63732       105
 6.66954       106
 6.70176       108
 6.73398       110
 6.73398       112
 6.7662        114
 6.79842       115
 6.83064       117
 6.86286       119
 6.89508       120
 6.9273        122
 6.95952       124
 6.99174       125
 7.02396       126
 7.05618       128
 7.05618       129
 7.0884        130
 7.12062       131
 7.15284       132
 7.18506       133
 7.21728       134
 7.2495        135
 7.28172       136
 7.31394       136
 7.34616       137
 7.37838       137
 7.37838       138
 7.4106        138
 7.44282       138
 7.47504       138
 7.50726       138
 7.53948       138
 7.5717        138
 7.60392       138
 7.63614       137
 7.66836       137
 7.70058       137
 7.70058       136
 7.7328        136
 7.76502       135
 7.79724       135
 7.82946       134
 7.86168       133
 7.8939        132
 7.92612       132
 7.95834       131
 7.99056       130
 7.99056       129
 8.02278       128
 8.055         127
 8.08722       126
 8.11944       125
 8.15166       124
 8.18388       123
 8.2161        122
 8.24832       121
 8.28054       120
 8.28054       119
 8.31276       118
 8.34498       117
 8.3772        116
 8.40942       115
 8.44164       114
 8.47386       113
 8.50608       112
 8.5383        111
 8.57052       111
 8.57052       110
 8.60274       109
 8.63496       108
 8.66718       108
 8.6994        107
 8.73162       106
 8.76384       106
 8.79606       105
 8.82828       105
 8.8605        105
 8.8605        104
 8.89272       104
 8.92494       104
 8.95716       104
 8.98938       103
 9.0216        103
 9.05382       103
 9.08604       103
 9.11826       104
 9.15048       104
 9.15048       104
 9.1827        104
 9.21492       105
 9.24714       105
 9.27936       106
 9.31158       106
 9.3438        107
 9.37602       107
 9.40824       108
 9.40824       109
 9.44046       109
 9.47268       110
 9.5049        111
 9.53712       112
 9.56934       113
 9.60156       114
 9.63378       115
 9.666         117
 9.69822       118
 9.69822       119
 9.76266       121
 9.79488       122
 9.8271        123
 9.85932       125
 9.89154       126
 9.92376       128
 9.92376       130
 9.95598       131
 9.9882        133
 10.02042      135
 10.05264      137
 10.08486      139
 10.11708      141
 10.1493       142
 10.18152      145
 10.21374      147
 10.21374      149
 10.24596      151
 10.27818      153
 10.3104       155
 10.34262      158
 10.37484      160
 10.40706      162
 10.43928      165
 10.43928      167
 10.4715       170
 10.50372      172
 10.53594      175
 10.56816      177
 10.60038      180
 10.6326       183
 10.66482      185
 10.69704      188
 10.69704      191
 10.72926      194
 10.76148      197
 10.7937       200
 10.82592      204
 10.85814      207
 10.89036      211
 10.92258      214
 10.9548       217
 10.98702      220
 10.98702      223
 11.01924      226
 11.05146      230
 11.08368      233
 11.1159       236
 11.14812      239
 11.18034      242
 11.21256      245
 11.21256      249
 11.24478      252
 11.277        255
 11.30922      258
 11.34144      261
 11.37366      264
 11.40588      267
 11.4381       270
 11.47032      274
 11.47032      277
 11.50254      280
 11.53476      283
 11.56698      286
 11.5992       288
 11.63142      291
 11.66364      294
 11.69586      297
 11.69586      299
 11.72808      302
 11.7603       305
 11.79252      307
 11.82474      309
 11.85696      311
 11.88918      313
 11.9214       314
 11.9214       316
 11.95362      317
 11.98584      318
 12.01806      319
 12.05028      320
 12.0825       320
 12.11472      321
 12.14694      321
 12.17916      321
 12.17916      321
 12.21138      320
 12.2436       320
 12.27582      319
 12.30804      319
 12.34026      318
 12.37248      317
 12.4047       316
 12.4047       314
 12.43692      313
 12.46914      311
 12.50136      310
 12.53358      308
 12.5658       306
 12.59802      304
 12.63024      301
 12.63024      298
 12.66246      296
 12.69468      293
 12.7269       291
 12.75912      288
 12.79134      285
 12.82356      282
 12.85578      279
 12.85578      276
 12.888        273
 12.92022      269
 12.95244      266
 13.01688      262
 13.0491       259
 13.0491       256
 13.08132      252
 13.11354      249
 13.14576      245
 13.17798      242
 13.2102       238
 13.24242      235
 13.27464      231
 13.27464      228
 13.30686      225
 13.33908      221
 13.3713       218
 13.40352      215
 13.43574      212
 13.46796      208
 13.50018      206
 13.5324       203
 13.5324       199
 13.56462      196
 13.59684      194
 13.62906      191
 13.66128      189
 13.6935       187
 13.72572      185
 13.72572      183
 13.75794      182
 13.79016      180
 13.82238      179
 13.8546       177
 13.88682      176
 13.91904      175
 13.95126      174
 13.95126      174
 13.98348      173
 14.0157       173
 14.04792      173
 14.08014      172
 14.11236      173
 14.14458      173
 14.14458      173
 14.1768       173
 14.20902      174
 14.24124      174
 14.27346      175
 14.30568      176
 14.3379       177
 14.3379       178
 14.37012      179
 14.40234      180
 14.43456      182
 14.46678      183
 14.499        185
 14.53122      186
 14.53122      188
 14.56344      190
 14.59566      191
 14.62788      193
 14.6601       196
 14.69232      198
 14.72454      200
 14.75676      203
 14.75676      205
 14.78898      208
 14.8212       210
 14.85342      212
 14.88564      215
 14.91786      217
 14.95008      220
 14.95008      222
 14.9823       225
 15.01452      227
 15.04674      230
 15.07896      233
 15.11118      236
 15.1434       238
 15.1434       241
 15.17562      244
 15.20784      247
 15.24006      250
 15.27228      253
 15.3045       256
 15.33672      258
 15.33672      262
 15.36894      264
 15.40116      267
 15.43338      270
 15.4656       273
 15.49782      277
 15.53004      280
 15.56226      283
 15.56226      286
 15.59448      289
 15.6267       293
 15.65892      296
 15.69114      299
 15.72336      303
 15.72336      307
 15.75558      310
 15.7878       314
 15.82002      317
 15.85224      320
 15.88446      324
 15.91668      327
 15.9489       331
 15.9489       335
 15.98112      339
 16.01334      343
 16.04556      347
 16.07778      350
 16.11         354
 16.14222      357
 16.14222      361
 16.17444      364
 16.20666      367
 16.2711       371
 16.30332      375
 16.30332      378
 16.33554      381
 16.36776      385
 16.39998      389
 16.4322       392
 16.46442      395
 16.49664      398
 16.49664      400
 16.52886      404
 16.56108      406
 16.5933       408
 16.62552      409
 16.65774      411
 16.65774      412
 16.68996      414
 16.72218      415
 16.7544       417
 16.78662      418
 16.81884      419
 16.85106      421
 16.85106      422
 16.88328      423
 16.9155       424
 16.94772      425
 16.97994      426
 17.01216      426
 17.04438      427
 17.04438      427
 17.0766       427
 17.10882      427
 17.14104      427
 17.17326      427
 17.20548      427
 17.20548      426
 17.2377       426
 17.26992      425
 17.30214      424
 17.33436      423
 17.36658      422
 17.3988       420
 17.3988       419
 17.43102      417
 17.46324      416
 17.49546      414
 17.52768      412
 17.5599       409
 17.5599       407
 17.59212      405
 17.62434      401
 17.65656      399
 17.68878      396
 17.721        393
 17.75322      390
 17.75322      386
 17.78544      383
 17.81766      380
 17.84988      376
 17.8821       373
 17.91432      369
 17.91432      365
 17.94654      362
 17.97876      358
 18.01098      354
 18.0432       349
 18.07542      345
 18.10764      341
 18.10764      337
 18.13986      333
 18.17208      328
 18.2043       324
 18.23652      319
 18.26874      315
 18.26874      311
 18.30096      306
 18.33318      301
 18.3654       296
 18.39762      292
 18.42984      288
 18.42984      284
 18.46206      279
 18.49428      275
 18.5265       271
 18.55872      268
 18.59094      264
 18.62316      260
 18.62316      257
 18.65538      253
 18.6876       250
 18.71982      247
 18.75204      244
 18.75204      242
 18.78426      239
 18.81648      237
 18.8487       235
 18.88092      233
 18.91314      231
 18.94536      230
 18.94536      228
 18.97758      227
 19.0098       226
 19.04202      226
 19.07424      225
 19.10646      225
 19.10646      224
 19.13868      224
 19.1709       224
 19.20312      225
 19.23534      225
 19.26756      225
 19.26756      226
 19.29978      227
 19.332        228
 19.36422      229
 19.39644      230
 19.42866      231
 19.46088      233
 19.4931       234
 19.52532      236
 19.55754      238
 19.58976      239
 19.62198      241
 19.62198      243
 19.6542       245
 19.68642      247
 19.71864      249
 19.75086      252
 19.78308      254
 19.78308      256
 19.8153       258
 19.84752      261
 19.87974      263
 19.91196      265
 19.91196      268
 19.94418      270
 19.9764       273
 20.00862      275
 20.04084      278
 20.07306      280
 20.07306      283
 20.10528      287
 20.1375       299
 20.16972      309
 20.20194      317
 20.23416      323
 20.23416      329
 20.26638      333
 20.2986       337
 20.33082      340
 20.36304      343
 20.39526      345
 20.42748      347
 20.42748      349
 20.4597       351
 20.49192      353
 20.52414      354
 20.55636      356
 20.55636      358
 20.58858      360
 20.6208       362
 20.65302      364
 20.68524      366
 20.71746      368
 20.71746      370
 20.74968      372
 20.7819       374
 20.81412      377
 20.84634      379
 20.84634      382
 20.87856      384
 20.91078      387
 20.943        389
 20.97522      392
 21.00744      395
 21.00744      398
 21.03966      400
 21.07188      404
 21.1041       407
 21.13632      410
 21.16854      413
 21.16854      416
 21.20076      421
 21.23298      425
 21.2652       429
 21.29742      433
 21.29742      437
 21.32964      440
 21.36186      443
 21.39408      446
 21.4263       449
 21.45852      451
 21.45852      454
 21.49074      456
 21.52296      458
 21.55518      460
 21.5874       462
 21.61962      464
 21.61962      466
 21.65184      468
 21.68406      470
 21.71628      471
 21.7485       472
 21.7485       474
 21.78072      475
 21.81294      476
 21.84516      476
 21.87738      477
 21.87738      478
 21.9096       478
 21.94182      479
 21.97404      479
 22.00626      480
 22.03848      480
 22.03848      480
 22.0707       480
 22.10292      480
 22.13514      480
 22.16736      480
 22.19958      479
 22.19958      479
 22.2318       478
 22.26402      478
 22.29624      477
 22.32846      476
 22.32846      475
 22.36068      474
 22.3929       473
 22.42512      472
 22.45734      470
 22.48956      469
 22.48956      467
 22.52178      466
 22.554        465
 22.58622      464
 22.61844      462
 22.61844      460
 22.65066      459
 22.68288      456
 22.7151       454
 22.74732      452
 22.77954      449
 22.81176      446
 22.84398      443
 22.8762       440
 22.8762       437
 22.90842      434
 22.94064      431
 22.97286      427
 23.00508      424
 23.0373       420
 23.0373       417
 23.06952      413
 23.10174      409
 23.13396      405
 23.16618      401
 23.16618      397
 23.1984       393
 23.23062      389
 23.26284      385
 23.29506      381
 23.29506      376
 23.32728      372
 23.3595       368
 23.39172      364
 23.42394      360
 23.42394      356
 23.45616      352
 23.48838      348
 23.5206       343
 23.55282      339
 23.55282      336
 23.58504      331
 23.61726      328
 23.64948      324
 23.6817       320
 23.6817       316
 23.71392      313
 23.74614      309
 23.77836      306
 23.81058      303
 23.81058      299
 23.8428       296
 23.87502      293
 23.90724      291
 23.93946      288
 23.93946      286
 23.97168      284
 24.0039       282
 24.03612      280
 24.06834      279
 24.10056      277
 24.10056      276
 24.13278      275
 24.165        274
 24.19722      273
 24.19722      273
 24.22944      272
 24.26166      272
 24.29388      272
 24.3261       271
 24.35832      272
 24.35832      272
 24.39054      272
 24.42276      273
 24.45498      273
 24.45498      274
 24.4872       275
 24.51942      276
 24.55164      277
 24.58386      278
 24.61608      279
 24.61608      281
 24.6483       282
 24.68052      284
 24.71274      285
 24.71274      287
 24.74496      289
 24.77718      290
 24.8094       292
 24.84162      294
 24.84162      296
 24.87384      298
 24.90606      300
 24.93828      303
 24.9705       305
 24.9705       307
 25.00272      309
 25.03494      311
 25.06716      314
 25.09938      316
 25.09938      319
 25.1316       321
 25.16382      324
 25.19604      327
 25.22826      329
 25.22826      332
 25.26048      335
 25.2927       338
 25.32492      340
 25.35714      343
 25.35714      346
 25.38936      349
 25.42158      352
 25.4538       354
 25.4538       357
 25.48602      360
 25.51824      363
 25.55046      366
 25.58268      369
 25.58268      372
 25.6149       375
 25.64712      378
 25.67934      382
 25.71156      385
 25.71156      388
 25.74378      391
 25.776        394
 25.80822      397
 25.84044      400
 25.84044      403
 25.87266      407
 25.90488      410
 25.9371       413
 25.96932      416
 25.96932      419
 26.03376      421
 26.06598      424
 26.06598      427
 26.0982       430
 26.13042      433
 26.16264      435
 26.19486      438
 26.19486      441
 26.22708      444
 26.2593       446
 26.29152      449
 26.32374      451
 26.32374      454
 26.35596      456
 26.38818      459
 26.4204       461
 26.4204       463
 26.45262      466
 26.48484      468
 26.51706      470
 26.54928      472
 26.54928      474
 26.5815       476
 26.61372      478
 26.64594      480
 26.67816      482
 26.67816      483
 26.71038      485
 26.7426       486
 26.77482      488
 26.77482      489
 26.80704      490
 26.83926      492
 26.87148      493
 26.87148      494
 26.9037       495
 26.93592      496
 26.96814      497
 27.00036      497
 27.00036      498
 27.03258      499
 27.0648       499
 27.09702      500
 27.09702      500
 27.12924      501
 27.16146      501
 27.19368      501
 27.2259       501
 27.2259       501
 27.25812      501
 27.29034      501
 27.32256      501
 27.32256      501
 27.35478      500
 27.387        500
 27.41922      499
 27.45144      499
 27.45144      498
 27.48366      497
 27.51588      497
 27.5481       496
 27.5481       495
 27.58032      494
 27.61254      493
 27.64476      492
 27.64476      490
 27.67698      489
 27.7092       488
 27.74142      486
 27.74142      485
 27.77364      483
 27.80586      482
 27.83808      480
 27.8703       478
 27.8703       477
 27.90252      475
 27.93474      473
 27.96696      471
 27.96696      469
 27.99918      467
 28.0314       464
 28.06362      463
 28.09584      461
 28.09584      460
 28.12806      462
 28.16028      467
