 0             0
 0             0
 0             0
 0             0
 0             0
 0             0
 0             0
 0             0
 0             0
 0             0
 0             0
 0             0
 0             0
 3.222e-002    0
 3.222e-002    0
 6.444e-002    0
 9.666e-002    0
 9.666e-002    0
 0.12888       0
 0.1611        0
 0.19332       0
 0.19332       0
 0.22554       0
 0.25776       0
 0.28998       0
 0.3222        0
 0.35442       0
 0.38664       0
 0.38664       0
 0.41886       0
 0.45108       0
 0.4833        0
 0.51552       0
 0.54774       0
 0.57996       0
 0.61218       0
 0.6444        0
 0.6444        0
 0.67662       0
 0.70884       0
 0.74106       0
 0.77328       0
 0.8055        0
 0.83772       0
 0.86994       0
 0.90216       0
 0.93438       0
 0.9666        0
 0.99882       0
 1.03104       0
 1.03104       0
 1.06326       0
 1.09548       0
 1.1277        0
 1.15992       0
 1.19214       0
 1.22436       0
 1.25658       0
 1.2888        0
 1.32102       0
 1.35324       0
 1.38546       0
 1.41768       0
 1.41768       0
 1.4499        0
 1.48212       0
 1.51434       0
 1.54656       0
 1.57878       0
 1.611         0
 1.64322       0
 1.67544       0
 1.70766       0
 1.73988       0
 1.7721        0
 1.80432       0
 1.83654       0
 1.86876       0
 1.86876       0
 1.90098       0
 1.9332        0
 1.96542       0
 1.99764       0
 2.02986       0
 2.06208       0
 2.0943        0
 2.12652       0
 2.15874       0
 2.19096       0
 2.22318       0
 2.2554        0
 2.28762       0
 2.28762       0
 2.31984       0
 2.35206       0
 2.38428       0
 2.4165        0
 2.44872       0
 2.48094       0
 2.51316       0
 2.54538       0
 2.5776        0
 2.60982       0
 2.64204       0
 2.67426       0
 2.70648       0
 2.7387        0
 2.7387        0
 2.77092       0
 2.80314       0
 2.83536       0
 2.86758       0
 2.8998        0
 2.93202       0
 2.96424       0
 2.99646       0
 3.02868       0
 3.0609        0
 3.09312       0
 3.12534       0
 3.15756       0
 3.15756       0
 3.18978       0
 3.25422       0
 3.28644       0
 3.31866       0
 3.35088       0
 3.3831        0
 3.41532       0
 3.44754       0
 3.47976       0
 3.51198       0
 3.5442        0
 3.5442        0
 3.57642       0
 3.60864       0
 3.64086       0
 3.67308       0
 3.7053        0
 3.73752       0
 3.76974       0
 3.80196       0
 3.83418       0
 3.8664        0
 3.89862       0
 3.93084       0
 3.93084       0
 3.96306       0
 3.99528       0
 4.0275        0
 4.05972       0
 4.09194       0
 4.12416       0
 4.15638       0
 4.1886        0
 4.22082       0
 4.25304       0
 4.28526       0
 4.31748       0
 4.3497        0
 4.3497        0
 4.38192       0
 4.41414       0
 4.44636       0
 4.47858       0
 4.5108        0
 4.54302       0
 4.57524       0
 4.60746       0
 4.63968       0
 4.6719        0
 4.70412       0
 4.70412       0
 4.73634       0
 4.76856       0
 4.80078       0
 4.833         0
 4.86522       0
 4.89744       0
 4.92966       0
 4.96188       0
 4.9941        0
 5.02632       0
 5.05854       0
 5.09076       0
 5.09076       1
 5.12298       1
 5.1552        1
 5.18742       1
 5.21964       1
 5.25186       2
 5.28408       2
 5.3163        2
 5.34852       2
 5.38074       3
 5.41296       3
 5.44518       3
 5.4774        4
 5.4774        4
 5.50962       4
 5.54184       5
 5.57406       5
 5.60628       5
 5.6385        6
 5.67072       6
 5.70294       7
 5.73516       7
 5.76738       8
 5.7996        8
 5.83182       9
 5.83182       9
 5.86404       10
 5.89626       10
 5.92848       11
 5.9607        11
 5.99292       12
 6.02514       13
 6.05736       13
 6.08958       14
 6.1218        15
 6.15402       15
 6.18624       16
 6.18624       17
 6.21846       18
 6.25068       19
 6.2829        19
 6.31512       20
 6.34734       21
 6.37956       22
 6.41178       23
 6.444         24
 6.47622       24
 6.50844       25
 6.54066       26
 6.57288       27
 6.6051        28
 6.63732       29
 6.66954       30
 6.70176       32
 6.73398       33
 6.7662        34
 6.79842       35
 6.79842       36
 6.83064       37
 6.86286       38
 6.89508       39
 6.9273        40
 6.95952       41
 6.99174       42
 7.02396       43
 7.05618       44
 7.0884        45
 7.12062       45
 7.15284       46
 7.15284       47
 7.18506       48
 7.21728       48
 7.2495        49
 7.28172       50
 7.31394       50
 7.34616       51
 7.37838       52
 7.4106        52
 7.44282       53
 7.47504       53
 7.47504       54
 7.50726       54
 7.53948       54
 7.5717        55
 7.60392       55
 7.63614       55
 7.66836       55
 7.70058       56
 7.7328        56
 7.76502       56
 7.79724       56
 7.79724       56
 7.82946       56
 7.86168       56
 7.8939        55
 7.92612       55
 7.95834       55
 7.99056       55
 8.02278       55
 8.055         55
 8.08722       55
 8.08722       54
 8.11944       54
 8.15166       54
 8.18388       54
 8.2161        53
 8.24832       53
 8.28054       52
 8.31276       52
 8.34498       52
 8.3772        51
 8.3772        51
 8.40942       50
 8.44164       49
 8.47386       49
 8.50608       48
 8.5383        48
 8.57052       47
 8.60274       47
 8.63496       46
 8.66718       46
 8.6994        45
 8.6994        45
 8.73162       44
 8.76384       44
 8.79606       43
 8.82828       43
 8.8605        42
 8.89272       42
 8.92494       41
 8.95716       41
 8.95716       40
 8.98938       40
 9.0216        39
 9.05382       39
 9.08604       39
 9.11826       38
 9.15048       38
 9.1827        38
 9.21492       37
 9.24714       37
 9.24714       37
 9.27936       36
 9.31158       36
 9.3438        36
 9.37602       36
 9.40824       35
 9.44046       35
 9.47268       35
 9.5049        35
 9.53712       35
 9.53712       35
 9.56934       35
 9.60156       35
 9.63378       36
 9.666         36
 9.69822       36
 9.76266       36
 9.79488       36
 9.79488       37
 9.8271        37
 9.85932       37
 9.89154       38
 9.92376       38
 9.95598       39
 9.9882        40
 10.02042      40
 10.05264      41
 10.05264      41
 10.08486      42
 10.11708      43
 10.1493       44
 10.18152      45
 10.21374      46
 10.24596      47
 10.27818      47
 10.3104       48
 10.3104       50
 10.34262      51
 10.37484      52
 10.40706      53
 10.43928      54
 10.4715       56
 10.50372      57
 10.53594      58
 10.56816      60
 10.56816      61
 10.60038      63
 10.6326       64
 10.66482      66
 10.69704      68
 10.72926      69
 10.76148      71
 10.7937       73
 10.82592      74
 10.82592      76
 10.85814      78
 10.89036      80
 10.92258      82
 10.9548       84
 10.98702      86
 11.01924      88
 11.05146      90
 11.08368      92
 11.08368      94
 11.1159       96
 11.14812      98
 11.18034      101
 11.21256      103
 11.24478      106
 11.277        108
 11.30922      110
 11.34144      112
 11.34144      115
 11.37366      117
 11.40588      119
 11.4381       122
 11.47032      124
 11.50254      126
 11.53476      129
 11.56698      131
 11.5992       133
 11.5992       135
 11.63142      138
 11.66364      140
 11.69586      142
 11.72808      144
 11.7603       146
 11.79252      148
 11.82474      150
 11.82474      151
 11.85696      153
 11.88918      155
 11.9214       156
 11.95362      157
 11.98584      159
 12.01806      160
 12.05028      161
 12.0825       161
 12.0825       162
 12.11472      163
 12.14694      163
 12.17916      164
 12.21138      164
 12.2436       165
 12.27582      165
 12.30804      165
 12.30804      165
 12.34026      165
 12.37248      165
 12.4047       165
 12.43692      164
 12.46914      164
 12.50136      163
 12.53358      163
 12.53358      162
 12.5658       161
 12.59802      161
 12.63024      160
 12.66246      159
 12.69468      158
 12.7269       157
 12.75912      156
 12.75912      155
 12.79134      154
 12.82356      152
 12.85578      151
 12.888        150
 12.92022      148
 12.95244      147
 12.98466      145
 13.01688      144
 13.0491       142
 13.08132      141
 13.11354      139
 13.14576      137
 13.17798      136
 13.2102       134
 13.2102       132
 13.24242      130
 13.27464      129
 13.30686      127
 13.33908      125
 13.3713       123
 13.40352      122
 13.43574      120
 13.43574      118
 13.46796      116
 13.50018      114
 13.5324       113
 13.56462      111
 13.59684      109
 13.62906      107
 13.66128      105
 13.66128      104
 13.6935       102
 13.72572      99
 13.75794      98
 13.79016      96
 13.82238      94
 13.8546       93
 13.8546       91
 13.88682      90
 13.91904      88
 13.95126      87
 13.98348      86
 14.0157       84
 14.04792      83
 14.08014      82
 14.08014      81
 14.11236      80
 14.14458      79
 14.1768       78
 14.20902      77
 14.24124      76
 14.27346      76
 14.30568      75
 14.30568      74
 14.3379       74
 14.37012      73
 14.40234      73
 14.43456      73
 14.46678      73
 14.499        73
 14.53122      73
 14.53122      73
 14.56344      73
 14.59566      73
 14.62788      73
 14.6601       74
 14.69232      74
 14.69232      75
 14.72454      75
 14.75676      76
 14.78898      77
 14.8212       77
 14.85342      78
 14.88564      79
 14.91786      80
 14.91786      81
 14.95008      82
 14.9823       84
 15.01452      85
 15.04674      86
 15.07896      88
 15.11118      89
 15.11118      91
 15.1434       92
 15.17562      94
 15.20784      95
 15.24006      97
 15.27228      99
 15.3045       102
 15.3045       104
 15.33672      106
 15.36894      107
 15.40116      109
 15.43338      111
 15.4656       114
 15.49782      116
 15.49782      118
 15.53004      120
 15.56226      122
 15.59448      125
 15.6267       127
 15.65892      130
 15.69114      132
 15.72336      135
 15.72336      137
 15.75558      140
 15.7878       142
 15.82002      145
 15.85224      147
 15.88446      150
 15.88446      153
 15.91668      155
 15.9489       158
 15.98112      161
 16.01334      164
 16.04556      167
 16.07778      169
 16.11         172
 16.11         175
 16.14222      178
 16.17444      181
 16.20666      184
 16.2711       186
 16.30332      189
 16.30332      192
 16.33554      195
 16.36776      198
 16.39998      200
 16.4322       204
 16.46442      206
 16.49664      209
 16.49664      212
 16.52886      214
 16.56108      217
 16.5933       219
 16.62552      221
 16.65774      224
 16.65774      226
 16.68996      228
 16.72218      230
 16.7544       232
 16.78662      234
 16.81884      235
 16.85106      237
 16.85106      238
 16.88328      240
 16.9155       241
 16.94772      242
 16.97994      243
 17.01216      244
 17.04438      245
 17.0766       246
 17.0766       247
 17.10882      247
 17.14104      248
 17.17326      248
 17.20548      248
 17.2377       249
 17.2377       249
 17.26992      248
 17.30214      248
 17.33436      248
 17.36658      248
 17.3988       247
 17.43102      247
 17.43102      246
 17.46324      245
 17.49546      244
 17.52768      243
 17.5599       242
 17.59212      241
 17.59212      240
 17.62434      239
 17.65656      237
 17.68878      236
 17.721        234
 17.75322      232
 17.78544      231
 17.78544      229
 17.81766      227
 17.84988      225
 17.8821       223
 17.91432      221
 17.94654      219
 17.94654      217
 17.97876      215
 18.01098      213
 18.0432       210
 18.07542      208
 18.10764      206
 18.13986      203
 18.13986      200
 18.17208      198
 18.2043       195
 18.23652      192
 18.26874      190
 18.30096      187
 18.33318      185
 18.33318      182
 18.3654       179
 18.39762      177
 18.42984      174
 18.46206      171
 18.49428      169
 18.49428      166
 18.5265       164
 18.55872      161
 18.59094      159
 18.62316      156
 18.65538      154
 18.65538      151
 18.6876       149
 18.71982      147
 18.75204      144
 18.78426      142
 18.81648      140
 18.81648      138
 18.8487       136
 18.88092      133
 18.91314      131
 18.94536      129
 18.97758      127
 18.97758      126
 19.0098       124
 19.04202      122
 19.07424      121
 19.10646      119
 19.13868      118
 19.13868      116
 19.1709       115
 19.20312      114
 19.23534      113
 19.26756      112
 19.29978      111
 19.332        110
 19.332        109
 19.36422      108
 19.39644      108
 19.42866      107
 19.46088      107
 19.4931       107
 19.52532      107
 19.55754      107
 19.58976      107
 19.62198      107
 19.6542       108
 19.6542       108
 19.68642      109
 19.71864      109
 19.75086      110
 19.78308      111
 19.8153       112
 19.8153       112
 19.84752      113
 19.87974      115
 19.91196      116
 19.94418      117
 19.9764       118
 19.9764       119
 20.00862      121
 20.04084      127
 20.07306      134
 20.10528      140
 20.1375       144
 20.1375       148
 20.16972      152
 20.20194      155
 20.23416      157
 20.26638      159
 20.2986       161
 20.2986       163
 20.33082      165
 20.36304      166
 20.39526      168
 20.42748      169
 20.4597       171
 20.4597       172
 20.49192      174
 20.52414      175
 20.55636      177
 20.58858      178
 20.58858      180
 20.6208       182
 20.65302      184
 20.68524      186
 20.71746      187
 20.74968      189
 20.7819       191
 20.7819       193
 20.81412      195
 20.84634      197
 20.87856      200
 20.91078      203
 20.91078      205
 20.943        207
 20.97522      210
 21.00744      212
 21.03966      215
 21.07188      217
 21.07188      220
 21.1041       222
 21.13632      225
 21.16854      228
 21.20076      230
 21.23298      233
 21.23298      235
 21.2652       238
 21.29742      241
 21.32964      243
 21.36186      245
 21.36186      248
 21.39408      250
 21.4263       253
 21.45852      254
 21.49074      256
 21.52296      258
 21.52296      260
 21.55518      262
 21.5874       264
 21.61962      266
 21.65184      268
 21.68406      270
 21.68406      271
 21.71628      273
 21.7485       275
 21.78072      276
 21.81294      278
 21.81294      279
 21.84516      281
 21.87738      282
 21.9096       283
 21.94182      284
 21.97404      286
 21.97404      286
 22.00626      287
 22.03848      288
 22.0707       289
 22.10292      290
 22.10292      290
 22.13514      290
 22.16736      291
 22.19958      291
 22.2318       291
 22.26402      292
 22.26402      291
 22.29624      291
 22.32846      291
 22.36068      291
 22.3929       291
 22.3929       290
 22.42512      290
 22.45734      289
 22.48956      289
 22.52178      288
 22.52178      287
 22.554        286
 22.58622      285
 22.61844      284
 22.65066      283
 22.68288      282
 22.68288      280
 22.7151       279
 22.77954      278
 22.81176      276
 22.81176      275
 22.84398      273
 22.8762       271
 22.90842      270
 22.94064      268
 22.94064      266
 22.97286      264
 23.00508      262
 23.0373       260
 23.06952      258
 23.06952      256
 23.10174      254
 23.13396      252
 23.16618      250
 23.1984       247
 23.23062      245
 23.23062      243
 23.26284      241
 23.29506      238
 23.32728      236
 23.3595       233
 23.3595       231
 23.39172      229
 23.42394      226
 23.45616      224
 23.48838      222
 23.5206       220
 23.5206       218
 23.55282      215
 23.58504      213
 23.61726      211
 23.64948      208
 23.64948      206
 23.6817       204
 23.71392      201
 23.74614      198
 23.77836      196
 23.77836      193
 23.81058      191
 23.8428       188
 23.87502      186
 23.90724      183
 23.93946      181
 23.93946      179
 23.97168      176
 24.0039       174
 24.03612      172
 24.06834      170
 24.06834      168
 24.10056      166
 24.13278      164
 24.165        162
 24.19722      160
 24.19722      159
 24.22944      157
 24.26166      155
 24.29388      154
 24.3261       153
 24.3261       151
 24.35832      150
 24.39054      149
 24.42276      148
 24.45498      147
 24.45498      146
 24.4872       145
 24.51942      145
 24.55164      144
 24.58386      144
 24.58386      144
 24.61608      144
 24.6483       143
 24.68052      144
 24.71274      144
 24.71274      144
 24.74496      144
 24.77718      144
 24.8094       145
 24.84162      146
 24.84162      146
 24.87384      147
 24.90606      148
 24.93828      149
 24.9705       150
 24.9705       151
 25.00272      152
 25.03494      153
 25.06716      155
 25.06716      156
 25.09938      158
 25.1316       159
 25.16382      161
 25.19604      162
 25.19604      164
 25.22826      166
 25.26048      168
 25.2927       170
 25.32492      172
 25.32492      174
 25.35714      176
 25.38936      178
 25.42158      180
 25.4538       183
 25.4538       185
 25.48602      187
 25.51824      189
 25.55046      192
 25.58268      194
 25.58268      196
 25.6149       199
 25.64712      202
 25.67934      205
 25.71156      207
 25.71156      210
 25.74378      212
 25.776        215
 25.80822      217
 25.84044      220
 25.84044      222
 25.87266      225
 25.90488      228
 25.9371       230
 25.9371       233
 25.96932      235
 26.03376      238
 26.06598      240
 26.06598      243
 26.0982       245
 26.13042      248
 26.16264      250
 26.19486      253
 26.19486      255
 26.22708      258
 26.2593       260
 26.29152      263
 26.29152      265
 26.32374      267
 26.35596      269
 26.38818      271
 26.4204       274
 26.4204       276
 26.45262      278
 26.48484      280
 26.51706      282
 26.54928      284
 26.54928      286
 26.5815       288
 26.61372      289
 26.64594      291
 26.67816      293
 26.67816      295
 26.71038      296
 26.7426       298
 26.77482      299
 26.77482      301
 26.80704      303
 26.83926      304
 26.87148      305
 26.9037       306
 26.9037       308
 26.93592      309
 26.96814      310
 27.00036      311
 27.00036      311
 27.03258      312
 27.0648       313
 27.09702      314
 27.09702      315
 27.12924      315
 27.16146      316
 27.19368      316
 27.2259       316
 27.2259       317
 27.25812      317
 27.29034      317
 27.32256      317
 27.35478      317
 27.35478      317
 27.387        317
 27.41922      317
 27.45144      317
 27.45144      317
 27.48366      317
 27.51588      317
 27.5481       316
 27.5481       316
 27.58032      316
 27.61254      315
 27.64476      314
 27.67698      314
 27.67698      313
 27.7092       312
 27.74142      311
 27.77364      310
 27.77364      309
 27.80586      308
 27.83808      307
 27.8703       306
 27.8703       305
 27.90252      304
 27.93474      303
 27.96696      301
 27.99918      300
 27.99918      298
 28.0314       297
 28.06362      296
 28.09584      294
 28.09584      293
 28.12806      291
 28.16028      290
 28.1925       288
 28.22472      287
