 0             0
 0             0
 0             0
 0             0
 0             0
 0             0
 0             0
 0             0
 0             0
 0             0
 0             0
 0             0
 3.222e-002    0
 3.222e-002    0
 6.444e-002    0
 9.666e-002    0
 0.12888       0
 0.12888       0
 0.1611        0
 0.19332       0
 0.22554       0
 0.25776       0
 0.25776       0
 0.28998       0
 0.3222        0
 0.35442       0
 0.38664       0
 0.41886       0
 0.45108       0
 0.4833        0
 0.4833        0
 0.51552       0
 0.54774       0
 0.57996       0
 0.61218       0
 0.6444        0
 0.67662       0
 0.70884       0
 0.74106       0
 0.74106       0
 0.77328       0
 0.8055        0
 0.83772       0
 0.86994       0
 0.90216       0
 0.93438       0
 0.9666        0
 0.99882       0
 1.03104       0
 1.06326       0
 1.09548       0
 1.09548       0
 1.1277        0
 1.15992       0
 1.19214       0
 1.22436       0
 1.25658       1
 1.2888        1
 1.32102       1
 1.35324       1
 1.38546       1
 1.41768       1
 1.4499        1
 1.48212       1
 1.51434       1
 1.51434       1
 1.54656       1
 1.57878       2
 1.611         2
 1.64322       2
 1.67544       2
 1.70766       2
 1.73988       2
 1.7721        2
 1.80432       2
 1.83654       2
 1.86876       2
 1.90098       2
 1.9332        3
 1.96542       3
 1.99764       3
 2.02986       3
 2.06208       3
 2.0943        3
 2.0943        3
 2.12652       3
 2.15874       3
 2.19096       3
 2.22318       4
 2.2554        4
 2.28762       4
 2.31984       4
 2.35206       4
 2.38428       4
 2.4165        4
 2.44872       4
 2.48094       4
 2.51316       5
 2.54538       5
 2.5776        5
 2.60982       5
 2.60982       5
 2.64204       5
 2.67426       5
 2.70648       5
 2.7387        5
 2.77092       5
 2.80314       5
 2.83536       5
 2.86758       5
 2.8998        5
 2.93202       6
 2.96424       6
 2.99646       6
 3.02868       6
 3.0609        6
 3.09312       6
 3.09312       6
 3.12534       6
 3.15756       6
 3.18978       7
 3.25422       7
 3.28644       7
 3.31866       7
 3.35088       7
 3.3831        7
 3.41532       7
 3.44754       7
 3.47976       8
 3.51198       8
 3.5442        8
 3.5442        8
 3.57642       8
 3.60864       8
 3.64086       9
 3.67308       9
 3.7053        9
 3.73752       9
 3.76974       9
 3.80196       9
 3.83418       10
 3.8664        10
 3.89862       10
 3.93084       10
 3.96306       10
 3.99528       10
 3.99528       11
 4.0275        11
 4.05972       11
 4.09194       11
 4.12416       11
 4.15638       11
 4.1886        11
 4.22082       12
 4.25304       12
 4.28526       12
 4.31748       12
 4.3497        12
 4.38192       12
 4.41414       13
 4.44636       13
 4.44636       13
 4.47858       13
 4.5108        13
 4.54302       14
 4.57524       14
 4.60746       14
 4.63968       14
 4.6719        14
 4.70412       15
 4.73634       15
 4.76856       15
 4.80078       15
 4.833         15
 4.86522       16
 4.86522       16
 4.89744       16
 4.92966       16
 4.96188       16
 4.9941        17
 5.02632       17
 5.05854       17
 5.09076       18
 5.12298       18
 5.1552        18
 5.18742       18
 5.21964       19
 5.25186       19
 5.28408       19
 5.28408       20
 5.3163        20
 5.34852       20
 5.38074       20
 5.41296       21
 5.44518       21
 5.4774        21
 5.50962       22
 5.54184       22
 5.57406       22
 5.60628       23
 5.6385        23
 5.67072       23
 5.70294       24
 5.70294       26
 5.73516       29
 5.76738       31
 5.7996        33
 5.83182       34
 5.86404       36
 5.89626       37
 5.92848       38
 5.9607        40
 5.99292       41
 6.02514       41
 6.05736       42
 6.08958       43
 6.08958       44
 6.1218        44
 6.15402       44
 6.18624       45
 6.21846       45
 6.25068       46
 6.2829        46
 6.31512       46
 6.34734       46
 6.37956       47
 6.41178       47
 6.444         47
 6.47622       47
 6.50844       48
 6.54066       48
 6.57288       48
 6.6051        48
 6.63732       48
 6.66954       49
 6.70176       49
 6.73398       49
 6.7662        49
 6.79842       49
 6.79842       49
 6.83064       49
 6.86286       49
 6.89508       50
 6.9273        50
 6.95952       50
 6.99174       50
 7.02396       50
 7.05618       50
 7.0884        50
 7.12062       50
 7.15284       50
 7.15284       50
 7.18506       50
 7.21728       50
 7.2495        50
 7.28172       50
 7.31394       50
 7.34616       50
 7.37838       50
 7.4106        50
 7.44282       50
 7.47504       50
 7.50726       50
 7.50726       50
 7.53948       50
 7.5717        50
 7.60392       49
 7.63614       49
 7.66836       49
 7.70058       49
 7.7328        49
 7.76502       49
 7.79724       49
 7.82946       49
 7.82946       48
 7.86168       48
 7.8939        48
 7.92612       48
 7.95834       48
 7.99056       48
 8.02278       47
 8.055         47
 8.08722       47
 8.11944       47
 8.15166       46
 8.18388       46
 8.18388       46
 8.2161        46
 8.24832       46
 8.28054       45
 8.31276       45
 8.34498       45
 8.3772        45
 8.40942       45
 8.44164       45
 8.47386       44
 8.47386       44
 8.50608       44
 8.5383        44
 8.57052       44
 8.60274       44
 8.63496       44
 8.66718       44
 8.6994        44
 8.73162       44
 8.76384       44
 8.79606       44
 8.82828       44
 8.82828       44
 8.8605        44
 8.89272       44
 8.92494       44
 8.95716       44
 8.98938       44
 9.0216        44
 9.05382       44
 9.08604       44
 9.11826       44
 9.11826       44
 9.15048       44
 9.1827        44
 9.21492       45
 9.24714       45
 9.27936       45
 9.31158       45
 9.3438        45
 9.37602       45
 9.40824       46
 9.40824       45
 9.44046       46
 9.47268       49
 9.5049        52
 9.53712       54
 9.56934       55
 9.60156       56
 9.63378       57
 9.666         58
 9.69822       59
 9.73044       59
 9.76266       59
 9.79488       60
 9.8271        60
 9.85932       60
 9.89154       60
 9.92376       60
 9.95598       60
 9.9882        60
 10.02042      60
 10.02042      60
 10.05264      61
 10.08486      61
 10.11708      61
 10.1493       61
 10.18152      61
 10.21374      61
 10.24596      64
 10.27818      69
 10.3104       74
 10.3104       78
 10.34262      81
 10.37484      84
 10.40706      86
 10.43928      88
 10.4715       89
 10.50372      91
 10.53594      92
 10.56816      92
 10.56816      93
 10.60038      93
 10.6326       94
 10.66482      94
 10.69704      94
 10.72926      94
 10.76148      94
 10.7937       94
 10.82592      94
 10.85814      94
 10.85814      94
 10.89036      94
 10.92258      94
 10.9548       94
 10.98702      94
 11.01924      93
 11.05146      93
 11.08368      93
 11.1159       93
 11.1159       93
 11.14812      93
 11.18034      93
 11.21256      94
 11.24478      94
 11.277        94
 11.30922      94
 11.34144      94
 11.37366      94
 11.40588      95
 11.40588      95
 11.4381       95
 11.47032      95
 11.50254      95
 11.53476      96
 11.56698      96
 11.5992       96
 11.63142      96
 11.66364      97
 11.66364      97
 11.69586      97
 11.72808      97
 11.7603       97
 11.79252      97
 11.82474      98
 11.85696      97
 11.88918      98
 11.9214       98
 11.9214       98
 11.95362      98
 11.98584      98
 12.01806      97
 12.05028      97
 12.0825       97
 12.11472      97
 12.14694      97
 12.17916      96
 12.17916      96
 12.21138      95
 12.2436       95
 12.27582      94
 12.30804      94
 12.34026      93
 12.37248      92
 12.4047       92
 12.43692      91
 12.43692      91
 12.46914      90
 12.50136      89
 12.53358      89
 12.5658       88
 12.59802      88
 12.63024      87
 12.66246      86
 12.66246      86
 12.69468      85
 12.7269       85
 12.75912      84
 12.79134      83
 12.82356      83
 12.85578      82
 12.888        81
 12.92022      81
 12.92022      80
 12.95244      80
 13.01688      79
 13.0491       79
 13.08132      78
 13.11354      77
 13.14576      77
 13.14576      76
 13.17798      76
 13.2102       75
 13.24242      75
 13.27464      74
 13.30686      74
 13.33908      73
 13.3713       73
 13.40352      73
 13.40352      72
 13.43574      72
 13.46796      72
 13.50018      71
 13.5324       71
 13.56462      71
 13.59684      71
 13.62906      70
 13.62906      70
 13.66128      70
 13.6935       70
 13.72572      70
 13.75794      70
 13.79016      70
 13.82238      70
 13.8546       70
 13.8546       70
 13.88682      70
 13.91904      71
 13.95126      71
 13.98348      71
 14.0157       71
 14.04792      71
 14.08014      71
 14.08014      71
 14.11236      71
 14.14458      72
 14.1768       72
 14.20902      72
 14.24124      72
 14.27346      73
 14.30568      73
 14.30568      73
 14.3379       73
 14.37012      74
 14.40234      73
 14.43456      74
 14.46678      74
 14.499        74
 14.53122      74
 14.53122      74
 14.56344      74
 14.59566      75
 14.62788      75
 14.6601       76
 14.69232      76
 14.72454      77
 14.72454      77
 14.75676      78
 14.78898      78
 14.8212       79
 14.85342      80
 14.88564      80
 14.91786      81
 14.95008      82
 14.95008      82
 14.9823       83
 15.01452      84
 15.04674      85
 15.07896      85
 15.11118      86
 15.1434       87
 15.1434       88
 15.17562      89
 15.20784      89
 15.24006      90
 15.27228      91
 15.3045       92
 15.33672      93
 15.36894      94
 15.36894      95
 15.40116      96
 15.43338      97
 15.4656       99
 15.49782      101
 15.53004      102
 15.56226      103
 15.59448      105
 15.59448      106
 15.6267       107
 15.65892      108
 15.69114      109
 15.72336      110
 15.75558      111
 15.7878       112
 15.7878       113
 15.82002      114
 15.85224      115
 15.88446      116
 15.91668      117
 15.9489       118
 15.98112      119
 15.98112      120
 16.01334      121
 16.04556      122
 16.07778      123
 16.11         125
 16.14222      125
 16.17444      126
 16.20666      127
 16.20666      128
 16.2711       129
 16.30332      130
 16.33554      131
 16.36776      134
 16.39998      139
 16.39998      143
 16.4322       146
 16.46442      150
 16.49664      152
 16.52886      154
 16.56108      156
 16.5933       158
 16.5933       159
 16.62552      160
 16.65774      160
 16.68996      161
 16.72218      161
 16.7544       161
 16.78662      161
 16.78662      161
 16.81884      161
 16.85106      161
 16.88328      160
 16.9155       159
 16.94772      159
 16.97994      158
 16.97994      157
 17.01216      156
 17.04438      155
 17.0766       155
 17.10882      153
 17.14104      152
 17.17326      151
 17.17326      150
 17.20548      149
 17.2377       148
 17.26992      147
 17.30214      145
 17.33436      144
 17.36658      143
 17.36658      142
 17.3988       141
 17.43102      139
 17.46324      138
 17.49546      137
 17.52768      136
 17.5599       134
 17.5599       133
 17.59212      132
 17.62434      131
 17.65656      129
 17.68878      128
 17.721        127
 17.721        125
 17.75322      124
 17.78544      123
 17.81766      121
 17.84988      120
 17.8821       119
 17.91432      118
 17.91432      117
 17.94654      116
 17.97876      115
 18.01098      114
 18.0432       112
 18.07542      111
 18.10764      111
 18.10764      110
 18.13986      109
 18.17208      108
 18.2043       107
 18.23652      106
 18.26874      105
 18.30096      104
 18.30096      104
 18.33318      103
 18.3654       102
 18.39762      101
 18.42984      101
 18.46206      99
 18.46206      99
 18.49428      98
 18.5265       97
 18.55872      97
 18.59094      97
 18.62316      96
 18.65538      96
 18.65538      96
 18.6876       95
 18.71982      95
 18.75204      95
 18.78426      95
 18.81648      95
 18.81648      95
 18.8487       95
 18.88092      95
 18.91314      95
 18.94536      95
 18.97758      95
 19.0098       95
 19.0098       95
 19.04202      96
 19.07424      97
 19.10646      97
 19.13868      98
 19.1709       98
 19.1709       99
 19.20312      99
 19.23534      100
 19.26756      101
 19.29978      101
 19.332        102
 19.36422      102
 19.36422      103
 19.39644      103
 19.42866      104
 19.46088      104
 19.52532      105
 19.52532      105
 19.55754      106
 19.58976      106
 19.62198      107
 19.6542       108
 19.68642      108
 19.71864      109
 19.71864      110
 19.75086      110
 19.78308      111
 19.8153       112
 19.84752      112
 19.87974      113
 19.91196      114
 19.91196      115
 19.94418      115
 19.9764       116
 20.00862      117
 20.04084      118
 20.07306      119
 20.07306      120
 20.10528      121
 20.1375       121
 20.16972      123
 20.20194      123
 20.23416      124
 20.23416      126
 20.26638      127
 20.2986       128
 20.33082      129
 20.36304      130
 20.39526      131
 20.42748      132
 20.42748      133
 20.4597       134
 20.49192      135
 20.52414      136
 20.55636      137
 20.55636      138
 20.58858      139
 20.6208       141
 20.65302      142
 20.68524      143
 20.71746      144
 20.71746      145
 20.74968      147
 20.7819       148
 20.81412      149
 20.84634      150
 20.87856      151
 20.87856      153
 20.91078      154
 20.943        155
 20.97522      156
 21.00744      158
 21.03966      159
 21.03966      160
 21.07188      161
 21.1041       162
 21.13632      163
 21.16854      165
 21.20076      166
 21.20076      167
 21.23298      168
 21.2652       169
 21.29742      170
 21.32964      171
 21.36186      171
 21.36186      172
 21.39408      173
 21.4263       174
 21.45852      174
 21.49074      175
 21.52296      176
 21.52296      176
 21.55518      177
 21.5874       177
 21.61962      178
 21.65184      178
 21.68406      178
 21.68406      179
 21.71628      179
 21.7485       179
 21.78072      179
 21.81294      179
 21.84516      179
 21.84516      179
 21.87738      179
 21.9096       179
 21.94182      179
 21.97404      179
 21.97404      179
 22.00626      179
 22.03848      178
 22.0707       181
 22.10292      183
 22.13514      184
 22.13514      186
 22.16736      186
 22.19958      187
 22.2318       187
 22.26402      187
 22.26402      186
 22.29624      186
 22.32846      185
 22.36068      184
 22.3929       183
 22.42512      182
 22.42512      180
 22.45734      179
 22.48956      178
 22.52178      176
 22.554        175
 22.58622      173
 22.58622      172
 22.61844      170
 22.65066      169
 22.68288      167
 22.7151       166
 22.74732      164
 22.77954      163
 22.81176      161
 22.84398      160
 22.8762       158
 22.8762       157
 22.90842      155
 22.94064      154
 22.97286      152
 23.00508      151
 23.00508      149
 23.0373       148
 23.06952      147
 23.10174      145
 23.13396      144
 23.13396      143
 23.16618      142
 23.1984       141
 23.23062      140
 23.26284      139
 23.29506      138
 23.29506      137
 23.32728      136
 23.3595       135
 23.39172      134
 23.42394      133
 23.42394      133
 23.45616      132
 23.48838      131
 23.5206       130
 23.55282      130
 23.58504      129
 23.58504      129
 23.61726      128
 23.64948      128
 23.6817       127
 23.71392      127
 23.71392      126
 23.74614      126
 23.77836      126
 23.81058      126
 23.8428       125
 23.8428       125
 23.87502      125
 23.90724      125
 23.93946      125
 23.97168      125
 23.97168      125
 24.0039       125
 24.03612      125
 24.06834      125
 24.10056      125
 24.13278      125
 24.13278      125
 24.165        126
 24.19722      126
 24.22944      126
 24.26166      126
 24.26166      127
 24.29388      127
 24.3261       127
 24.35832      127
 24.39054      127
 24.39054      128
 24.42276      128
 24.45498      129
 24.4872       129
 24.51942      130
 24.51942      130
 24.55164      131
 24.58386      131
 24.61608      132
 24.6483       133
 24.68052      133
 24.68052      134
 24.71274      135
 24.74496      135
 24.77718      136
 24.8094       137
 24.8094       138
 24.84162      139
 24.87384      139
 24.90606      140
 24.93828      141
 24.93828      142
 24.9705       143
 25.00272      144
 25.03494      145
 25.03494      146
 25.06716      147
 25.09938      148
 25.1316       149
 25.16382      150
 25.16382      151
 25.19604      152
 25.22826      153
 25.26048      154
 25.2927       155
 25.32492      156
 25.32492      157
 25.35714      158
 25.38936      160
 25.42158      161
 25.42158      162
 25.4538       163
 25.48602      165
 25.51824      166
 25.55046      167
 25.55046      168
 25.58268      170
 25.6149       171
 25.64712      172
 25.67934      173
 25.67934      175
 25.71156      176
 25.74378      177
 25.776        178
 25.80822      180
 25.80822      181
 25.84044      182
 25.87266      183
 25.90488      184
 25.9371       186
 25.9371       187
 25.96932      188
 26.03376      189
 26.06598      190
 26.06598      191
 26.0982       192
 26.13042      193
 26.16264      194
 26.19486      195
 26.19486      196
 26.22708      197
 26.2593       198
 26.29152      199
 26.32374      200
 26.32374      202
 26.35596      203
 26.38818      203
 26.4204       204
 26.4204       205
 26.45262      206
 26.48484      206
 26.51706      207
 26.54928      207
 26.54928      208
 26.5815       208
 26.61372      209
 26.64594      209
 26.67816      210
 26.67816      210
 26.71038      210
 26.7426       211
 26.77482      211
 26.80704      211
 26.80704      211
 26.83926      211
 26.87148      211
 26.9037       211
 26.93592      212
 26.93592      211
 26.96814      211
 27.00036      211
 27.03258      211
 27.03258      211
 27.0648       210
 27.09702      210
 27.12924      210
 27.16146      209
 27.16146      209
 27.19368      208
 27.2259       208
 27.25812      207
 27.25812      206
 27.29034      206
 27.32256      205
 27.35478      204
 27.387        203
 27.387        203
 27.41922      202
 27.45144      200
 27.48366      199
 27.48366      198
 27.51588      197
 27.5481       197
 27.58032      195
 27.61254      195
 27.61254      194
 27.64476      192
 27.67698      192
 27.7092       191
 27.74142      190
 27.74142      188
 27.77364      187
 27.80586      186
 27.83808      186
 27.83808      185
 27.8703       184
 27.90252      184
 27.93474      183
 27.96696      182
 27.96696      181
 27.99918      180
 28.0314       179
 28.06362      178
 28.06362      177
 28.09584      176
 28.12806      175
 28.16028      173
 28.16028      173
 28.1925       172
 28.22472      171
 28.25694      170
 28.25694      169
 28.28916      168
 28.32138      167
 28.3536       166
 28.38582      165
 28.38582      165
 28.41804      164
