 0             45
 0             43
 0             41
 0             40
 0             38
 0             37
 0             35
 0             34
 0             33
 0             32
 0             30
 0             29
 3.222e-002    28
 6.444e-002    27
 9.666e-002    26
 9.666e-002    25
 0.12888       24
 0.1611        23
 0.19332       22
 0.22554       21
 0.25776       21
 0.28998       20
 0.28998       19
 0.35442       18
 0.35442       18
 0.38664       17
 0.41886       17
 0.45108       16
 0.4833        15
 0.51552       15
 0.54774       14
 0.57996       14
 0.61218       13
 0.61218       13
 0.67662       12
 0.67662       12
 0.70884       11
 0.74106       11
 0.77328       10
 0.8055        10
 0.83772       10
 0.86994       9
 0.90216       11
 0.93438       13
 0.9666        14
 0.99882       15
 1.03104       16
 1.06326       16
 1.09548       17
 1.1277        17
 1.1277        17
 1.19214       18
 1.19214       18
 1.22436       17
 1.25658       17
 1.2888        17
 1.32102       17
 1.35324       17
 1.38546       17
 1.41768       16
 1.4499        16
 1.48212       16
 1.51434       15
 1.54656       15
 1.57878       15
 1.611         15
 1.64322       14
 1.67544       14
 1.70766       14
 1.73988       13
 1.7721        13
 1.80432       13
 1.83654       12
 1.86876       12
 1.86876       12
 1.9332        12
 1.9332        12
 1.96542       11
 1.99764       11
 2.02986       11
 2.06208       11
 2.0943        11
 2.12652       11
 2.15874       10
 2.19096       10
 2.22318       10
 2.2554        10
 2.28762       10
 2.31984       10
 2.35206       10
 2.38428       10
 2.4165        9
 2.44872       9
 2.48094       10
 2.51316       10
 2.54538       10
 2.5776        10
 2.60982       10
 2.60982       10
 2.64204       10
 2.67426       11
 2.70648       12
 2.7387        13
 2.77092       14
 2.80314       15
 2.83536       15
 2.86758       16
 2.8998        16
 2.93202       16
 2.96424       17
 2.99646       17
 3.02868       17
 3.0609        17
 3.09312       17
 3.12534       17
 3.15756       17
 3.18978       16
 3.222         16
 3.25422       16
 3.28644       16
 3.31866       16
 3.35088       16
 3.3831        16
 3.41532       16
 3.44754       16
 3.47976       16
 3.51198       16
 3.5442        15
 3.57642       15
 3.60864       15
 3.64086       15
 3.67308       15
 3.7053        15
 3.73752       15
 3.76974       15
 3.76974       15
 3.80196       15
 3.83418       15
 3.8664        15
 3.89862       15
 3.93084       15
 3.96306       15
 3.99528       15
 4.0275        15
 4.05972       15
 4.09194       15
 4.12416       15
 4.15638       15
 4.1886        16
 4.22082       16
 4.25304       16
 4.28526       16
 4.31748       16
 4.31748       16
 4.3497        16
 4.38192       16
 4.41414       16
 4.44636       17
 4.47858       17
 4.5108        17
 4.54302       17
 4.57524       17
 4.60746       18
 4.63968       18
 4.6719        18
 4.70412       18
 4.73634       19
 4.76856       19
 4.80078       19
 4.833         19
 4.833         20
 4.86522       20
 4.89744       20
 4.92966       21
 4.96188       21
 4.9941        21
 5.02632       22
 5.05854       22
 5.09076       22
 5.12298       23
 5.1552        23
 5.18742       23
 5.21964       24
 5.25186       24
 5.28408       24
 5.3163        25
 5.3163        25
 5.34852       26
 5.38074       26
 5.41296       27
 5.44518       27
 5.4774        28
 5.50962       28
 5.54184       29
 5.57406       29
 5.60628       30
 5.6385        30
 5.67072       31
 5.70294       32
 5.73516       32
 5.73516       33
 5.76738       34
 5.7996        34
 5.83182       35
 5.86404       35
 5.89626       36
 5.92848       37
 5.9607        37
 5.99292       38
 6.02514       39
 6.05736       40
 6.08958       40
 6.1218        41
 6.15402       42
 6.18624       42
 6.21846       43
 6.21846       44
 6.25068       45
 6.2829        46
 6.31512       46
 6.34734       47
 6.37956       48
 6.41178       49
 6.444         49
 6.50844       50
 6.54066       51
 6.54066       52
 6.57288       52
 6.6051        53
 6.63732       54
 6.66954       55
 6.70176       56
 6.73398       58
 6.7662        60
 6.79842       63
 6.83064       64
 6.86286       66
 6.89508       67
 6.9273        69
 6.95952       70
 6.95952       71
 6.99174       72
 7.02396       73
 7.05618       73
 7.0884        74
 7.12062       74
 7.15284       75
 7.18506       75
 7.21728       76
 7.2495        76
 7.28172       76
 7.31394       76
 7.34616       77
 7.34616       77
 7.37838       77
 7.4106        77
 7.44282       77
 7.47504       77
 7.50726       77
 7.53948       77
 7.5717        77
 7.60392       77
 7.63614       77
 7.66836       76
 7.70058       76
 7.70058       76
 7.7328        76
 7.76502       76
 7.79724       76
 7.82946       76
 7.86168       75
 7.8939        75
 7.92612       75
 7.95834       75
 7.99056       74
 8.02278       74
 8.055         74
 8.08722       73
 8.08722       73
 8.11944       73
 8.15166       73
 8.18388       72
 8.2161        72
 8.24832       72
 8.28054       71
 8.31276       71
 8.34498       71
 8.3772        70
 8.40942       70
 8.40942       70
 8.44164       69
 8.47386       69
 8.50608       69
 8.5383        68
 8.57052       68
 8.60274       68
 8.63496       67
 8.66718       67
 8.6994        67
 8.73162       67
 8.76384       67
 8.76384       66
 8.79606       66
 8.82828       65
 8.8605        65
 8.89272       65
 8.92494       65
 8.95716       64
 8.98938       64
 9.0216        64
 9.05382       64
 9.08604       64
 9.08604       64
 9.11826       64
 9.15048       64
 9.1827        64
 9.21492       65
 9.24714       65
 9.27936       66
 9.31158       67
 9.3438        67
 9.37602       68
 9.40824       68
 9.40824       69
 9.44046       69
 9.47268       70
 9.5049        70
 9.53712       70
 9.56934       71
 9.60156       71
 9.63378       72
 9.666         72
 9.69822       72
 9.73044       73
 9.76266       73
 9.79488       74
 9.8271        74
 9.85932       75
 9.89154       75
 9.92376       76
 9.95598       76
 9.9882        77
 10.02042      78
 10.02042      78
 10.05264      79
 10.08486      80
 10.11708      80
 10.1493       81
 10.18152      82
 10.21374      82
 10.24596      83
 10.27818      84
 10.3104       85
 10.34262      86
 10.34262      87
 10.37484      87
 10.40706      88
 10.43928      89
 10.4715       90
 10.50372      91
 10.53594      92
 10.56816      93
 10.60038      95
 10.60038      96
 10.6326       97
 10.66482      98
 10.69704      99
 10.72926      101
 10.76148      102
 10.7937       103
 10.82592      105
 10.85814      106
 10.89036      107
 10.89036      109
 10.92258      110
 10.9548       111
 10.98702      113
 11.01924      114
 11.05146      116
 11.08368      117
 11.1159       119
 11.14812      120
 11.18034      122
 11.18034      123
 11.21256      125
 11.24478      126
 11.277        128
 11.30922      129
 11.34144      131
 11.37366      132
 11.40588      134
 11.4381       135
 11.47032      137
 11.47032      138
 11.50254      140
 11.53476      141
 11.56698      143
 11.5992       144
 11.63142      145
 11.66364      146
 11.69586      148
 11.72808      149
 11.72808      150
 11.7603       151
 11.79252      152
 11.82474      153
 11.85696      154
 11.88918      155
 11.9214       155
 11.95362      156
 11.98584      156
 11.98584      157
 12.01806      157
 12.05028      158
 12.0825       158
 12.11472      160
 12.14694      160
 12.17916      161
 12.21138      161
 12.2436       162
 12.2436       161
 12.27582      161
 12.30804      161
 12.34026      161
 12.37248      160
 12.4047       159
 12.43692      159
 12.46914      158
 12.50136      157
 12.50136      156
 12.53358      155
 12.5658       153
 12.59802      152
 12.63024      151
 12.66246      150
 12.69468      148
 12.7269       147
 12.75912      146
 12.75912      144
 12.79134      143
 12.82356      141
 12.85578      140
 12.888        138
 12.92022      137
 12.95244      135
 13.01688      134
 13.0491       133
 13.0491       131
 13.08132      130
 13.11354      128
 13.14576      127
 13.17798      126
 13.2102       124
 13.24242      123
 13.27464      122
 13.30686      120
 13.30686      119
 13.33908      118
 13.3713       117
 13.40352      116
 13.43574      115
 13.46796      113
 13.50018      112
 13.5324       111
 13.5324       111
 13.56462      110
 13.59684      109
 13.62906      108
 13.66128      107
 13.6935       107
 13.72572      106
 13.75794      105
 13.79016      105
 13.79016      105
 13.82238      104
 13.8546       104
 13.88682      103
 13.91904      103
 13.95126      103
 13.98348      103
 14.0157       102
 14.0157       102
 14.04792      102
 14.08014      102
 14.11236      102
 14.14458      102
 14.1768       102
 14.20902      102
 14.24124      102
 14.27346      102
 14.27346      103
 14.30568      103
 14.3379       103
 14.37012      104
 14.40234      104
 14.43456      105
 14.46678      106
 14.46678      106
 14.499        108
 14.53122      109
 14.56344      109
 14.59566      110
 14.62788      110
 14.6601       111
 14.69232      112
 14.69232      112
 14.72454      113
 14.75676      114
 14.78898      115
 14.8212       116
 14.85342      117
 14.88564      118
 14.91786      120
 14.95008      121
 14.95008      122
 14.9823       123
 15.01452      125
 15.04674      126
 15.07896      127
 15.11118      129
 15.1434       130
 15.1434       133
 15.17562      134
 15.20784      136
 15.24006      138
 15.27228      140
 15.3045       142
 15.33672      143
 15.36894      145
 15.36894      147
 15.40116      148
 15.43338      150
 15.4656       151
 15.49782      153
 15.53004      155
 15.56226      156
 15.59448      158
 15.59448      160
 15.6267       162
 15.65892      164
 15.69114      166
 15.72336      167
 15.75558      169
 15.7878       171
 15.7878       173
 15.82002      174
 15.85224      176
 15.88446      178
 15.91668      180
 15.9489       182
 15.98112      183
 16.01334      185
 16.01334      187
 16.04556      189
 16.07778      191
 16.11         192
 16.14222      194
 16.17444      196
 16.20666      198
 16.23888      200
 16.2711       202
 16.30332      204
 16.33554      206
 16.36776      207
 16.39998      209
 16.4322       211
 16.4322       212
 16.46442      214
 16.49664      215
 16.52886      216
 16.56108      218
 16.5933       219
 16.62552      220
 16.62552      221
 16.65774      222
 16.68996      223
 16.72218      224
 16.7544       225
 16.78662      226
 16.81884      226
 16.81884      227
 16.85106      227
 16.88328      227
 16.9155       227
 16.94772      227
 16.97994      228
 17.01216      227
 17.01216      227
 17.04438      227
 17.0766       226
 17.10882      226
 17.14104      225
 17.17326      225
 17.20548      224
 17.20548      223
 17.2377       222
 17.26992      222
 17.30214      221
 17.33436      221
 17.36658      220
 17.3988       219
 17.3988       218
 17.43102      216
 17.46324      215
 17.49546      214
 17.52768      212
 17.5599       210
 17.59212      208
 17.59212      207
 17.62434      205
 17.65656      203
 17.68878      200
 17.721        198
 17.75322      196
 17.78544      194
 17.78544      192
 17.81766      190
 17.84988      188
 17.8821       185
 17.91432      183
 17.94654      181
 17.97876      179
 17.97876      177
 18.01098      175
 18.0432       173
 18.07542      171
 18.10764      169
 18.13986      167
 18.17208      165
 18.17208      163
 18.2043       161
 18.23652      159
 18.26874      157
 18.30096      156
 18.33318      154
 18.3654       152
 18.3654       151
 18.39762      149
 18.42984      148
 18.46206      146
 18.49428      145
 18.5265       144
 18.5265       143
 18.55872      142
 18.59094      141
 18.62316      140
 18.65538      139
 18.6876       138
 18.71982      137
 18.71982      137
 18.75204      136
 18.78426      136
 18.81648      135
 18.8487       135
 18.88092      135
 18.88092      134
 18.91314      134
 18.94536      134
 18.97758      134
 19.0098       134
 19.04202      135
 19.07424      135
 19.07424      135
 19.10646      135
 19.13868      135
 19.1709       136
 19.20312      136
 19.23534      137
 19.23534      137
 19.26756      138
 19.29978      138
 19.332        139
 19.36422      140
 19.39644      140
 19.42866      141
 19.42866      142
 19.46088      143
 19.52532      143
 19.55754      144
 19.58976      145
 19.58976      146
 19.62198      147
 19.6542       148
 19.68642      150
 19.71864      151
 19.75086      152
 19.78308      153
 19.78308      154
 19.8153       156
 19.84752      157
 19.87974      158
 19.91196      160
 19.94418      161
 19.94418      163
 19.9764       164
 20.00862      166
 20.04084      169
 20.07306      172
 20.10528      174
 20.10528      176
 20.1375       178
 20.16972      180
 20.20194      182
 20.23416      184
 20.26638      186
 20.26638      187
 20.2986       189
 20.33082      191
 20.36304      192
 20.39526      194
 20.42748      195
 20.4597       197
 20.4597       199
 20.49192      200
 20.52414      203
 20.55636      205
 20.58858      206
 20.6208       208
 20.6208       210
 20.65302      212
 20.68524      213
 20.71746      215
 20.74968      217
 20.7819       219
 20.7819       221
 20.81412      223
 20.84634      225
 20.87856      226
 20.91078      228
 20.943        230
 20.943        232
 20.97522      234
 21.00744      236
 21.03966      238
 21.07188      240
 21.1041       242
 21.1041       244
 21.13632      246
 21.16854      248
 21.20076      249
 21.23298      251
 21.2652       253
 21.2652       255
 21.29742      257
 21.32964      259
 21.36186      261
 21.39408      263
 21.4263       265
 21.4263       266
 21.45852      268
 21.49074      269
 21.52296      271
 21.55518      272
 21.5874       273
 21.5874       274
 21.61962      275
 21.65184      275
 21.68406      276
 21.71628      277
 21.7485       277
 21.7485       278
 21.78072      278
 21.81294      278
 21.84516      278
 21.87738      278
 21.87738      278
 21.9096       278
 21.94182      278
 21.97404      278
 22.00626      277
 22.03848      277
 22.03848      276
 22.0707       276
 22.10292      275
 22.13514      274
 22.16736      273
 22.19958      272
 22.19958      271
 22.2318       270
 22.26402      269
 22.29624      268
 22.32846      267
 22.32846      267
 22.36068      266
 22.3929       266
 22.42512      265
 22.45734      263
 22.48956      262
 22.48956      261
 22.52178      259
 22.554        258
 22.58622      256
 22.61844      254
 22.65066      252
 22.65066      250
 22.68288      248
 22.7151       246
 22.77954      243
 22.77954      241
 22.81176      239
 22.84398      236
 22.8762       234
 22.90842      232
 22.94064      229
 22.94064      227
 22.97286      224
 23.00508      222
 23.0373       220
 23.06952      217
 23.06952      215
 23.10174      213
 23.13396      211
 23.16618      208
 23.1984       206
 23.1984       204
 23.23062      202
 23.26284      199
 23.29506      197
 23.32728      196
 23.3595       194
 23.3595       192
 23.39172      190
 23.42394      188
 23.45616      187
 23.48838      185
 23.5206       183
 23.5206       182
 23.55282      181
 23.58504      179
 23.61726      178
 23.64948      177
 23.64948      176
 23.6817       175
 23.71392      174
 23.74614      173
 23.77836      172
 23.81058      171
 23.81058      170
 23.8428       170
 23.87502      169
 23.90724      168
 23.93946      168
 23.93946      167
 23.97168      167
 24.0039       167
 24.03612      166
 24.06834      166
 24.06834      166
 24.10056      165
 24.13278      165
 24.165        165
 24.19722      165
 24.19722      166
 24.22944      166
 24.26166      166
 24.29388      167
 24.3261       167
 24.3261       168
 24.35832      168
 24.39054      169
 24.42276      170
 24.45498      171
 24.4872       171
 24.4872       172
 24.51942      173
 24.55164      174
 24.58386      175
 24.61608      176
 24.61608      178
 24.6483       179
 24.68052      180
 24.71274      181
 24.74496      183
 24.74496      184
 24.77718      185
 24.8094       186
 24.84162      188
 24.87384      189
 24.87384      191
 24.90606      192
 24.93828      194
 24.9705       195
 25.00272      197
 25.00272      199
 25.03494      200
 25.06716      203
 25.09938      204
 25.1316       206
 25.1316       208
 25.16382      209
 25.19604      211
 25.22826      213
 25.26048      214
 25.26048      216
 25.2927       217
 25.32492      218
 25.35714      220
 25.38936      222
 25.38936      223
 25.42158      225
 25.4538       227
 25.48602      229
 25.51824      231
 25.51824      233
 25.55046      235
 25.58268      237
 25.6149       239
 25.64712      241
 25.64712      243
 25.67934      245
 25.71156      247
 25.74378      249
 25.776        251
 25.776        253
 25.80822      255
 25.84044      257
 25.87266      259
 25.90488      261
 25.90488      262
 25.9371       264
 25.96932      266
 26.03376      268
 26.03376      270
 26.06598      272
 26.0982       274
 26.13042      276
 26.16264      278
 26.16264      279
 26.19486      281
 26.22708      283
 26.2593       284
 26.2593       286
 26.29152      288
 26.32374      289
 26.35596      291
 26.38818      292
 26.4204       293
 26.4204       295
 26.45262      296
 26.48484      297
 26.51706      298
 26.51706      300
 26.54928      301
 26.5815       303
 26.61372      304
 26.64594      305
 26.64594      305
 26.67816      306
 26.71038      307
 26.7426       308
 26.77482      308
 26.77482      309
 26.80704      309
 26.83926      309
 26.87148      310
 26.87148      310
 26.9037       310
 26.93592      310
 26.96814      310
 27.00036      310
 27.00036      310
 27.03258      310
 27.0648       309
 27.09702      309
 27.09702      309
 27.12924      308
 27.16146      308
 27.19368      307
 27.2259       306
 27.2259       305
 27.25812      305
 27.29034      304
 27.32256      303
 27.35478      302
 27.35478      301
 27.387        300
 27.41922      299
 27.45144      297
 27.45144      289
 27.48366      288
 27.51588      294
 27.5481       301
 27.58032      306
 27.58032      309
 27.61254      312
 27.64476      313
 27.67698      314
 27.7092       314
 27.7092       314
 27.74142      313
 27.77364      312
 27.80586      310
 27.80586      308
 27.83808      306
 27.8703       304
 27.90252      301
 27.90252      298
 27.93474      296
 27.96696      293
 27.99918      290
 28.0314       287
 28.0314       284
 28.06362      281
 28.09584      278
 28.12806      275
 28.12806      272
 28.16028      269
 28.1925       267
 28.22472      264
 28.25694      261
 28.25694      258
 28.28916      255
 28.32138      253
 28.3536       250
 28.3536       247
 28.38582      245
 28.41804      242
 28.45026      240
 28.48248      237
 28.48248      235
 28.5147       233
 28.54692      231
 28.57914      229
 28.57914      227
