 0             0
 0             0
 0             0
 0             0
 0             0
 0             0
 0             0
 0             0
 0             0
 0             0
 0             0
 0             0
 3.222e-002    0
 3.222e-002    0
 6.444e-002    0
 9.666e-002    0
 9.666e-002    0
 0.12888       0
 0.1611        0
 0.19332       0
 0.22554       0
 0.25776       0
 0.25776       0
 0.28998       0
 0.3222        0
 0.35442       0
 0.38664       0
 0.41886       0
 0.41886       0
 0.45108       0
 0.4833        0
 0.51552       0
 0.54774       0
 0.57996       0
 0.61218       0
 0.6444        0
 0.67662       0
 0.70884       0
 0.70884       0
 0.74106       0
 0.77328       0
 0.8055        0
 0.83772       0
 0.86994       0
 0.90216       0
 0.93438       0
 0.9666        0
 0.99882       0
 1.03104       0
 1.03104       0
 1.06326       0
 1.09548       0
 1.1277        0
 1.15992       0
 1.19214       0
 1.22436       0
 1.25658       0
 1.2888        0
 1.32102       0
 1.35324       0
 1.38546       0
 1.38546       0
 1.41768       0
 1.4499        0
 1.48212       0
 1.51434       0
 1.54656       0
 1.57878       0
 1.611         0
 1.64322       0
 1.67544       0
 1.70766       0
 1.73988       0
 1.7721        0
 1.80432       1
 1.83654       1
 1.86876       0
 1.86876       1
 1.90098       1
 1.9332        1
 1.96542       1
 1.99764       1
 2.02986       1
 2.06208       1
 2.0943        1
 2.12652       1
 2.15874       2
 2.19096       2
 2.22318       2
 2.2554        2
 2.28762       2
 2.31984       2
 2.35206       2
 2.38428       2
 2.4165        2
 2.44872       3
 2.48094       3
 2.51316       3
 2.54538       3
 2.5776        3
 2.5776        3
 2.60982       3
 2.64204       3
 2.67426       3
 2.70648       3
 2.7387        4
 2.77092       4
 2.80314       4
 2.83536       4
 2.86758       4
 2.8998        4
 2.93202       4
 2.96424       5
 2.99646       5
 3.02868       5
 3.02868       5
 3.0609        5
 3.09312       5
 3.12534       5
 3.15756       5
 3.18978       6
 3.25422       6
 3.28644       6
 3.31866       6
 3.35088       6
 3.3831        7
 3.41532       7
 3.44754       7
 3.47976       7
 3.47976       7
 3.51198       7
 3.5442        8
 3.57642       8
 3.60864       8
 3.64086       8
 3.67308       8
 3.7053        9
 3.73752       9
 3.76974       9
 3.80196       9
 3.83418       9
 3.8664        10
 3.89862       10
 3.89862       10
 3.93084       10
 3.96306       11
 3.99528       11
 4.0275        11
 4.05972       12
 4.09194       12
 4.12416       12
 4.15638       12
 4.1886        13
 4.22082       13
 4.25304       13
 4.28526       13
 4.31748       14
 4.3497        14
 4.38192       14
 4.38192       15
 4.41414       15
 4.44636       15
 4.47858       16
 4.5108        16
 4.54302       16
 4.57524       17
 4.60746       17
 4.63968       18
 4.6719        18
 4.70412       18
 4.73634       19
 4.76856       19
 4.80078       20
 4.80078       20
 4.833         20
 4.86522       21
 4.89744       21
 4.92966       22
 4.96188       22
 4.9941        23
 5.02632       23
 5.05854       24
 5.09076       24
 5.12298       25
 5.1552        25
 5.18742       26
 5.21964       26
 5.21964       27
 5.25186       27
 5.28408       28
 5.3163        29
 5.34852       29
 5.38074       30
 5.41296       31
 5.44518       31
 5.4774        32
 5.50962       33
 5.54184       33
 5.57406       34
 5.60628       35
 5.60628       35
 5.6385        35
 5.67072       35
 5.70294       35
 5.73516       36
 5.76738       36
 5.7996        37
 5.83182       37
 5.86404       38
 5.89626       39
 5.92848       39
 5.9607        40
 5.99292       41
 5.99292       42
 6.02514       43
 6.05736       44
 6.08958       45
 6.1218        46
 6.15402       47
 6.18624       48
 6.21846       49
 6.25068       50
 6.2829        52
 6.31512       53
 6.34734       54
 6.37956       55
 6.37956       57
 6.41178       58
 6.444         60
 6.50844       62
 6.54066       63
 6.57288       65
 6.6051        67
 6.63732       68
 6.66954       70
 6.70176       72
 6.70176       73
 6.73398       74
 6.7662        76
 6.79842       77
 6.83064       79
 6.86286       80
 6.89508       81
 6.9273        82
 6.95952       83
 6.99174       84
 7.02396       85
 7.05618       86
 7.05618       87
 7.0884        88
 7.12062       89
 7.15284       90
 7.18506       91
 7.21728       92
 7.2495        92
 7.28172       93
 7.31394       93
 7.34616       94
 7.37838       94
 7.4106        95
 7.4106        95
 7.44282       95
 7.47504       96
 7.50726       96
 7.53948       96
 7.5717        96
 7.60392       96
 7.63614       96
 7.66836       96
 7.70058       96
 7.7328        96
 7.76502       96
 7.76502       96
 7.79724       96
 7.82946       96
 7.86168       95
 7.8939        95
 7.92612       95
 7.95834       95
 7.99056       94
 8.02278       94
 8.055         94
 8.08722       93
 8.08722       93
 8.11944       92
 8.15166       92
 8.18388       91
 8.2161        91
 8.24832       91
 8.28054       90
 8.31276       90
 8.34498       89
 8.3772        89
 8.40942       88
 8.40942       88
 8.44164       88
 8.47386       87
 8.50608       87
 8.5383        86
 8.57052       86
 8.60274       85
 8.63496       85
 8.66718       85
 8.6994        84
 8.73162       84
 8.73162       84
 8.76384       84
 8.79606       84
 8.82828       83
 8.8605        83
 8.89272       83
 8.92494       83
 8.95716       83
 8.98938       83
 9.0216        85
 9.05382       87
 9.05382       89
 9.08604       90
 9.11826       91
 9.15048       92
 9.1827        93
 9.21492       93
 9.24714       94
 9.27936       94
 9.31158       95
 9.3438        95
 9.3438        95
 9.37602       95
 9.40824       95
 9.44046       95
 9.47268       95
 9.5049        95
 9.53712       96
 9.56934       96
 9.60156       96
 9.63378       96
 9.63378       96
 9.666         97
 9.73044       97
 9.76266       97
 9.79488       98
 9.8271        98
 9.85932       99
 9.89154       100
 9.92376       101
 9.92376       102
 9.95598       102
 9.9882        103
 10.02042      104
 10.05264      105
 10.08486      105
 10.11708      106
 10.1493       107
 10.18152      108
 10.21374      109
 10.21374      110
 10.24596      111
 10.27818      113
 10.3104       114
 10.34262      115
 10.37484      116
 10.40706      118
 10.43928      119
 10.4715       120
 10.50372      122
 10.50372      123
 10.53594      125
 10.56816      126
 10.60038      128
 10.6326       129
 10.66482      131
 10.69704      132
 10.72926      134
 10.76148      136
 10.7937       138
 10.7937       139
 10.82592      141
 10.85814      143
 10.89036      145
 10.92258      147
 10.9548       149
 10.98702      150
 11.01924      152
 11.05146      154
 11.05146      156
 11.08368      158
 11.1159       160
 11.14812      162
 11.18034      165
 11.21256      167
 11.24478      169
 11.277        171
 11.30922      173
 11.34144      175
 11.34144      177
 11.37366      180
 11.40588      182
 11.4381       184
 11.47032      186
 11.50254      188
 11.53476      190
 11.56698      192
 11.56698      194
 11.5992       196
 11.63142      198
 11.66364      200
 11.69586      202
 11.72808      204
 11.7603       206
 11.79252      207
 11.82474      209
 11.85696      210
 11.85696      211
 11.88918      213
 11.9214       214
 11.95362      214
 11.98584      215
 12.01806      216
 12.05028      216
 12.0825       217
 12.11472      217
 12.11472      217
 12.14694      218
 12.17916      217
 12.21138      217
 12.2436       217
 12.27582      217
 12.30804      216
 12.34026      216
 12.37248      215
 12.37248      214
 12.4047       213
 12.43692      212
 12.46914      211
 12.50136      210
 12.53358      209
 12.5658       208
 12.59802      206
 12.59802      205
 12.63024      203
 12.66246      202
 12.69468      199
 12.7269       197
 12.75912      196
 12.79134      194
 12.82356      192
 12.85578      190
 12.85578      188
 12.888        186
 12.92022      184
 12.95244      182
 13.01688      180
 13.0491       178
 13.08132      176
 13.08132      174
 13.11354      172
 13.14576      170
 13.17798      168
 13.2102       166
 13.24242      164
 13.27464      162
 13.30686      160
 13.33908      158
 13.33908      156
 13.3713       154
 13.40352      153
 13.43574      151
 13.46796      149
 13.50018      148
 13.5324       146
 13.56462      145
 13.56462      144
 13.59684      142
 13.62906      141
 13.66128      140
 13.6935       139
 13.72572      138
 13.75794      137
 13.79016      136
 13.82238      135
 13.82238      135
 13.8546       134
 13.88682      134
 13.91904      133
 13.95126      133
 13.98348      132
 14.0157       132
 14.04792      132
 14.04792      132
 14.08014      132
 14.11236      132
 14.14458      132
 14.1768       133
 14.20902      133
 14.24124      133
 14.27346      134
 14.30568      134
 14.30568      135
 14.3379       136
 14.37012      136
 14.40234      137
 14.43456      138
 14.46678      139
 14.499        140
 14.53122      141
 14.53122      142
 14.56344      143
 14.59566      144
 14.62788      145
 14.6601       146
 14.69232      148
 14.72454      149
 14.72454      150
 14.75676      152
 14.78898      153
 14.8212       155
 14.85342      156
 14.88564      158
 14.91786      159
 14.95008      161
 14.95008      163
 14.9823       164
 15.01452      166
 15.04674      168
 15.07896      170
 15.11118      172
 15.1434       174
 15.1434       176
 15.17562      178
 15.20784      180
 15.24006      182
 15.27228      184
 15.3045       186
 15.33672      188
 15.36894      190
 15.36894      192
 15.40116      194
 15.43338      197
 15.4656       199
 15.49782      202
 15.53004      205
 15.56226      207
 15.59448      209
 15.59448      212
 15.6267       214
 15.65892      216
 15.69114      219
 15.72336      221
 15.75558      224
 15.7878       226
 15.7878       229
 15.82002      231
 15.85224      234
 15.88446      236
 15.91668      239
 15.9489       242
 15.98112      244
 16.01334      247
 16.01334      249
 16.04556      252
 16.07778      255
 16.11         257
 16.14222      260
 16.17444      262
 16.20666      265
 16.23888      268
 16.2711       271
 16.30332      276
 16.33554      280
 16.36776      283
 16.39998      286
 16.39998      289
 16.4322       292
 16.46442      295
 16.49664      297
 16.52886      299
 16.56108      301
 16.5933       304
 16.5933       305
 16.62552      307
 16.65774      308
 16.68996      310
 16.72218      311
 16.7544       312
 16.78662      313
 16.78662      314
 16.81884      314
 16.85106      315
 16.88328      315
 16.9155       316
 16.94772      316
 16.97994      316
 16.97994      316
 17.01216      316
 17.04438      316
 17.0766       316
 17.10882      315
 17.14104      315
 17.17326      314
 17.17326      313
 17.20548      312
 17.2377       312
 17.26992      311
 17.30214      310
 17.33436      308
 17.36658      307
 17.36658      305
 17.3988       304
 17.43102      301
 17.46324      299
 17.49546      297
 17.52768      295
 17.5599       293
 17.5599       291
 17.59212      288
 17.62434      286
 17.65656      283
 17.68878      280
 17.721        278
 17.75322      275
 17.75322      272
 17.78544      269
 17.81766      266
 17.84988      263
 17.8821       260
 17.91432      257
 17.94654      254
 17.94654      251
 17.97876      248
 18.01098      245
 18.0432       242
 18.07542      239
 18.10764      236
 18.10764      233
 18.13986      230
 18.17208      226
 18.2043       223
 18.23652      221
 18.26874      218
 18.30096      215
 18.33318      212
 18.33318      209
 18.3654       207
 18.39762      204
 18.42984      202
 18.46206      199
 18.49428      196
 18.49428      194
 18.5265       192
 18.55872      190
 18.59094      188
 18.62316      186
 18.65538      185
 18.6876       183
 18.6876       182
 18.71982      180
 18.75204      179
 18.78426      178
 18.81648      177
 18.8487       176
 18.8487       175
 18.88092      175
 18.91314      174
 18.94536      174
 18.97758      173
 19.0098       173
 19.0098       173
 19.04202      173
 19.07424      173
 19.10646      173
 19.13868      173
 19.1709       174
 19.20312      174
 19.20312      174
 19.23534      175
 19.26756      176
 19.29978      176
 19.332        177
 19.36422      178
 19.36422      179
 19.39644      180
 19.42866      181
 19.46088      182
 19.52532      184
 19.55754      185
 19.55754      186
 19.58976      188
 19.62198      189
 19.6542       191
 19.68642      192
 19.71864      194
 19.71864      195
 19.75086      197
 19.78308      199
 19.8153       200
 19.84752      203
 19.87974      205
 19.87974      207
 19.91196      211
 19.94418      215
 19.9764       218
 20.00862      221
 20.04084      223
 20.04084      226
 20.07306      228
 20.10528      231
 20.1375       233
 20.16972      235
 20.20194      237
 20.23416      239
 20.23416      241
 20.26638      243
 20.2986       245
 20.33082      248
 20.36304      250
 20.39526      252
 20.39526      254
 20.42748      256
 20.4597       258
 20.49192      260
 20.52414      263
 20.55636      265
 20.55636      267
 20.58858      270
 20.6208       272
 20.65302      275
 20.68524      277
 20.71746      279
 20.71746      282
 20.74968      284
 20.7819       287
 20.81412      289
 20.84634      292
 20.87856      294
 20.87856      297
 20.91078      300
 20.943        303
 20.97522      305
 21.00744      308
 21.03966      311
 21.03966      313
 21.07188      316
 21.1041       318
 21.13632      321
 21.16854      323
 21.20076      326
 21.20076      328
 21.23298      330
 21.2652       333
 21.29742      335
 21.32964      337
 21.36186      339
 21.36186      342
 21.39408      344
 21.4263       346
 21.45852      348
 21.49074      349
 21.52296      351
 21.52296      353
 21.55518      354
 21.5874       356
 21.61962      357
 21.65184      359
 21.68406      360
 21.68406      361
 21.71628      362
 21.7485       363
 21.78072      364
 21.81294      365
 21.84516      365
 21.84516      366
 21.87738      366
 21.9096       367
 21.94182      367
 21.97404      367
 21.97404      367
 22.00626      367
 22.03848      366
 22.0707       366
 22.10292      365
 22.13514      365
 22.13514      364
 22.16736      363
 22.19958      363
 22.2318       362
 22.26402      360
 22.29624      359
 22.29624      358
 22.32846      357
 22.36068      356
 22.3929       354
 22.42512      352
 22.42512      350
 22.45734      348
 22.48956      346
 22.52178      344
 22.554        342
 22.58622      339
 22.58622      337
 22.61844      335
 22.65066      332
 22.68288      330
 22.7151       327
 22.74732      325
 22.77954      322
 22.81176      319
 22.84398      316
 22.8762       313
 22.8762       310
 22.90842      308
 22.94064      304
 22.97286      301
 23.00508      298
 23.0373       295
 23.0373       291
 23.06952      288
 23.10174      285
 23.13396      282
 23.16618      279
 23.16618      276
 23.1984       273
 23.23062      270
 23.26284      267
 23.29506      264
 23.29506      261
 23.32728      258
 23.3595       255
 23.39172      252
 23.42394      249
 23.45616      247
 23.45616      244
 23.48838      240
 23.5206       237
 23.55282      233
 23.58504      230
 23.58504      228
 23.61726      225
 23.64948      223
 23.6817       221
 23.71392      219
 23.71392      217
 23.74614      215
 23.77836      214
 23.81058      213
 23.8428       212
 23.87502      211
 23.87502      210
 23.90724      209
 23.93946      208
 23.97168      208
 24.0039       207
 24.0039       207
 24.03612      207
 24.06834      207
 24.10056      207
 24.13278      207
 24.165        207
 24.165        208
 24.19722      208
 24.22944      208
 24.26166      209
 24.29388      210
 24.29388      210
 24.3261       211
 24.35832      212
 24.39054      213
 24.42276      214
 24.42276      215
 24.45498      216
 24.4872       217
 24.51942      218
 24.55164      219
 24.55164      221
 24.58386      222
 24.61608      223
 24.6483       225
 24.68052      226
 24.68052      228
 24.71274      230
 24.74496      231
 24.77718      233
 24.8094       235
 24.84162      237
 24.84162      238
 24.87384      240
 24.90606      242
 24.93828      244
 24.9705       246
 24.9705       248
 25.00272      250
 25.03494      252
 25.06716      254
 25.06716      256
 25.09938      258
 25.1316       261
 25.16382      263
 25.19604      265
 25.19604      267
 25.22826      270
 25.26048      272
 25.2927       274
 25.32492      276
 25.35714      279
 25.35714      281
 25.38936      284
 25.42158      286
 25.4538       288
 25.4538       291
 25.48602      293
 25.51824      296
 25.55046      298
 25.58268      301
 25.6149       304
 25.6149       307
 25.64712      309
 25.67934      312
 25.71156      314
 25.71156      317
 25.74378      319
 25.776        322
 25.80822      324
 25.84044      327
 25.87266      330
 25.87266      332
 25.90488      335
 25.9371       337
 25.96932      340
 25.96932      342
 26.03376      345
 26.06598      347
 26.0982       349
 26.0982       352
 26.13042      354
 26.16264      356
 26.19486      359
 26.22708      361
 26.22708      363
 26.2593       365
 26.29152      367
 26.32374      369
 26.35596      371
 26.35596      373
 26.38818      375
 26.4204       377
 26.45262      379
 26.45262      380
 26.48484      382
 26.51706      383
 26.54928      385
 26.5815       386
 26.5815       388
 26.61372      393
 26.64594      398
 26.67816      402
 26.71038      406
 26.71038      409
 26.7426       411
 26.77482      412
 26.80704      413
 26.83926      414
 26.83926      414
 26.87148      414
 26.9037       414
 26.93592      414
 26.96814      414
 26.96814      413
 27.00036      413
 27.03258      412
 27.0648       411
 27.0648       411
 27.09702      410
 27.12924      409
 27.16146      408
 27.19368      407
 27.19368      405
 27.2259       404
 27.25812      402
 27.29034      401
 27.29034      400
 27.32256      399
 27.35478      399
 27.387        398
 27.41922      396
 27.41922      395
 27.45144      394
 27.48366      392
 27.51588      390
 27.5481       389
 27.5481       387
 27.58032      385
 27.61254      383
 27.64476      381
 27.64476      379
 27.67698      376
 27.7092       374
 27.74142      372
 27.74142      370
 27.77364      367
 27.80586      365
 27.83808      362
 27.8703       360
 27.8703       357
 27.90252      355
 27.93474      352
 27.96696      350
 27.99918      347
 27.99918      344
 28.0314       342
 28.06362      339
 28.09584      336
 28.09584      333
 28.12806      330
 28.16028      328
 28.1925       325
 28.22472      322
 28.22472      319
 28.25694      317
 28.28916      314
 28.32138      312
 28.32138      309
 28.3536       306
 28.38582      304
 28.41804      300
 28.41804      298
