 0             0
 0             0
 0             0
 0             0
 0             0
 0             0
 0             0
 0             0
 0             0
 0             0
 0             0
 0             0
 0             0
 3.222e-002    0
 6.444e-002    0
 6.444e-002    0
 9.666e-002    0
 0.12888       0
 0.1611        0
 0.19332       0
 0.22554       0
 0.22554       0
 0.25776       0
 0.28998       0
 0.3222        0
 0.35442       0
 0.38664       0
 0.38664       0
 0.41886       0
 0.45108       0
 0.4833        0
 0.51552       0
 0.54774       0
 0.57996       0
 0.61218       0
 0.6444        0
 0.6444        0
 0.67662       0
 0.70884       0
 0.74106       0
 0.77328       1
 0.8055        1
 0.83772       1
 0.86994       2
 0.90216       2
 0.93438       2
 0.9666        2
 0.9666        2
 0.99882       2
 1.03104       2
 1.06326       2
 1.09548       3
 1.1277        3
 1.15992       3
 1.19214       3
 1.22436       3
 1.25658       3
 1.2888        3
 1.32102       3
 1.35324       3
 1.35324       3
 1.38546       3
 1.41768       3
 1.4499        4
 1.48212       4
 1.51434       5
 1.54656       5
 1.57878       5
 1.611         6
 1.64322       6
 1.67544       6
 1.70766       6
 1.73988       6
 1.7721        6
 1.80432       6
 1.83654       6
 1.83654       6
 1.86876       6
 1.90098       6
 1.9332        6
 1.96542       6
 1.99764       6
 2.02986       6
 2.06208       6
 2.0943        6
 2.12652       6
 2.15874       6
 2.19096       6
 2.22318       6
 2.2554        6
 2.28762       6
 2.31984       6
 2.35206       6
 2.35206       6
 2.38428       6
 2.4165        6
 2.44872       6
 2.48094       6
 2.51316       6
 2.54538       6
 2.5776        6
 2.60982       6
 2.64204       6
 2.67426       6
 2.70648       7
 2.7387        7
 2.77092       6
 2.80314       7
 2.83536       7
 2.83536       7
 2.86758       7
 2.8998        7
 2.93202       7
 2.96424       7
 2.99646       7
 3.02868       7
 3.0609        7
 3.09312       7
 3.12534       7
 3.15756       7
 3.18978       7
 3.222         7
 3.25422       7
 3.28644       7
 3.31866       7
 3.35088       7
 3.3831        7
 3.41532       7
 3.44754       7
 3.47976       7
 3.51198       8
 3.5442        8
 3.57642       8
 3.60864       8
 3.64086       8
 3.67308       8
 3.7053        8
 3.73752       8
 3.73752       8
 3.76974       8
 3.80196       8
 3.83418       8
 3.8664        8
 3.89862       8
 3.93084       8
 3.96306       8
 3.99528       8
 4.0275        8
 4.05972       8
 4.09194       8
 4.12416       8
 4.15638       8
 4.1886        8
 4.1886        8
 4.22082       8
 4.25304       8
 4.28526       8
 4.31748       8
 4.3497        8
 4.38192       7
 4.41414       7
 4.44636       7
 4.47858       7
 4.5108        7
 4.54302       7
 4.57524       7
 4.60746       7
 4.63968       7
 4.63968       7
 4.6719        7
 4.70412       7
 4.73634       7
 4.76856       8
 4.80078       8
 4.833         8
 4.86522       8
 4.89744       8
 4.92966       8
 4.96188       8
 4.9941        8
 5.02632       8
 5.05854       8
 5.05854       8
 5.09076       9
 5.12298       9
 5.1552        9
 5.18742       9
 5.21964       9
 5.25186       9
 5.28408       9
 5.3163        10
 5.34852       10
 5.38074       10
 5.41296       10
 5.44518       10
 5.44518       10
 5.4774        10
 5.50962       10
 5.54184       11
 5.57406       11
 5.60628       11
 5.6385        11
 5.67072       11
 5.70294       11
 5.73516       12
 5.76738       12
 5.7996        12
 5.83182       12
 5.86404       12
 5.86404       12
 5.89626       12
 5.92848       13
 5.9607        13
 5.99292       13
 6.02514       13
 6.05736       13
 6.08958       13
 6.1218        13
 6.15402       14
 6.18624       14
 6.21846       14
 6.25068       14
 6.25068       14
 6.2829        14
 6.31512       14
 6.34734       14
 6.37956       14
 6.41178       14
 6.444         14
 6.50844       15
 6.54066       15
 6.57288       15
 6.57288       15
 6.6051        15
 6.63732       15
 6.66954       15
 6.70176       15
 6.73398       15
 6.7662        15
 6.79842       15
 6.83064       16
 6.86286       16
 6.89508       16
 6.9273        16
 6.95952       16
 6.95952       16
 6.99174       16
 7.02396       16
 7.05618       16
 7.0884        16
 7.12062       16
 7.15284       16
 7.18506       17
 7.21728       17
 7.2495        17
 7.28172       17
 7.31394       17
 7.31394       17
 7.34616       17
 7.37838       17
 7.4106        17
 7.44282       17
 7.47504       17
 7.50726       17
 7.53948       17
 7.5717        18
 7.60392       17
 7.63614       17
 7.66836       17
 7.66836       17
 7.70058       16
 7.7328        16
 7.76502       16
 7.79724       16
 7.82946       16
 7.86168       16
 7.8939        16
 7.92612       16
 7.95834       17
 7.99056       17
 8.02278       17
 8.02278       17
 8.055         17
 8.08722       17
 8.11944       17
 8.15166       17
 8.18388       18
 8.2161        18
 8.24832       18
 8.28054       18
 8.31276       18
 8.34498       18
 8.34498       18
 8.3772        18
 8.40942       19
 8.44164       19
 8.47386       19
 8.50608       19
 8.5383        19
 8.57052       19
 8.60274       19
 8.63496       19
 8.66718       20
 8.66718       20
 8.6994        20
 8.73162       20
 8.76384       20
 8.79606       20
 8.82828       20
 8.8605        20
 8.89272       20
 8.92494       20
 8.95716       20
 8.98938       20
 8.98938       21
 9.0216        21
 9.05382       21
 9.08604       21
 9.11826       21
 9.15048       21
 9.1827        21
 9.21492       21
 9.24714       21
 9.27936       21
 9.27936       21
 9.31158       22
 9.3438        22
 9.37602       22
 9.40824       22
 9.44046       22
 9.47268       22
 9.5049        22
 9.53712       22
 9.56934       22
 9.60156       23
 9.60156       23
 9.63378       23
 9.666         23
 9.69822       23
 9.76266       23
 9.79488       23
 9.8271        23
 9.85932       23
 9.85932       23
 9.89154       24
 9.92376       24
 9.95598       24
 9.9882        24
 10.02042      24
 10.05264      24
 10.08486      23
 10.11708      23
 10.1493       22
 10.18152      22
 10.18152      22
 10.21374      22
 10.24596      21
 10.27818      21
 10.3104       21
 10.34262      21
 10.37484      21
 10.40706      22
 10.43928      22
 10.4715       22
 10.4715       22
 10.50372      22
 10.53594      22
 10.56816      22
 10.60038      22
 10.6326       23
 10.66482      23
 10.69704      23
 10.72926      23
 10.76148      23
 10.76148      24
 10.7937       24
 10.82592      24
 10.85814      24
 10.89036      24
 10.92258      25
 10.9548       25
 10.98702      25
 11.01924      25
 11.05146      26
 11.05146      27
 11.08368      28
 11.1159       29
 11.14812      30
 11.18034      31
 11.21256      32
 11.24478      32
 11.277        32
 11.30922      33
 11.30922      33
 11.34144      33
 11.37366      34
 11.40588      34
 11.4381       34
 11.47032      34
 11.50254      34
 11.53476      34
 11.56698      34
 11.5992       34
 11.5992       34
 11.63142      34
 11.66364      34
 11.69586      34
 11.72808      34
 11.7603       34
 11.79252      34
 11.82474      34
 11.85696      34
 11.85696      34
 11.88918      34
 11.9214       34
 11.95362      34
 11.98584      34
 12.01806      34
 12.05028      34
 12.0825       33
 12.11472      33
 12.11472      33
 12.14694      33
 12.17916      33
 12.21138      33
 12.2436       33
 12.27582      33
 12.30804      33
 12.34026      33
 12.37248      33
 12.37248      33
 12.4047       33
 12.43692      33
 12.46914      33
 12.50136      33
 12.53358      33
 12.5658       33
 12.59802      33
 12.63024      33
 12.63024      33
 12.66246      33
 12.69468      33
 12.7269       33
 12.75912      33
 12.79134      33
 12.82356      34
 12.85578      34
 12.888        34
 12.888        34
 12.92022      34
 12.95244      34
 13.01688      34
 13.0491       34
 13.08132      34
 13.11354      34
 13.11354      34
 13.14576      34
 13.17798      34
 13.2102       34
 13.24242      34
 13.27464      34
 13.30686      34
 13.33908      34
 13.3713       34
 13.3713       34
 13.40352      34
 13.43574      34
 13.46796      34
 13.50018      34
 13.5324       34
 13.56462      34
 13.59684      34
 13.59684      35
 13.62906      35
 13.66128      35
 13.6935       35
 13.72572      35
 13.75794      35
 13.79016      35
 13.82238      35
 13.82238      35
 13.8546       35
 13.88682      35
 13.91904      35
 13.95126      35
 13.98348      35
 14.0157       35
 14.04792      35
 14.08014      36
 14.08014      36
 14.11236      36
 14.14458      36
 14.1768       36
 14.20902      36
 14.24124      36
 14.27346      36
 14.30568      36
 14.30568      36
 14.3379       36
 14.37012      36
 14.40234      37
 14.43456      37
 14.46678      37
 14.499        37
 14.53122      37
 14.53122      37
 14.56344      37
 14.59566      37
 14.62788      37
 14.6601       37
 14.69232      37
 14.72454      37
 14.72454      37
 14.75676      38
 14.78898      38
 14.8212       38
 14.85342      38
 14.88564      38
 14.91786      38
 14.95008      38
 14.95008      38
 14.9823       38
 15.01452      38
 15.04674      38
 15.07896      38
 15.11118      38
 15.1434       38
 15.17562      38
 15.17562      38
 15.20784      38
 15.24006      38
 15.27228      39
 15.3045       39
 15.33672      39
 15.36894      39
 15.36894      39
 15.40116      39
 15.43338      39
 15.4656       39
 15.49782      39
 15.53004      39
 15.56226      39
 15.59448      40
 15.59448      40
 15.6267       40
 15.65892      40
 15.69114      40
 15.72336      40
 15.75558      40
 15.7878       40
 15.82002      40
 15.82002      40
 15.85224      41
 15.88446      41
 15.91668      41
 15.9489       41
 15.98112      41
 16.01334      41
 16.01334      41
 16.04556      41
 16.07778      41
 16.11         41
 16.14222      41
 16.17444      41
 16.20666      41
 16.23888      42
 16.2711       42
 16.30332      42
 16.33554      42
 16.36776      42
 16.39998      42
 16.4322       42
 16.4322       42
 16.46442      42
 16.49664      42
 16.52886      42
 16.56108      42
 16.5933       42
 16.62552      42
 16.62552      43
 16.65774      43
 16.68996      43
 16.72218      43
 16.7544       43
 16.78662      43
 16.81884      43
 16.81884      43
 16.85106      43
 16.88328      43
 16.9155       44
 16.94772      44
 16.97994      44
 17.01216      44
 17.01216      44
 17.04438      44
 17.0766       44
 17.10882      44
 17.14104      44
 17.17326      44
 17.20548      44
 17.20548      44
 17.2377       44
 17.26992      45
 17.30214      45
 17.33436      45
 17.36658      45
 17.3988       45
 17.3988       45
 17.43102      45
 17.46324      45
 17.49546      45
 17.52768      45
 17.5599       45
 17.59212      46
 17.59212      46
 17.62434      46
 17.65656      46
 17.68878      46
 17.721        46
 17.75322      46
 17.78544      46
 17.78544      46
 17.81766      46
 17.84988      46
 17.8821       46
 17.91432      47
 17.94654      47
 17.97876      47
 17.97876      47
 18.01098      47
 18.0432       47
 18.07542      47
 18.10764      47
 18.13986      47
 18.17208      47
 18.17208      47
 18.2043       48
 18.23652      48
 18.26874      48
 18.30096      48
 18.33318      48
 18.3654       48
 18.3654       48
 18.39762      48
 18.42984      48
 18.46206      48
 18.49428      48
 18.5265       48
 18.5265       49
 18.55872      49
 18.59094      49
 18.62316      49
 18.65538      49
 18.6876       49
 18.71982      49
 18.71982      49
 18.75204      49
 18.78426      49
 18.81648      49
 18.8487       49
 18.88092      49
 18.88092      49
 18.91314      49
 18.94536      49
 18.97758      50
 19.0098       50
 19.04202      50
 19.07424      50
 19.07424      50
 19.10646      50
 19.13868      50
 19.1709       50
 19.20312      50
 19.23534      50
 19.26756      50
 19.26756      50
 19.29978      50
 19.332        51
 19.36422      51
 19.39644      51
 19.42866      51
 19.46088      51
 19.46088      51
 19.52532      51
 19.55754      51
 19.58976      51
 19.62198      51
 19.62198      51
 19.6542       52
 19.68642      52
 19.71864      52
 19.75086      52
 19.78308      52
 19.78308      52
 19.8153       52
 19.84752      52
 19.87974      52
 19.91196      52
 19.94418      52
 19.94418      52
 19.9764       52
 20.00862      52
 20.04084      52
 20.07306      53
 20.10528      53
 20.1375       53
 20.1375       53
 20.16972      53
 20.20194      53
 20.23416      53
 20.26638      53
 20.2986       53
 20.2986       53
 20.33082      53
 20.36304      53
 20.39526      53
 20.42748      54
 20.4597       55
 20.4597       57
 20.49192      59
 20.52414      61
 20.55636      62
 20.58858      63
 20.6208       64
 20.6208       64
 20.65302      65
 20.68524      65
 20.71746      66
 20.74968      66
 20.7819       66
 20.7819       66
 20.81412      66
 20.84634      66
 20.87856      66
 20.91078      66
 20.943        66
 20.943        66
 20.97522      65
 21.00744      65
 21.03966      65
 21.07188      65
 21.1041       65
 21.1041       65
 21.13632      64
 21.16854      64
 21.20076      64
 21.23298      64
 21.2652       64
 21.2652       64
 21.29742      63
 21.32964      63
 21.36186      63
 21.39408      63
 21.4263       63
 21.4263       63
 21.45852      62
 21.49074      62
 21.52296      62
 21.55518      62
 21.5874       62
 21.5874       62
 21.61962      62
 21.65184      62
 21.68406      62
 21.71628      62
 21.7485       62
 21.7485       61
 21.78072      61
 21.81294      61
 21.84516      61
 21.87738      61
 21.9096       61
 21.9096       61
 21.94182      62
 21.97404      62
 22.00626      62
 22.03848      62
 22.0707       62
 22.0707       62
 22.10292      63
 22.13514      63
 22.16736      63
 22.19958      63
 22.2318       63
 22.2318       63
 22.26402      63
 22.29624      63
 22.32846      63
 22.36068      63
 22.36068      63
 22.3929       63
 22.42512      63
 22.45734      63
 22.48956      63
 22.52178      63
 22.52178      63
 22.554        63
 22.58622      63
 22.61844      63
 22.65066      63
 22.65066      63
 22.68288      63
 22.7151       63
 22.77954      63
 22.81176      63
 22.81176      63
 22.84398      63
 22.8762       63
 22.90842      63
 22.94064      62
 22.94064      62
 22.97286      62
 23.00508      62
 23.0373       62
 23.06952      62
 23.10174      61
 23.10174      61
 23.13396      61
 23.16618      61
 23.1984       61
 23.23062      61
 23.23062      61
 23.26284      61
 23.29506      61
 23.32728      61
 23.3595       62
 23.39172      62
 23.39172      62
 23.42394      62
 23.45616      62
 23.48838      62
 23.5206       62
 23.5206       62
 23.55282      62
 23.58504      62
 23.61726      62
 23.64948      62
 23.6817       62
 23.6817       63
 23.71392      63
 23.74614      63
 23.77836      63
 23.81058      63
 23.81058      63
 23.8428       63
 23.87502      63
 23.90724      63
 23.93946      64
 23.93946      64
 23.97168      64
 24.0039       64
 24.03612      64
 24.06834      64
 24.10056      65
 24.10056      65
 24.13278      65
 24.165        65
 24.19722      65
 24.22944      65
 24.22944      65
 24.26166      65
 24.29388      65
 24.3261       65
 24.35832      65
 24.35832      66
 24.39054      66
 24.42276      66
 24.45498      66
 24.4872       66
 24.4872       66
 24.51942      66
 24.55164      66
 24.58386      66
 24.61608      66
 24.6483       66
 24.6483       67
 24.68052      67
 24.71274      67
 24.74496      67
 24.77718      67
 24.77718      67
 24.8094       67
 24.84162      67
 24.87384      67
 24.90606      67
 24.90606      67
 24.93828      68
 24.9705       68
 25.00272      68
 25.03494      68
 25.03494      68
 25.06716      68
 25.09938      68
 25.1316       68
 25.16382      68
 25.16382      68
 25.19604      68
 25.22826      69
 25.26048      69
 25.2927       69
 25.2927       69
 25.32492      69
 25.35714      69
 25.38936      69
 25.42158      69
 25.4538       69
 25.4538       69
 25.48602      69
 25.51824      69
 25.55046      69
 25.55046      69
 25.58268      70
 25.6149       70
 25.64712      70
 25.67934      70
 25.67934      70
 25.71156      70
 25.74378      70
 25.776        70
 25.80822      70
 25.80822      71
 25.84044      70
 25.87266      71
 25.90488      71
 25.9371       71
 25.9371       71
 25.96932      71
 26.03376      71
 26.06598      71
 26.06598      71
 26.0982       71
 26.13042      71
 26.16264      71
 26.19486      71
 26.19486      71
 26.22708      71
 26.2593       71
 26.29152      71
 26.32374      71
 26.32374      72
 26.35596      72
 26.38818      72
 26.4204       72
 26.45262      72
 26.45262      72
 26.48484      72
 26.51706      72
 26.54928      72
 26.5815       72
 26.5815       72
 26.61372      72
 26.64594      72
 26.67816      72
 26.71038      73
 26.71038      73
 26.7426       73
 26.77482      73
 26.80704      73
 26.80704      73
 26.83926      73
 26.87148      73
 26.9037       73
 26.93592      74
 26.93592      74
 26.96814      74
 27.00036      74
 27.03258      74
 27.0648       74
 27.0648       74
 27.09702      74
 27.12924      74
 27.16146      74
 27.19368      74
 27.19368      74
 27.2259       75
 27.25812      75
 27.29034      75
 27.29034      75
 27.32256      75
 27.35478      75
 27.387        75
 27.41922      75
 27.41922      75
 27.45144      75
 27.48366      75
 27.51588      76
 27.51588      76
 27.5481       76
 27.58032      76
 27.61254      76
 27.64476      76
 27.64476      76
 27.67698      76
 27.7092       76
 27.74142      76
 27.74142      76
 27.77364      77
 27.80586      77
 27.83808      77
 27.8703       77
 27.8703       77
 27.90252      77
 27.93474      77
 27.96696      77
 27.96696      77
 27.99918      77
 28.0314       77
 28.06362      77
 28.09584      77
 28.09584      77
 28.12806      77
 28.16028      77
 28.1925       78
 28.1925       78
 28.22472      78
 28.25694      78
 28.28916      78
 28.32138      78
 28.32138      78
 28.3536       78
 28.38582      78
 28.41804      78
 28.41804      78
 28.45026      78
