 0             3
 0             3
 0             2
 0             2
 0             2
 0             2
 0             1
 0             1
 0             1
 0             1
 0             1
 0             1
 0             1
 3.222e-002    0
 6.444e-002    0
 6.444e-002    0
 9.666e-002    0
 0.12888       0
 0.1611        0
 0.19332       0
 0.22554       0
 0.22554       0
 0.25776       0
 0.28998       0
 0.3222        0
 0.35442       0
 0.38664       0
 0.41886       0
 0.45108       0
 0.45108       0
 0.4833        0
 0.51552       0
 0.54774       0
 0.57996       0
 0.61218       0
 0.6444        0
 0.67662       0
 0.70884       0
 0.70884       0
 0.74106       0
 0.77328       0
 0.8055        0
 0.83772       0
 0.86994       0
 0.90216       0
 0.93438       0
 0.9666        0
 0.99882       0
 1.03104       0
 1.03104       0
 1.06326       0
 1.09548       0
 1.1277        0
 1.15992       0
 1.19214       0
 1.22436       0
 1.25658       0
 1.2888        0
 1.32102       0
 1.35324       0
 1.38546       0
 1.41768       0
 1.4499        1
 1.4499        1
 1.51434       1
 1.51434       1
 1.54656       1
 1.57878       1
 1.611         1
 1.64322       1
 1.67544       1
 1.70766       1
 1.73988       1
 1.7721        1
 1.80432       2
 1.83654       3
 1.86876       4
 1.90098       5
 1.9332        5
 1.96542       6
 1.96542       6
 1.99764       2
 2.02986       0
 2.06208       0
 2.0943        0
 2.12652       0
 2.15874       0
 2.19096       0
 2.22318       0
 2.2554        0
 2.28762       0
 2.31984       1
 2.35206       2
 2.38428       3
 2.4165        4
 2.44872       4
 2.48094       5
 2.48094       5
 2.51316       6
 2.54538       6
 2.5776        6
 2.60982       6
 2.64204       6
 2.67426       7
 2.70648       7
 2.7387        7
 2.77092       7
 2.80314       7
 2.83536       7
 2.86758       7
 2.8998        7
 2.93202       7
 2.96424       7
 2.99646       7
 3.02868       7
 3.02868       6
 3.0609        7
 3.09312       6
 3.12534       6
 3.15756       6
 3.18978       6
 3.25422       6
 3.28644       6
 3.31866       6
 3.35088       6
 3.3831        6
 3.41532       6
 3.44754       6
 3.44754       6
 3.47976       6
 3.51198       7
 3.5442        7
 3.57642       6
 3.60864       7
 3.64086       7
 3.67308       7
 3.7053        7
 3.73752       7
 3.76974       7
 3.80196       7
 3.83418       7
 3.8664        7
 3.89862       7
 3.93084       7
 3.93084       7
 3.96306       7
 3.99528       7
 4.0275        7
 4.05972       7
 4.09194       7
 4.12416       8
 4.15638       8
 4.1886        8
 4.22082       8
 4.25304       8
 4.28526       9
 4.31748       9
 4.3497        10
 4.38192       10
 4.38192       10
 4.41414       11
 4.44636       11
 4.47858       11
 4.5108        11
 4.54302       12
 4.57524       12
 4.60746       12
 4.63968       12
 4.6719        12
 4.70412       12
 4.73634       12
 4.76856       12
 4.80078       12
 4.833         12
 4.833         12
 4.86522       13
 4.89744       13
 4.92966       12
 4.96188       13
 4.9941        13
 5.02632       13
 5.05854       13
 5.09076       13
 5.12298       13
 5.1552        13
 5.18742       13
 5.21964       13
 5.25186       13
 5.28408       13
 5.28408       13
 5.3163        13
 5.34852       13
 5.38074       13
 5.41296       13
 5.44518       13
 5.4774        13
 5.50962       13
 5.54184       13
 5.57406       13
 5.60628       13
 5.6385        13
 5.67072       13
 5.70294       13
 5.70294       13
 5.73516       14
 5.76738       14
 5.7996        14
 5.83182       14
 5.86404       14
 5.89626       14
 5.92848       14
 5.9607        14
 5.99292       14
 6.02514       15
 6.05736       15
 6.08958       15
 6.08958       15
 6.1218        15
 6.15402       15
 6.18624       15
 6.21846       15
 6.25068       16
 6.2829        16
 6.31512       16
 6.34734       16
 6.37956       16
 6.41178       17
 6.444         17
 6.47622       17
 6.50844       17
 6.54066       17
 6.57288       18
 6.6051        18
 6.63732       18
 6.66954       18
 6.70176       18
 6.73398       18
 6.7662        19
 6.79842       19
 6.83064       19
 6.86286       19
 6.86286       19
 6.89508       19
 6.9273        20
 6.95952       20
 6.99174       20
 7.02396       20
 7.05618       20
 7.0884        20
 7.12062       20
 7.15284       21
 7.18506       21
 7.21728       21
 7.21728       21
 7.2495        21
 7.28172       21
 7.31394       21
 7.34616       21
 7.37838       22
 7.4106        22
 7.44282       22
 7.47504       22
 7.50726       22
 7.53948       22
 7.5717        22
 7.5717        22
 7.60392       22
 7.63614       22
 7.66836       22
 7.70058       22
 7.7328        22
 7.76502       23
 7.79724       23
 7.82946       23
 7.86168       23
 7.8939        23
 7.92612       23
 7.95834       23
 7.95834       23
 7.99056       23
 8.02278       23
 8.055         23
 8.08722       23
 8.11944       23
 8.15166       23
 8.18388       23
 8.2161        23
 8.24832       23
 8.28054       23
 8.28054       24
 8.31276       24
 8.34498       24
 8.3772        24
 8.40942       24
 8.44164       24
 8.47386       24
 8.50608       24
 8.5383        24
 8.57052       24
 8.60274       24
 8.60274       24
 8.63496       25
 8.66718       25
 8.6994        25
 8.73162       25
 8.76384       25
 8.79606       25
 8.82828       25
 8.8605        26
 8.89272       26
 8.92494       26
 8.95716       26
 8.95716       26
 8.98938       26
 9.0216        26
 9.05382       26
 9.08604       27
 9.11826       27
 9.15048       27
 9.1827        27
 9.21492       27
 9.24714       27
 9.24714       27
 9.27936       27
 9.31158       27
 9.3438        28
 9.37602       28
 9.40824       28
 9.44046       28
 9.47268       28
 9.5049        28
 9.53712       28
 9.56934       28
 9.56934       29
 9.60156       29
 9.63378       29
 9.666         29
 9.69822       29
 9.76266       29
 9.79488       30
 9.8271        30
 9.85932       30
 9.85932       30
 9.89154       30
 9.92376       30
 9.95598       31
 9.9882        31
 10.02042      31
 10.05264      31
 10.08486      31
 10.11708      31
 10.1493       32
 10.1493       32
 10.18152      32
 10.21374      32
 10.24596      32
 10.27818      33
 10.3104       32
 10.34262      32
 10.37484      31
 10.40706      31
 10.43928      31
 10.43928      30
 10.4715       30
 10.50372      30
 10.53594      30
 10.56816      30
 10.60038      30
 10.6326       31
 10.66482      31
 10.69704      31
 10.72926      32
 10.76148      32
 10.76148      32
 10.7937       33
 10.82592      33
 10.85814      33
 10.89036      34
 10.92258      34
 10.9548       34
 10.98702      35
 11.01924      35
 11.05146      36
 11.05146      36
 11.08368      37
 11.1159       37
 11.14812      38
 11.18034      38
 11.21256      39
 11.24478      39
 11.277        40
 11.30922      40
 11.30922      40
 11.34144      41
 11.37366      42
 11.40588      42
 11.4381       42
 11.47032      43
 11.50254      43
 11.53476      44
 11.56698      44
 11.5992       45
 11.5992       44
 11.63142      44
 11.66364      47
 11.69586      51
 11.72808      53
 11.7603       55
 11.79252      57
 11.82474      59
 11.85696      60
 11.85696      62
 11.88918      63
 11.9214       63
 11.95362      64
 11.98584      64
 12.01806      65
 12.05028      65
 12.0825       65
 12.11472      65
 12.11472      65
 12.14694      65
 12.17916      65
 12.21138      65
 12.2436       65
 12.27582      64
 12.30804      64
 12.34026      64
 12.37248      63
 12.37248      63
 12.4047       62
 12.43692      62
 12.46914      62
 12.50136      61
 12.53358      61
 12.5658       60
 12.59802      60
 12.63024      59
 12.63024      59
 12.66246      58
 12.69468      58
 12.7269       58
 12.75912      57
 12.79134      57
 12.82356      56
 12.85578      56
 12.888        55
 12.888        55
 12.92022      55
 12.95244      54
 13.01688      54
 13.0491       53
 13.08132      53
 13.11354      53
 13.11354      52
 13.14576      52
 13.17798      52
 13.2102       51
 13.24242      51
 13.27464      51
 13.30686      50
 13.33908      50
 13.3713       50
 13.3713       50
 13.40352      50
 13.43574      49
 13.46796      49
 13.50018      49
 13.5324       49
 13.56462      49
 13.59684      49
 13.59684      49
 13.62906      49
 13.66128      49
 13.6935       49
 13.72572      49
 13.75794      49
 13.79016      49
 13.82238      48
 13.82238      48
 13.8546       48
 13.88682      48
 13.91904      48
 13.95126      48
 13.98348      48
 14.0157       48
 14.04792      48
 14.08014      48
 14.08014      48
 14.11236      48
 14.14458      48
 14.1768       48
 14.20902      48
 14.24124      48
 14.27346      48
 14.30568      48
 14.30568      49
 14.3379       49
 14.37012      49
 14.40234      49
 14.43456      49
 14.46678      49
 14.499        49
 14.53122      50
 14.53122      50
 14.56344      50
 14.59566      50
 14.62788      51
 14.6601       51
 14.69232      51
 14.72454      51
 14.75676      52
 14.75676      52
 14.78898      52
 14.8212       52
 14.85342      53
 14.88564      53
 14.91786      53
 14.95008      54
 14.9823       54
 14.9823       54
 15.01452      55
 15.04674      55
 15.07896      56
 15.11118      56
 15.1434       56
 15.17562      57
 15.20784      57
 15.20784      57
 15.24006      58
 15.27228      58
 15.3045       59
 15.33672      59
 15.36894      60
 15.40116      60
 15.43338      61
 15.43338      61
 15.4656       61
 15.49782      62
 15.53004      62
 15.56226      63
 15.59448      63
 15.6267       64
 15.6267       64
 15.65892      65
 15.69114      66
 15.72336      67
 15.75558      68
 15.7878       68
 15.82002      69
 15.85224      70
 15.85224      71
 15.88446      71
 15.91668      72
 15.9489       73
 15.98112      73
 16.01334      74
 16.04556      74
 16.07778      75
 16.07778      76
 16.11         76
 16.14222      77
 16.17444      78
 16.20666      78
 16.2711       79
 16.2711       79
 16.30332      80
 16.33554      80
 16.36776      81
 16.39998      81
 16.4322       82
 16.46442      82
 16.46442      83
 16.49664      84
 16.52886      84
 16.56108      84
 16.5933       85
 16.62552      85
 16.65774      86
 16.65774      86
 16.68996      86
 16.72218      87
 16.7544       87
 16.78662      87
 16.81884      88
 16.85106      88
 16.85106      88
 16.88328      88
 16.9155       88
 16.94772      89
 16.97994      89
 17.01216      89
 17.04438      89
 17.0766       89
 17.0766       89
 17.10882      93
 17.14104      97
 17.17326      101
 17.20548      104
 17.2377       106
 17.26992      107
 17.26992      109
 17.30214      109
 17.33436      110
 17.36658      110
 17.3988       110
 17.43102      110
 17.46324      109
 17.46324      109
 17.49546      108
 17.52768      107
 17.5599       106
 17.59212      105
 17.62434      104
 17.65656      103
 17.65656      102
 17.68878      101
 17.721        99
 17.75322      98
 17.78544      97
 17.81766      96
 17.84988      95
 17.84988      94
 17.8821       93
 17.91432      92
 17.94654      91
 17.97876      90
 18.01098      89
 18.0432       88
 18.0432       87
 18.07542      86
 18.10764      85
 18.13986      85
 18.17208      84
 18.2043       83
 18.23652      83
 18.23652      82
 18.26874      81
 18.30096      80
 18.33318      80
 18.3654       79
 18.39762      79
 18.39762      78
 18.42984      78
 18.46206      77
 18.49428      77
 18.5265       76
 18.55872      76
 18.59094      75
 18.59094      75
 18.62316      75
 18.65538      74
 18.6876       74
 18.71982      74
 18.75204      73
 18.75204      73
 18.78426      73
 18.81648      73
 18.8487       73
 18.88092      72
 18.91314      72
 18.94536      72
 18.94536      72
 18.97758      72
 19.0098       72
 19.04202      72
 19.07424      72
 19.10646      72
 19.13868      72
 19.13868      72
 19.1709       72
 19.20312      72
 19.23534      72
 19.26756      72
 19.29978      72
 19.29978      72
 19.332        72
 19.36422      73
 19.39644      73
 19.42866      73
 19.46088      73
 19.4931       73
 19.52532      73
 19.55754      74
 19.58976      74
 19.62198      74
 19.6542       75
 19.6542       75
 19.68642      75
 19.71864      76
 19.75086      76
 19.78308      76
 19.8153       77
 19.8153       77
 19.84752      77
 19.87974      78
 19.91196      78
 19.94418      78
 19.9764       79
 20.00862      79
 20.00862      79
 20.04084      80
 20.07306      80
 20.10528      81
 20.1375       81
 20.16972      81
 20.16972      82
 20.20194      84
 20.23416      86
 20.26638      87
 20.2986       89
 20.33082      90
 20.33082      91
 20.36304      91
 20.39526      92
 20.42748      93
 20.4597       93
 20.49192      94
 20.52414      94
 20.52414      95
 20.55636      95
 20.58858      96
 20.6208       96
 20.65302      97
 20.68524      97
 20.71746      98
 20.71746      98
 20.74968      99
 20.7819       99
 20.81412      100
 20.84634      101
 20.87856      101
 20.87856      102
 20.91078      103
 20.943        103
 20.97522      104
 21.00744      104
 21.03966      105
 21.03966      105
 21.07188      106
 21.1041       106
 21.13632      107
 21.16854      108
 21.20076      108
 21.20076      109
 21.23298      109
 21.2652       110
 21.29742      110
 21.32964      111
 21.36186      111
 21.36186      112
 21.39408      113
 21.4263       113
 21.45852      114
 21.49074      114
 21.52296      114
 21.52296      115
 21.55518      115
 21.5874       116
 21.61962      116
 21.65184      116
 21.68406      117
 21.68406      117
 21.71628      117
 21.7485       117
 21.78072      117
 21.81294      118
 21.84516      118
 21.84516      118
 21.87738      118
 21.9096       118
 21.94182      118
 21.97404      118
 22.00626      118
 22.00626      118
 22.03848      118
 22.0707       118
 22.10292      118
 22.13514      118
 22.13514      117
 22.16736      117
 22.19958      117
 22.2318       117
 22.26402      116
 22.29624      116
 22.29624      116
 22.32846      115
 22.36068      115
 22.3929       114
 22.42512      114
 22.45734      114
 22.45734      113
 22.48956      113
 22.52178      112
 22.554        112
 22.58622      111
 22.61844      111
 22.61844      110
 22.65066      110
 22.68288      109
 22.7151       108
 22.74732      108
 22.77954      107
 22.81176      107
 22.84398      106
 22.8762       106
 22.90842      105
 22.90842      105
 22.94064      104
 22.97286      103
 23.00508      103
 23.0373       102
 23.0373       102
 23.06952      101
 23.10174      101
 23.13396      100
 23.16618      99
 23.1984       98
 23.1984       98
 23.23062      98
 23.26284      97
 23.29506      97
 23.32728      96
 23.32728      96
 23.3595       96
 23.39172      95
 23.42394      95
 23.45616      94
 23.45616      94
 23.48838      94
 23.5206       93
 23.55282      93
 23.58504      93
 23.61726      93
 23.61726      92
 23.64948      92
 23.6817       92
 23.71392      92
 23.74614      92
 23.77836      92
 23.77836      91
 23.81058      91
 23.8428       91
 23.87502      91
 23.90724      91
 23.90724      91
 23.93946      91
 23.97168      91
 24.0039       91
 24.03612      91
 24.03612      91
 24.06834      91
 24.10056      91
 24.13278      91
 24.165        91
 24.19722      92
 24.19722      92
 24.22944      92
 24.26166      92
 24.29388      92
 24.3261       92
 24.3261       92
 24.35832      92
 24.39054      92
 24.42276      92
 24.45498      92
 24.45498      92
 24.4872       93
 24.51942      93
 24.55164      93
 24.58386      93
 24.58386      94
 24.61608      94
 24.6483       95
 24.68052      95
 24.71274      95
 24.74496      96
 24.74496      96
 24.77718      97
 24.8094       97
 24.84162      98
 24.87384      98
 24.87384      99
 24.90606      99
 24.93828      100
 24.9705       101
 25.00272      101
 25.00272      102
 25.03494      102
 25.06716      103
 25.09938      104
 25.1316       104
 25.1316       105
 25.16382      105
 25.19604      106
 25.22826      106
 25.26048      107
 25.26048      108
 25.2927       108
 25.32492      109
 25.35714      110
 25.38936      110
 25.38936      111
 25.42158      111
 25.4538       112
 25.48602      113
 25.51824      113
 25.51824      114
 25.55046      115
 25.58268      115
 25.6149       116
 25.64712      117
 25.64712      118
 25.67934      118
 25.71156      119
 25.74378      120
 25.776        120
 25.776        121
 25.80822      122
 25.84044      123
 25.87266      123
 25.90488      124
 25.90488      125
 25.9371       126
 25.96932      126
 26.03376      127
 26.03376      128
 26.06598      128
 26.0982       129
 26.13042      130
 26.16264      130
 26.16264      131
 26.19486      132
 26.22708      132
 26.2593       133
 26.29152      134
 26.29152      134
 26.32374      135
 26.35596      136
 26.38818      136
 26.4204       137
 26.4204       137
 26.45262      138
 26.48484      138
 26.51706      139
 26.54928      139
 26.54928      140
 26.5815       140
 26.61372      141
 26.64594      141
 26.67816      141
 26.67816      142
 26.71038      142
 26.7426       142
 26.77482      143
 26.77482      143
 26.80704      143
 26.83926      143
 26.87148      143
 26.9037       143
 26.9037       144
 26.93592      144
 26.96814      144
 27.00036      144
 27.03258      144
 27.03258      144
 27.0648       144
 27.09702      143
 27.12924      143
 27.12924      143
 27.16146      143
 27.19368      143
 27.2259       142
 27.25812      142
 27.25812      142
 27.29034      142
 27.32256      142
 27.35478      141
 27.35478      141
 27.387        141
 27.41922      141
 27.45144      140
 27.48366      140
 27.51588      139
 27.51588      139
 27.5481       138
 27.58032      138
 27.61254      138
 27.61254      137
 27.64476      137
 27.67698      136
 27.7092       136
 27.74142      135
 27.74142      134
 27.77364      134
 27.80586      133
 27.83808      133
 27.83808      132
 27.8703       132
 27.90252      131
 27.93474      130
 27.96696      130
 27.96696      129
 27.99918      129
 28.0314       128
 28.06362      127
 28.09584      127
 28.09584      127
 28.12806      126
 28.16028      126
 28.1925       126
 28.1925       125
 28.22472      125
 28.25694      124
 28.28916      124
 28.28916      123
 28.32138      123
 28.3536       123
 28.38582      122
 28.38582      122
 28.41804      121
 28.45026      121
 28.48248      120
 28.5147       120
