 0             0
 0             0
 0             0
 0             0
 0             0
 0             0
 0             0
 0             0
 0             0
 0             0
 3.222e-002    0
 3.222e-002    0
 6.444e-002    0
 9.666e-002    0
 9.666e-002    0
 0.12888       0
 0.1611        0
 0.19332       0
 0.22554       0
 0.25776       0
 0.25776       0
 0.28998       0
 0.3222        0
 0.35442       0
 0.38664       0
 0.41886       0
 0.45108       0
 0.4833        0
 0.4833        0
 0.51552       0
 0.54774       0
 0.57996       0
 0.61218       0
 0.6444        0
 0.67662       0
 0.70884       0
 0.74106       0
 0.74106       0
 0.77328       0
 0.8055        0
 0.83772       0
 0.86994       0
 0.90216       0
 0.93438       0
 0.9666        0
 0.9666        0
 0.99882       0
 1.03104       0
 1.06326       0
 1.09548       0
 1.1277        0
 1.15992       0
 1.19214       0
 1.22436       0
 1.25658       0
 1.2888        0
 1.2888        0
 1.32102       0
 1.35324       0
 1.38546       0
 1.41768       0
 1.4499        0
 1.48212       0
 1.51434       0
 1.54656       0
 1.57878       0
 1.611         0
 1.64322       0
 1.64322       0
 1.70766       0
 1.70766       0
 1.73988       0
 1.7721        0
 1.80432       0
 1.83654       0
 1.86876       0
 1.90098       0
 1.9332        0
 1.96542       0
 1.99764       0
 2.02986       0
 2.06208       0
 2.06208       0
 2.0943        0
 2.12652       0
 2.15874       0
 2.19096       0
 2.22318       0
 2.2554        0
 2.28762       0
 2.31984       0
 2.35206       0
 2.38428       0
 2.4165        0
 2.44872       0
 2.48094       0
 2.48094       0
 2.54538       0
 2.54538       0
 2.5776        0
 2.60982       0
 2.64204       0
 2.67426       0
 2.70648       0
 2.7387        0
 2.77092       0
 2.80314       0
 2.83536       0
 2.86758       0
 2.8998        0
 2.93202       0
 2.96424       0
 2.99646       0
 2.99646       0
 3.02868       0
 3.0609        0
 3.09312       0
 3.12534       0
 3.15756       0
 3.18978       0
 3.25422       0
 3.28644       0
 3.31866       0
 3.35088       0
 3.3831        0
 3.41532       0
 3.44754       0
 3.44754       0
 3.51198       0
 3.51198       0
 3.5442        0
 3.57642       0
 3.60864       0
 3.64086       0
 3.67308       0
 3.7053        0
 3.73752       1
 3.76974       1
 3.80196       2
 3.83418       2
 3.8664        2
 3.89862       3
 3.93084       3
 3.96306       4
 3.96306       4
 3.99528       5
 4.0275        5
 4.05972       5
 4.09194       6
 4.12416       6
 4.15638       7
 4.1886        7
 4.22082       8
 4.25304       8
 4.28526       9
 4.31748       9
 4.3497        10
 4.38192       10
 4.41414       11
 4.44636       12
 4.44636       12
 4.47858       13
 4.5108        13
 4.54302       14
 4.57524       15
 4.60746       15
 4.63968       16
 4.6719        16
 4.70412       17
 4.73634       18
 4.76856       18
 4.80078       19
 4.833         20
 4.86522       21
 4.89744       21
 4.92966       22
 4.96188       23
 4.96188       24
 4.9941        24
 5.02632       25
 5.05854       26
 5.09076       27
 5.12298       28
 5.1552        29
 5.18742       29
 5.21964       30
 5.25186       31
 5.28408       32
 5.3163        33
 5.34852       34
 5.38074       35
 5.41296       36
 5.41296       37
 5.44518       38
 5.4774        39
 5.50962       40
 5.54184       40
 5.57406       41
 5.60628       42
 5.6385        44
 5.67072       45
 5.70294       46
 5.73516       47
 5.76738       48
 5.7996        49
 5.83182       50
 5.86404       51
 5.86404       52
 5.89626       53
 5.92848       54
 5.9607        55
 5.99292       56
 6.02514       57
 6.05736       59
 6.08958       60
 6.1218        61
 6.15402       62
 6.18624       63
 6.21846       64
 6.25068       65
 6.2829        67
 6.2829        68
 6.31512       69
 6.34734       70
 6.37956       72
 6.41178       71
 6.444         73
 6.50844       71
 6.54066       69
 6.57288       68
 6.6051        68
 6.63732       69
 6.66954       69
 6.66954       70
 6.70176       70
 6.73398       71
 6.7662        72
 6.79842       73
 6.83064       75
 6.86286       76
 6.89508       77
 6.9273        77
 6.95952       78
 6.99174       80
 7.02396       81
 7.05618       82
 7.0884        83
 7.0884        84
 7.12062       86
 7.15284       87
 7.18506       88
 7.21728       89
 7.2495        90
 7.28172       91
 7.31394       92
 7.34616       92
 7.37838       93
 7.4106        94
 7.44282       94
 7.47504       95
 7.47504       96
 7.50726       96
 7.53948       96
 7.5717        97
 7.60392       97
 7.63614       97
 7.66836       98
 7.70058       98
 7.7328        98
 7.76502       98
 7.79724       98
 7.82946       98
 7.86168       98
 7.8939        98
 7.8939        97
 7.92612       97
 7.95834       97
 7.99056       96
 8.02278       96
 8.055         95
 8.08722       93
 8.11944       90
 8.15166       88
 8.18388       87
 8.2161        86
 8.24832       86
 8.24832       85
 8.28054       84
 8.31276       84
 8.34498       83
 8.3772        82
 8.40942       81
 8.44164       80
 8.47386       80
 8.50608       79
 8.5383        78
 8.57052       76
 8.57052       75
 8.60274       74
 8.63496       73
 8.66718       72
 8.6994        71
 8.73162       70
 8.76384       69
 8.79606       68
 8.82828       68
 8.8605        67
 8.89272       66
 8.92494       66
 8.92494       65
 8.95716       65
 8.98938       65
 9.0216        64
 9.05382       64
 9.08604       64
 9.11826       64
 9.15048       64
 9.1827        64
 9.21492       64
 9.24714       64
 9.24714       64
 9.27936       65
 9.31158       65
 9.3438        65
 9.37602       65
 9.40824       66
 9.44046       66
 9.47268       67
 9.5049        67
 9.53712       68
 9.56934       68
 9.60156       69
 9.63378       69
 9.63378       70
 9.666         70
 9.69822       71
 9.76266       72
 9.79488       72
 9.8271        73
 9.85932       74
 9.89154       74
 9.92376       75
 9.92376       76
 9.95598       77
 9.9882        77
 10.02042      78
 10.05264      79
 10.08486      80
 10.11708      81
 10.1493       82
 10.18152      82
 10.21374      83
 10.24596      84
 10.24596      85
 10.27818      86
 10.3104       87
 10.34262      88
 10.37484      89
 10.40706      89
 10.43928      90
 10.4715       91
 10.50372      92
 10.53594      93
 10.56816      94
 10.56816      95
 10.60038      96
 10.6326       97
 10.66482      98
 10.69704      99
 10.72926      101
 10.76148      102
 10.7937       103
 10.82592      104
 10.82592      105
 10.85814      106
 10.89036      107
 10.92258      108
 10.9548       109
 10.98702      110
 11.01924      111
 11.05146      112
 11.08368      113
 11.1159       114
 11.14812      115
 11.14812      116
 11.18034      117
 11.21256      118
 11.24478      119
 11.277        120
 11.30922      121
 11.34144      122
 11.37366      123
 11.40588      124
 11.4381       125
 11.4381       126
 11.47032      127
 11.50254      128
 11.53476      129
 11.56698      130
 11.5992       131
 11.63142      132
 11.66364      133
 11.69586      134
 11.72808      135
 11.72808      136
 11.7603       137
 11.79252      138
 11.82474      139
 11.85696      140
 11.88918      141
 11.9214       142
 11.95362      143
 11.98584      144
 12.01806      145
 12.01806      146
 12.05028      147
 12.0825       148
 12.11472      149
 12.14694      150
 12.17916      151
 12.21138      152
 12.2436       153
 12.27582      154
 12.27582      155
 12.30804      156
 12.34026      157
 12.37248      158
 12.4047       158
 12.43692      159
 12.46914      160
 12.50136      161
 12.53358      161
 12.5658       162
 12.59802      163
 12.59802      164
 12.63024      165
 12.66246      165
 12.69468      166
 12.7269       167
 12.75912      168
 12.79134      168
 12.82356      169
 12.85578      170
 12.85578      170
 12.888        171
 12.92022      172
 12.95244      173
 13.01688      173
 13.0491       174
 13.08132      174
 13.11354      175
 13.11354      176
 13.14576      176
 13.17798      177
 13.2102       177
 13.24242      178
 13.27464      178
 13.30686      179
 13.33908      179
 13.3713       180
 13.3713       180
 13.40352      180
 13.43574      181
 13.46796      181
 13.50018      182
 13.5324       182
 13.56462      182
 13.59684      183
 13.59684      183
 13.62906      183
 13.66128      184
 13.6935       184
 13.72572      184
 13.75794      185
 13.79016      185
 13.82238      184
 13.8546       184
 13.8546       184
 13.88682      184
 13.91904      184
 13.95126      184
 13.98348      184
 14.0157       184
 14.04792      184
 14.08014      184
 14.11236      185
 14.11236      185
 14.14458      185
 14.1768       186
 14.20902      186
 14.24124      187
 14.27346      187
 14.30568      188
 14.3379       188
 14.3379       189
 14.37012      189
 14.40234      190
 14.43456      190
 14.46678      191
 14.499        191
 14.53122      191
 14.56344      192
 14.56344      192
 14.59566      193
 14.62788      193
 14.6601       193
 14.69232      193
 14.72454      194
 14.75676      194
 14.78898      194
 14.8212       195
 14.8212       195
 14.85342      195
 14.88564      195
 14.91786      195
 14.95008      196
 14.9823       196
 15.01452      196
 15.04674      196
 15.04674      196
 15.07896      197
 15.11118      197
 15.1434       197
 15.17562      197
 15.20784      197
 15.24006      197
 15.27228      197
 15.27228      198
 15.3045       198
 15.33672      198
 15.36894      198
 15.40116      198
 15.43338      198
 15.4656       198
 15.49782      198
 15.53004      198
 15.53004      199
 15.56226      199
 15.59448      199
 15.6267       199
 15.65892      199
 15.69114      199
 15.72336      199
 15.75558      199
 15.75558      199
 15.7878       199
 15.82002      200
 15.85224      200
 15.88446      200
 15.91668      200
 15.9489       200
 15.98112      200
 15.98112      200
 16.01334      200
 16.04556      201
 16.07778      200
 16.11         201
 16.14222      201
 16.17444      201
 16.20666      202
 16.20666      202
 16.2711       202
 16.30332      202
 16.33554      202
 16.36776      202
 16.39998      202
 16.39998      203
 16.4322       203
 16.46442      203
 16.49664      203
 16.52886      203
 16.56108      204
 16.5933       204
 16.62552      204
 16.62552      204
 16.65774      205
 16.68996      205
 16.72218      205
 16.7544       206
 16.78662      206
 16.81884      206
 16.81884      207
 16.85106      207
 16.88328      207
 16.9155       208
 16.94772      208
 16.97994      209
 17.01216      209
 17.04438      210
 17.04438      210
 17.0766       210
 17.10882      211
 17.14104      211
 17.17326      212
 17.20548      212
 17.2377       213
 17.2377       213
 17.26992      214
 17.30214      214
 17.33436      215
 17.36658      216
 17.3988       216
 17.43102      217
 17.46324      217
 17.46324      218
 17.49546      218
 17.52768      219
 17.5599       219
 17.59212      220
 17.62434      221
 17.65656      221
 17.65656      222
 17.68878      222
 17.721        223
 17.75322      223
 17.78544      224
 17.81766      225
 17.84988      225
 17.84988      226
 17.8821       226
 17.91432      227
 17.94654      228
 17.97876      228
 18.01098      229
 18.0432       229
 18.07542      230
 18.07542      231
 18.10764      231
 18.13986      232
 18.17208      232
 18.2043       233
 18.23652      234
 18.23652      234
 18.26874      235
 18.30096      235
 18.33318      236
 18.3654       236
 18.39762      237
 18.42984      238
 18.46206      238
 18.46206      239
 18.49428      239
 18.5265       240
 18.55872      240
 18.59094      241
 18.62316      242
 18.65538      242
 18.65538      243
 18.6876       243
 18.71982      244
 18.75204      244
 18.78426      245
 18.81648      245
 18.8487       246
 18.8487       246
 18.88092      247
 18.91314      247
 18.94536      248
 18.97758      248
 19.0098       249
 19.0098       249
 19.04202      250
 19.07424      250
 19.10646      251
 19.13868      251
 19.1709       252
 19.20312      252
 19.20312      253
 19.23534      253
 19.26756      254
 19.29978      254
 19.332        255
 19.36422      255
 19.39644      256
 19.39644      256
 19.42866      257
 19.46088      257
 19.52532      258
 19.55754      258
 19.58976      259
 19.58976      259
 19.62198      260
 19.6542       260
 19.68642      261
 19.71864      261
 19.75086      262
 19.78308      262
 19.78308      263
 19.8153       263
 19.84752      264
 19.87974      264
 19.91196      265
 19.94418      265
 19.94418      266
 19.9764       266
 20.00862      267
 20.04084      267
 20.07306      268
 20.10528      268
 20.1375       269
 20.1375       269
 20.16972      270
 20.20194      270
 20.23416      271
 20.26638      271
 20.2986       272
 20.33082      272
 20.33082      273
 20.36304      273
 20.39526      274
 20.42748      274
 20.4597       275
 20.49192      275
 20.49192      276
 20.52414      277
 20.55636      277
 20.58858      278
 20.6208       278
 20.65302      279
 20.68524      279
 20.68524      280
 20.71746      280
 20.74968      281
 20.7819       281
 20.81412      282
 20.84634      282
 20.84634      283
 20.87856      283
 20.91078      284
 20.943        284
 20.97522      285
 21.00744      285
 21.00744      286
 21.03966      287
 21.07188      287
 21.1041       288
 21.13632      288
 21.16854      289
 21.16854      289
 21.20076      290
 21.23298      290
 21.2652       291
 21.29742      291
 21.32964      292
 21.32964      292
 21.36186      293
 21.39408      294
 21.4263       294
 21.45852      295
 21.49074      295
 21.52296      296
 21.52296      296
 21.55518      297
 21.5874       297
 21.61962      298
 21.65184      298
 21.68406      299
 21.68406      299
 21.71628      300
 21.7485       300
 21.78072      301
 21.81294      301
 21.84516      302
 21.84516      303
 21.87738      303
 21.9096       304
 21.94182      304
 21.97404      305
 22.00626      305
 22.00626      306
 22.03848      306
 22.0707       306
 22.10292      307
 22.13514      307
 22.13514      308
 22.16736      308
 22.19958      309
 22.2318       309
 22.26402      309
 22.29624      310
 22.32846      310
 22.32846      311
 22.36068      311
 22.3929       311
 22.42512      312
 22.45734      312
 22.48956      313
 22.48956      313
 22.52178      313
 22.554        314
 22.58622      314
 22.61844      314
 22.65066      315
 22.65066      315
 22.68288      316
 22.7151       316
 22.77954      316
 22.81176      317
 22.81176      317
 22.84398      317
 22.8762       318
 22.90842      318
 22.94064      319
 22.94064      319
 22.97286      319
 23.00508      320
 23.0373       320
 23.06952      320
 23.10174      321
 23.10174      321
 23.13396      322
 23.16618      322
 23.1984       322
 23.23062      323
 23.23062      323
 23.26284      324
 23.29506      324
 23.32728      324
 23.3595       325
 23.39172      325
 23.39172      325
 23.42394      326
 23.45616      326
 23.48838      327
 23.5206       327
 23.55282      327
 23.55282      328
 23.58504      328
 23.61726      328
 23.64948      329
 23.6817       329
 23.6817       330
 23.71392      330
 23.74614      330
 23.77836      331
 23.81058      331
 23.8428       331
 23.8428       332
 23.87502      332
 23.90724      332
 23.93946      333
 23.97168      333
 23.97168      333
 24.0039       334
 24.03612      334
 24.06834      335
 24.10056      335
 24.13278      335
 24.13278      336
 24.165        336
 24.19722      336
 24.22944      337
 24.26166      337
 24.29388      337
 24.29388      338
 24.3261       338
 24.35832      338
 24.39054      339
 24.42276      339
 24.42276      339
 24.45498      340
 24.4872       340
 24.51942      340
 24.55164      341
 24.58386      341
 24.58386      342
 24.61608      342
 24.6483       342
 24.68052      343
 24.71274      343
 24.71274      343
 24.74496      344
 24.77718      344
 24.8094       344
 24.84162      344
 24.84162      345
 24.87384      345
 24.90606      345
 24.93828      346
 24.9705       346
 24.9705       346
 25.00272      347
 25.03494      347
 25.06716      347
 25.09938      348
 25.1316       348
 25.1316       348
 25.16382      349
 25.19604      349
 25.22826      349
 25.26048      349
 25.26048      350
 25.2927       350
 25.32492      350
 25.35714      351
 25.38936      351
 25.38936      351
 25.42158      351
 25.4538       352
 25.48602      352
 25.51824      352
 25.51824      353
 25.55046      353
 25.58268      353
 25.6149       353
 25.64712      354
 25.67934      354
 25.67934      354
 25.71156      355
 25.74378      355
 25.776        355
 25.80822      355
 25.80822      356
 25.84044      356
 25.87266      356
 25.90488      356
 25.9371       357
 25.96932      357
 26.00154      357
 26.03376      358
 26.06598      358
 26.06598      358
 26.0982       358
 26.13042      359
 26.16264      359
 26.19486      359
 26.22708      359
 26.22708      360
 26.2593       360
 26.29152      360
 26.32374      360
 26.35596      361
 26.35596      361
 26.38818      361
 26.4204       361
 26.45262      362
 26.48484      362
 26.48484      362
 26.51706      362
 26.54928      362
 26.5815       363
 26.61372      363
 26.61372      363
 26.64594      363
 26.67816      364
 26.71038      364
 26.7426       364
 26.7426       364
 26.77482      364
 26.80704      365
 26.83926      365
 26.87148      365
 26.87148      365
 26.9037       366
 26.93592      366
 26.96814      366
 26.96814      366
 27.00036      366
 27.03258      367
 27.0648       367
 27.09702      367
 27.09702      367
 27.12924      368
 27.16146      368
 27.19368      368
 27.2259       368
 27.2259       368
 27.25812      369
 27.29034      369
 27.32256      369
 27.35478      369
 27.35478      369
 27.387        370
 27.41922      370
 27.45144      370
 27.48366      370
 27.48366      370
 27.51588      370
 27.5481       371
 27.58032      371
 27.61254      371
 27.61254      371
 27.64476      371
 27.67698      371
 27.7092       371
 27.7092       372
 27.74142      372
 27.77364      372
 27.80586      372
 27.83808      372
 27.83808      372
 27.8703       372
 27.90252      373
 27.93474      373
 27.96696      373
 27.96696      373
 27.99918      373
 28.0314       373
 28.06362      373
 28.06362      373
 28.09584      373
 28.12806      373
 28.16028      373
 28.1925       373
 28.1925       373
 28.22472      373
 28.25694      373
 28.28916      373
 28.28916      373
 28.32138      373
 28.3536       373
 28.38582      372
 28.41804      372
 28.41804      372
 28.45026      372
 28.48248      372
 28.5147       372
 28.5147       372
 28.54692      372
 28.57914      371
 28.61136      371
 28.64358      371
 28.64358      371
 28.6758       371
