 0             0
 0             0
 0             0
 0             0
 0             0
 0             0
 0             0
 0             0
 0             0
 3.222e-002    0
 3.222e-002    0
 6.444e-002    0
 9.666e-002    0
 0.12888       0
 0.12888       0
 0.1611        0
 0.19332       0
 0.19332       0
 0.25776       0
 0.25776       0
 0.28998       0
 0.3222        0
 0.35442       0
 0.38664       0
 0.41886       0
 0.41886       0
 0.45108       0
 0.4833        0
 0.51552       0
 0.54774       0
 0.57996       0
 0.57996       0
 0.6444        0
 0.6444        0
 0.67662       0
 0.70884       0
 0.74106       0
 0.77328       0
 0.8055        0
 0.83772       0
 0.86994       0
 0.86994       0
 0.90216       0
 0.93438       0
 0.9666        0
 0.99882       0
 1.03104       0
 1.06326       0
 1.09548       0
 1.1277        0
 1.1277        0
 1.19214       0
 1.19214       0
 1.22436       0
 1.25658       0
 1.2888        0
 1.32102       0
 1.35324       0
 1.38546       0
 1.41768       0
 1.4499        0
 1.4499        0
 1.48212       0
 1.51434       0
 1.54656       0
 1.57878       0
 1.611         0
 1.64322       0
 1.67544       0
 1.70766       0
 1.70766       0
 1.7721        0
 1.7721        0
 1.80432       0
 1.83654       0
 1.86876       0
 1.90098       0
 1.9332        0
 1.96542       0
 1.99764       0
 2.02986       0
 2.06208       0
 2.0943        0
 2.0943        0
 2.12652       0
 2.15874       0
 2.19096       0
 2.22318       0
 2.2554        0
 2.28762       0
 2.31984       0
 2.35206       0
 2.38428       0
 2.4165        0
 2.44872       0
 2.48094       0
 2.51316       0
 2.51316       0
 2.5776        0
 2.5776        0
 2.60982       0
 2.64204       0
 2.67426       0
 2.70648       0
 2.7387        0
 2.77092       0
 2.80314       0
 2.83536       0
 2.86758       0
 2.8998        0
 2.93202       0
 2.96424       0
 2.99646       0
 2.99646       0
 3.02868       0
 3.0609        0
 3.09312       0
 3.12534       0
 3.15756       0
 3.18978       0
 3.25422       0
 3.28644       0
 3.31866       0
 3.35088       0
 3.3831        0
 3.3831        0
 3.41532       0
 3.44754       0
 3.47976       0
 3.51198       0
 3.5442        0
 3.57642       0
 3.60864       0
 3.64086       0
 3.67308       0
 3.7053        0
 3.73752       0
 3.76974       0
 3.80196       0
 3.83418       0
 3.8664        0
 3.89862       0
 3.89862       0
 3.93084       0
 3.96306       0
 3.99528       0
 4.0275        0
 4.05972       0
 4.09194       0
 4.12416       0
 4.15638       0
 4.1886        0
 4.22082       0
 4.25304       0
 4.28526       0
 4.31748       0
 4.31748       0
 4.3497        0
 4.38192       0
 4.41414       0
 4.44636       0
 4.47858       0
 4.5108        0
 4.54302       0
 4.57524       0
 4.60746       0
 4.63968       0
 4.6719        0
 4.70412       0
 4.73634       0
 4.76856       0
 4.80078       0
 4.80078       0
 4.833         0
 4.86522       0
 4.89744       0
 4.92966       0
 4.96188       0
 4.9941        0
 5.02632       0
 5.05854       0
 5.09076       0
 5.12298       0
 5.1552        0
 5.18742       0
 5.21964       0
 5.25186       0
 5.25186       0
 5.28408       0
 5.3163        0
 5.34852       1
 5.38074       1
 5.41296       1
 5.44518       2
 5.4774        2
 5.50962       3
 5.54184       3
 5.57406       3
 5.60628       4
 5.6385        5
 5.67072       5
 5.67072       6
 5.70294       6
 5.73516       7
 5.76738       8
 5.7996        8
 5.83182       9
 5.86404       10
 5.89626       11
 5.92848       11
 5.9607        12
 5.99292       13
 6.02514       14
 6.05736       15
 6.08958       15
 6.08958       16
 6.1218        17
 6.15402       18
 6.18624       19
 6.21846       20
 6.25068       21
 6.2829        22
 6.31512       23
 6.34734       24
 6.37956       25
 6.41178       26
 6.444         27
 6.47622       28
 6.50844       29
 6.54066       30
 6.57288       31
 6.6051        32
 6.63732       33
 6.66954       34
 6.70176       36
 6.73398       37
 6.7662        38
 6.79842       39
 6.83064       40
 6.86286       41
 6.89508       42
 6.89508       43
 6.9273        44
 6.95952       46
 6.99174       47
 7.02396       48
 7.05618       49
 7.0884        50
 7.12062       51
 7.15284       52
 7.18506       53
 7.21728       54
 7.2495        55
 7.28172       56
 7.28172       57
 7.31394       59
 7.34616       60
 7.37838       61
 7.4106        62
 7.44282       62
 7.47504       63
 7.50726       64
 7.53948       65
 7.5717        66
 7.60392       67
 7.63614       68
 7.63614       69
 7.66836       70
 7.70058       71
 7.7328        71
 7.76502       72
 7.79724       73
 7.82946       74
 7.86168       74
 7.8939        75
 7.92612       76
 7.95834       77
 7.99056       77
 7.99056       78
 8.02278       78
 8.055         79
 8.08722       80
 8.11944       80
 8.15166       81
 8.18388       81
 8.2161        82
 8.24832       82
 8.28054       83
 8.31276       83
 8.34498       84
 8.3772        84
 8.3772        84
 8.40942       85
 8.44164       85
 8.47386       86
 8.50608       86
 8.5383        86
 8.57052       87
 8.60274       87
 8.63496       87
 8.66718       88
 8.6994        88
 8.6994        88
 8.73162       88
 8.76384       89
 8.79606       89
 8.82828       89
 8.8605        89
 8.89272       90
 8.92494       90
 8.95716       90
 8.98938       90
 9.0216        90
 9.05382       90
 9.05382       91
 9.08604       91
 9.11826       91
 9.15048       91
 9.1827        91
 9.21492       91
 9.24714       91
 9.27936       91
 9.31158       91
 9.3438        91
 9.37602       91
 9.37602       91
 9.40824       91
 9.44046       91
 9.47268       91
 9.5049        91
 9.53712       91
 9.56934       91
 9.60156       91
 9.63378       91
 9.666         91
 9.69822       91
 9.73044       91
 9.76266       91
 9.79488       91
 9.8271        90
 9.85932       90
 9.89154       90
 9.92376       90
 9.95598       90
 9.9882        90
 10.02042      89
 10.02042      89
 10.05264      89
 10.08486      89
 10.11708      89
 10.1493       88
 10.18152      88
 10.21374      88
 10.24596      88
 10.27818      87
 10.3104       87
 10.34262      87
 10.34262      87
 10.37484      86
 10.40706      86
 10.43928      86
 10.4715       85
 10.50372      85
 10.53594      85
 10.56816      85
 10.60038      84
 10.60038      84
 10.6326       84
 10.66482      83
 10.69704      83
 10.72926      83
 10.76148      81
 10.7937       79
 10.82592      77
 10.85814      76
 10.89036      76
 10.92258      75
 10.92258      75
 10.9548       75
 10.98702      75
 11.01924      75
 11.05146      75
 11.08368      75
 11.1159       75
 11.14812      75
 11.18034      75
 11.21256      74
 11.21256      74
 11.24478      74
 11.277        74
 11.30922      74
 11.34144      73
 11.37366      73
 11.40588      73
 11.4381       73
 11.47032      72
 11.47032      72
 11.50254      72
 11.53476      72
 11.56698      72
 11.5992       72
 11.63142      72
 11.66364      72
 11.69586      73
 11.72808      73
 11.7603       73
 11.79252      73
 11.79252      74
 11.82474      74
 11.85696      75
 11.88918      75
 11.9214       76
 11.95362      76
 11.98584      77
 12.01806      77
 12.05028      78
 12.05028      78
 12.0825       79
 12.11472      80
 12.14694      80
 12.17916      81
 12.21138      82
 12.2436       83
 12.27582      83
 12.30804      84
 12.34026      85
 12.34026      86
 12.37248      87
 12.4047       87
 12.43692      88
 12.46914      89
 12.50136      90
 12.53358      91
 12.5658       91
 12.59802      92
 12.59802      93
 12.63024      94
 12.66246      95
 12.69468      96
 12.7269       96
 12.75912      97
 12.79134      98
 12.82356      99
 12.85578      101
 12.85578      101
 12.888        102
 12.92022      103
 12.95244      104
 13.01688      105
 13.0491       106
 13.08132      106
 13.11354      107
 13.11354      108
 13.14576      109
 13.17798      110
 13.2102       110
 13.24242      111
 13.27464      112
 13.30686      113
 13.33908      114
 13.3713       114
 13.3713       115
 13.40352      116
 13.43574      117
 13.46796      118
 13.50018      118
 13.5324       119
 13.56462      120
 13.59684      121
 13.62906      121
 13.62906      122
 13.66128      123
 13.6935       124
 13.72572      125
 13.75794      125
 13.79016      126
 13.82238      127
 13.8546       127
 13.8546       128
 13.88682      129
 13.91904      130
 13.95126      130
 13.98348      131
 14.0157       132
 14.04792      133
 14.08014      133
 14.11236      134
 14.11236      135
 14.14458      136
 14.1768       136
 14.20902      137
 14.24124      138
 14.27346      138
 14.30568      139
 14.3379       140
 14.3379       141
 14.37012      141
 14.40234      142
 14.43456      143
 14.46678      143
 14.499        144
 14.53122      145
 14.56344      146
 14.56344      146
 14.59566      147
 14.62788      148
 14.6601       148
 14.69232      149
 14.72454      150
 14.75676      150
 14.78898      151
 14.8212       151
 14.8212       152
 14.85342      153
 14.88564      153
 14.91786      154
 14.95008      154
 14.9823       155
 15.01452      156
 15.04674      156
 15.04674      157
 15.07896      157
 15.11118      158
 15.1434       159
 15.17562      159
 15.20784      160
 15.24006      160
 15.27228      161
 15.27228      161
 15.3045       162
 15.33672      162
 15.36894      163
 15.40116      163
 15.43338      164
 15.4656       164
 15.49782      165
 15.49782      165
 15.53004      166
 15.56226      166
 15.59448      167
 15.6267       167
 15.65892      168
 15.69114      168
 15.72336      169
 15.72336      169
 15.75558      169
 15.7878       170
 15.82002      170
 15.85224      171
 15.88446      171
 15.91668      172
 15.9489       172
 15.9489       172
 15.98112      173
 16.01334      173
 16.04556      174
 16.07778      174
 16.11         174
 16.14222      175
 16.14222      175
 16.17444      175
 16.20666      176
 16.2711       176
 16.30332      176
 16.33554      177
 16.36776      177
 16.36776      177
 16.39998      178
 16.4322       178
 16.46442      178
 16.49664      179
 16.52886      179
 16.56108      179
 16.5933       180
 16.5933       180
 16.62552      180
 16.65774      180
 16.68996      181
 16.72218      181
 16.7544       181
 16.78662      181
 16.78662      182
 16.81884      182
 16.85106      182
 16.88328      182
 16.9155       182
 16.94772      183
 16.97994      183
 17.01216      183
 17.01216      183
 17.04438      183
 17.0766       183
 17.10882      183
 17.14104      183
 17.17326      183
 17.20548      184
 17.20548      184
 17.2377       184
 17.26992      184
 17.30214      184
 17.33436      184
 17.36658      184
 17.3988       184
 17.43102      184
 17.43102      184
 17.46324      183
 17.49546      183
 17.52768      183
 17.5599       183
 17.59212      183
 17.59212      183
 17.62434      183
 17.65656      182
 17.68878      182
 17.721        182
 17.75322      182
 17.78544      181
 17.81766      181
 17.81766      181
 17.84988      180
 17.8821       180
 17.91432      180
 17.94654      179
 17.97876      179
 18.01098      178
 18.01098      178
 18.0432       177
 18.07542      177
 18.10764      176
 18.13986      175
 18.17208      172
 18.2043       158
 18.2043       145
 18.23652      132
 18.26874      122
 18.30096      112
 18.33318      103
 18.3654       95
 18.3654       88
 18.39762      82
 18.42984      77
 18.46206      72
 18.49428      68
 18.5265       64
 18.55872      60
 18.59094      57
 18.59094      54
 18.62316      52
 18.65538      49
 18.6876       47
 18.71982      45
 18.75204      44
 18.75204      42
 18.78426      41
 18.81648      39
 18.8487       38
 18.88092      37
 18.91314      36
 18.94536      35
 18.94536      34
 18.97758      33
 19.0098       32
 19.04202      31
 19.07424      30
 19.10646      29
 19.13868      28
 19.13868      27
 19.1709       26
 19.20312      25
 19.23534      24
 19.26756      23
 19.29978      22
 19.29978      21
 19.332        20
 19.36422      19
 19.39644      19
 19.42866      18
 19.46088      17
 19.4931       17
 19.52532      16
 19.55754      15
 19.58976      15
 19.62198      15
 19.6542       14
 19.68642      14
 19.68642      14
 19.71864      13
 19.75086      13
 19.78308      13
 19.8153       13
 19.84752      13
 19.84752      12
 19.87974      12
 19.91196      12
 19.94418      11
 19.9764       11
 20.00862      10
 20.04084      10
 20.04084      9
 20.07306      8
 20.10528      7
 20.1375       6
 20.16972      6
 20.20194      5
 20.20194      4
 20.23416      2
 20.26638      1
 20.2986       0
 20.33082      0
 20.36304      0
 20.39526      0
 20.39526      0
 20.42748      0
 20.4597       0
 20.49192      0
 20.52414      0
 20.55636      0
 20.55636      0
 20.58858      0
 20.6208       0
 20.65302      0
 20.68524      0
 20.71746      0
 20.71746      0
 20.74968      0
 20.7819       0
 20.81412      0
 20.84634      0
 20.87856      0
 20.87856      0
 20.91078      0
 20.943        0
 20.97522      0
 21.00744      0
 21.03966      0
 21.03966      0
 21.07188      0
 21.1041       0
 21.13632      0
 21.16854      0
 21.20076      0
 21.23298      0
 21.23298      0
 21.2652       0
 21.29742      0
 21.32964      0
 21.36186      0
 21.39408      0
 21.39408      0
 21.4263       0
 21.45852      0
 21.49074      0
 21.52296      0
 21.55518      0
 21.55518      0
 21.5874       0
 21.61962      0
 21.65184      0
 21.68406      0
 21.71628      0
 21.71628      0
 21.7485       0
 21.78072      0
 21.81294      0
 21.84516      0
 21.87738      0
 21.87738      0
 21.9096       0
 21.94182      0
 21.97404      0
 22.00626      0
 22.03848      0
 22.03848      0
 22.0707       0
 22.10292      0
 22.13514      0
 22.16736      0
 22.19958      0
 22.19958      0
 22.2318       0
 22.26402      0
 22.29624      0
 22.32846      0
 22.36068      0
 22.36068      0
 22.3929       0
 22.42512      0
 22.45734      0
 22.48956      0
 22.52178      0
 22.52178      0
 22.554        0
 22.58622      0
 22.61844      0
 22.65066      0
 22.65066      0
 22.68288      0
 22.7151       0
 22.77954      0
 22.81176      0
 22.84398      0
 22.84398      0
 22.8762       0
 22.90842      0
 22.94064      0
 22.97286      0
 22.97286      0
 23.00508      0
 23.0373       0
 23.06952      0
 23.10174      0
 23.13396      0
 23.13396      0
 23.16618      0
 23.1984       0
 23.23062      0
 23.26284      0
 23.29506      0
 23.29506      0
 23.32728      0
 23.3595       0
 23.39172      0
 23.42394      0
 23.42394      0
 23.45616      0
 23.48838      0
 23.5206       0
 23.55282      0
 23.58504      0
 23.58504      0
 23.61726      0
 23.64948      0
 23.6817       0
 23.71392      0
 23.71392      0
 23.74614      0
 23.77836      0
 23.81058      0
 23.8428       0
 23.8428       0
 23.87502      0
 23.90724      0
 23.93946      0
 23.97168      0
 23.97168      0
 24.0039       0
 24.03612      0
 24.06834      0
 24.10056      0
 24.13278      0
 24.13278      0
 24.165        0
 24.19722      0
 24.22944      0
 24.26166      0
 24.29388      0
 24.29388      0
 24.3261       0
 24.35832      0
 24.39054      0
 24.42276      0
 24.42276      0
 24.45498      0
 24.4872       0
 24.51942      0
 24.55164      0
 24.55164      0
 24.58386      0
 24.61608      0
 24.6483       0
 24.68052      0
 24.71274      0
 24.71274      0
 24.74496      0
 24.77718      0
 24.8094       0
 24.84162      0
 24.84162      0
 24.87384      0
 24.90606      0
 24.93828      0
 24.9705       0
 24.9705       0
 25.00272      0
 25.03494      0
 25.06716      0
 25.09938      0
 25.09938      0
 25.1316       0
 25.16382      0
 25.19604      0
 25.22826      0
 25.22826      0
 25.26048      0
 25.2927       0
 25.32492      0
 25.35714      0
 25.35714      0
 25.38936      0
 25.42158      0
 25.4538       0
 25.48602      0
 25.48602      0
 25.51824      0
 25.55046      0
 25.58268      0
 25.6149       0
 25.64712      0
 25.64712      0
 25.67934      0
 25.71156      0
 25.74378      0
 25.776        0
 25.776        0
 25.80822      0
 25.84044      0
 25.87266      0
 25.90488      0
 25.90488      0
 25.9371       0
 25.96932      0
 26.03376      0
 26.03376      0
 26.06598      0
 26.0982       0
 26.13042      0
 26.16264      0
 26.16264      0
 26.19486      0
 26.22708      0
 26.2593       0
 26.29152      0
 26.29152      0
 26.32374      0
 26.35596      0
 26.38818      0
 26.4204       0
 26.4204       0
 26.45262      0
 26.48484      0
 26.51706      0
 26.54928      0
 26.54928      0
 26.5815       0
 26.61372      0
 26.64594      0
 26.67816      0
 26.67816      0
 26.71038      0
 26.7426       0
 26.77482      0
 26.77482      0
 26.80704      0
 26.83926      0
 26.87148      0
 26.9037       0
 26.93592      0
 26.93592      0
 26.96814      0
 27.00036      0
 27.03258      0
 27.03258      0
 27.0648       0
 27.09702      0
 27.12924      0
 27.16146      0
 27.16146      0
 27.19368      0
 27.2259       0
 27.25812      0
 27.25812      0
 27.29034      0
 27.32256      0
 27.35478      0
 27.387        0
 27.387        0
 27.41922      0
 27.45144      0
 27.48366      0
 27.51588      0
 27.51588      0
 27.5481       0
 27.58032      0
 27.61254      0
 27.61254      0
 27.64476      0
 27.67698      0
 27.7092       0
 27.74142      0
 27.74142      0
 27.77364      0
 27.80586      0
 27.83808      0
 27.8703       0
 27.8703       0
 27.90252      0
 27.93474      0
 27.96696      0
 27.96696      0
 27.99918      0
 28.0314       0
 28.06362      0
 28.09584      0
 28.09584      0
 28.12806      0
 28.16028      0
 28.1925       0
 28.1925       0
 28.22472      0
 28.25694      0
 28.28916      0
 28.32138      0
 28.32138      0
 28.3536       0
 28.38582      0
 28.41804      0
 28.41804      0
 28.45026      0
 28.48248      0
 28.5147       0
 28.5147       0
 28.54692      0
 28.57914      0
 28.61136      0
