 0             0
 0             0
 0             0
 0             0
 0             0
 0             0
 0             0
 0             0
 0             0
 0             0
 0             0
 3.222e-002    0
 6.444e-002    0
 6.444e-002    0
 0.12888       0
 0.12888       0
 0.1611        0
 0.19332       0
 0.19332       0
 0.22554       0
 0.25776       0
 0.28998       0
 0.3222        0
 0.35442       0
 0.38664       0
 0.41886       0
 0.41886       0
 0.45108       0
 0.4833        0
 0.51552       0
 0.54774       0
 0.57996       0
 0.57996       0
 0.6444        0
 0.6444        0
 0.67662       0
 0.70884       0
 0.74106       0
 0.77328       0
 0.8055        0
 0.83772       0
 0.83772       0
 0.90216       0
 0.90216       0
 0.93438       0
 0.9666        0
 0.99882       0
 1.03104       0
 1.06326       0
 1.06326       0
 1.1277        0
 1.1277        0
 1.15992       0
 1.19214       0
 1.22436       0
 1.25658       0
 1.2888        0
 1.32102       0
 1.35324       0
 1.38546       0
 1.38546       0
 1.4499        0
 1.4499        0
 1.48212       0
 1.51434       0
 1.54656       0
 1.57878       0
 1.611         0
 1.64322       0
 1.67544       0
 1.70766       0
 1.70766       0
 1.73988       0
 1.7721        0
 1.80432       0
 1.83654       0
 1.86876       0
 1.90098       0
 1.9332        0
 1.96542       0
 1.99764       0
 2.02986       0
 2.06208       0
 2.0943        0
 2.0943        0
 2.12652       0
 2.15874       0
 2.19096       0
 2.22318       0
 2.2554        0
 2.28762       0
 2.31984       0
 2.35206       0
 2.38428       0
 2.4165        0
 2.44872       0
 2.48094       0
 2.51316       0
 2.51316       0
 2.54538       0
 2.5776        0
 2.60982       0
 2.64204       0
 2.67426       0
 2.70648       0
 2.7387        0
 2.77092       0
 2.80314       0
 2.83536       0
 2.86758       0
 2.8998        0
 2.93202       0
 2.93202       0
 2.96424       0
 2.99646       0
 3.02868       0
 3.0609        0
 3.09312       0
 3.12534       0
 3.15756       0
 3.18978       0
 3.25422       0
 3.28644       0
 3.31866       0
 3.31866       0
 3.35088       0
 3.3831        0
 3.41532       0
 3.44754       0
 3.47976       0
 3.51198       0
 3.5442        0
 3.57642       0
 3.60864       0
 3.64086       0
 3.67308       0
 3.7053        0
 3.73752       0
 3.73752       0
 3.80196       0
 3.80196       0
 3.83418       0
 3.8664        0
 3.89862       1
 3.93084       1
 3.96306       1
 3.99528       1
 4.0275        1
 4.05972       1
 4.09194       1
 4.12416       1
 4.15638       1
 4.1886        2
 4.1886        2
 4.22082       2
 4.25304       2
 4.28526       2
 4.31748       2
 4.3497        2
 4.38192       2
 4.41414       3
 4.44636       3
 4.47858       3
 4.5108        3
 4.54302       3
 4.57524       3
 4.60746       3
 4.63968       4
 4.63968       4
 4.6719        4
 4.70412       4
 4.73634       4
 4.76856       4
 4.80078       4
 4.833         5
 4.86522       5
 4.89744       5
 4.92966       5
 4.96188       5
 4.9941        5
 4.9941        6
 5.02632       6
 5.05854       6
 5.09076       6
 5.12298       6
 5.1552        6
 5.18742       7
 5.21964       7
 5.25186       7
 5.28408       7
 5.3163        7
 5.34852       8
 5.38074       8
 5.41296       8
 5.41296       8
 5.44518       8
 5.4774        9
 5.50962       9
 5.54184       9
 5.57406       9
 5.60628       9
 5.6385        10
 5.67072       10
 5.70294       10
 5.73516       10
 5.76738       10
 5.7996        11
 5.83182       11
 5.83182       11
 5.86404       11
 5.89626       12
 5.92848       12
 5.9607        12
 5.99292       12
 6.02514       12
 6.05736       13
 6.08958       13
 6.1218        13
 6.15402       13
 6.18624       14
 6.18624       14
 6.21846       14
 6.25068       14
 6.2829        15
 6.31512       15
 6.34734       15
 6.37956       15
 6.41178       15
 6.444         15
 6.50844       16
 6.54066       16
 6.54066       16
 6.57288       16
 6.6051        16
 6.63732       16
 6.66954       16
 6.70176       16
 6.73398       16
 6.7662        16
 6.79842       15
 6.83064       15
 6.86286       15
 6.89508       15
 6.9273        15
 6.9273        15
 6.95952       15
 6.99174       14
 7.02396       14
 7.05618       14
 7.0884        14
 7.12062       14
 7.15284       13
 7.18506       13
 7.21728       13
 7.2495        13
 7.28172       12
 7.28172       12
 7.31394       12
 7.34616       12
 7.37838       11
 7.4106        11
 7.44282       11
 7.47504       11
 7.50726       10
 7.53948       10
 7.5717        10
 7.60392       10
 7.60392       10
 7.63614       10
 7.66836       9
 7.70058       9
 7.7328        9
 7.76502       9
 7.79724       9
 7.82946       9
 7.86168       9
 7.8939        9
 7.92612       9
 7.92612       9
 7.95834       9
 7.99056       9
 8.02278       9
 8.055         9
 8.08722       9
 8.11944       9
 8.15166       9
 8.18388       9
 8.2161        9
 8.24832       9
 8.28054       9
 8.28054       9
 8.31276       9
 8.34498       9
 8.3772        9
 8.40942       9
 8.44164       10
 8.47386       10
 8.50608       10
 8.5383        10
 8.57052       10
 8.57052       10
 8.60274       10
 8.63496       10
 8.66718       11
 8.6994        11
 8.73162       11
 8.76384       11
 8.79606       11
 8.82828       11
 8.8605        11
 8.89272       12
 8.89272       12
 8.92494       12
 8.95716       12
 8.98938       12
 9.0216        13
 9.05382       13
 9.08604       13
 9.11826       13
 9.15048       13
 9.1827        13
 9.21492       14
 9.21492       14
 9.24714       14
 9.27936       14
 9.31158       15
 9.3438        15
 9.37602       15
 9.40824       15
 9.44046       15
 9.47268       16
 9.5049        16
 9.5049        16
 9.53712       16
 9.56934       16
 9.60156       17
 9.63378       17
 9.666         17
 9.69822       17
 9.76266       18
 9.76266       18
 9.79488       18
 9.8271        18
 9.85932       19
 9.89154       19
 9.92376       19
 9.95598       19
 9.9882        19
 10.02042      20
 10.05264      20
 10.08486      20
 10.08486      20
 10.11708      21
 10.1493       21
 10.18152      21
 10.21374      21
 10.24596      22
 10.27818      22
 10.3104       22
 10.34262      23
 10.37484      23
 10.37484      23
 10.40706      23
 10.43928      24
 10.4715       24
 10.50372      24
 10.53594      24
 10.56816      25
 10.60038      25
 10.6326       25
 10.6326       26
 10.66482      26
 10.69704      26
 10.72926      26
 10.76148      27
 10.7937       27
 10.82592      27
 10.85814      28
 10.89036      28
 10.92258      28
 10.9548       28
 10.9548       29
 10.98702      29
 11.01924      29
 11.05146      29
 11.08368      30
 11.1159       30
 11.14812      30
 11.18034      31
 11.21256      31
 11.21256      31
 11.24478      31
 11.277        32
 11.30922      32
 11.34144      32
 11.37366      32
 11.40588      32
 11.4381       33
 11.47032      33
 11.47032      33
 11.50254      33
 11.53476      33
 11.56698      32
 11.5992       32
 11.63142      31
 11.66364      31
 11.69586      30
 11.72808      30
 11.72808      30
 11.7603       30
 11.79252      30
 11.82474      30
 11.85696      30
 11.88918      30
 11.9214       30
 11.95362      30
 11.98584      30
 11.98584      30
 12.01806      30
 12.05028      30
 12.0825       30
 12.11472      30
 12.14694      30
 12.17916      30
 12.21138      30
 12.2436       30
 12.2436       30
 12.27582      30
 12.30804      29
 12.34026      29
 12.37248      29
 12.4047       29
 12.43692      29
 12.46914      29
 12.50136      28
 12.50136      28
 12.53358      28
 12.5658       28
 12.59802      28
 12.63024      28
 12.66246      28
 12.69468      27
 12.7269       27
 12.7269       27
 12.75912      27
 12.79134      27
 12.82356      27
 12.85578      27
 12.888        27
 12.92022      27
 12.95244      27
 12.98466      27
 13.01688      27
 13.0491       27
 13.08132      27
 13.11354      27
 13.14576      27
 13.17798      27
 13.2102       27
 13.24242      27
 13.24242      27
 13.27464      27
 13.30686      28
 13.33908      28
 13.3713       28
 13.40352      28
 13.43574      28
 13.46796      28
 13.50018      29
 13.50018      29
 13.5324       29
 13.56462      29
 13.59684      29
 13.62906      30
 13.66128      30
 13.6935       30
 13.72572      30
 13.72572      30
 13.75794      31
 13.79016      31
 13.82238      31
 13.8546       31
 13.88682      32
 13.91904      32
 13.95126      32
 13.95126      32
 13.98348      33
 14.0157       33
 14.04792      33
 14.08014      33
 14.11236      34
 14.14458      34
 14.1768       34
 14.1768       35
 14.20902      35
 14.24124      35
 14.27346      35
 14.30568      36
 14.3379       36
 14.37012      36
 14.40234      37
 14.40234      37
 14.43456      37
 14.46678      38
 14.499        38
 14.53122      38
 14.56344      39
 14.59566      39
 14.59566      39
 14.62788      40
 14.6601       40
 14.69232      40
 14.72454      41
 14.75676      41
 14.78898      42
 14.8212       42
 14.8212       42
 14.85342      43
 14.88564      43
 14.91786      44
 14.95008      44
 14.9823       44
 15.01452      45
 15.04674      45
 15.04674      46
 15.07896      46
 15.11118      47
 15.1434       48
 15.17562      47
 15.20784      47
 15.24006      47
 15.27228      48
 15.27228      48
 15.3045       48
 15.33672      49
 15.36894      49
 15.40116      50
 15.43338      51
 15.4656       51
 15.49782      52
 15.49782      52
 15.53004      53
 15.56226      53
 15.59448      54
 15.6267       54
 15.65892      55
 15.69114      55
 15.69114      56
 15.72336      56
 15.75558      57
 15.7878       57
 15.82002      58
 15.85224      58
 15.88446      59
 15.88446      59
 15.91668      60
 15.9489       60
 15.98112      60
 16.01334      61
 16.04556      61
 16.07778      62
 16.11         62
 16.11         63
 16.14222      63
 16.17444      64
 16.20666      64
 16.2711       65
 16.30332      65
 16.30332      65
 16.33554      66
 16.36776      66
 16.39998      67
 16.4322       67
 16.46442      68
 16.49664      68
 16.52886      68
 16.52886      69
 16.56108      69
 16.5933       70
 16.62552      70
 16.65774      70
 16.68996      71
 16.68996      71
 16.72218      71
 16.7544       72
 16.78662      72
 16.81884      72
 16.85106      73
 16.88328      73
 16.9155       73
 16.9155       73
 16.94772      74
 16.97994      74
 17.01216      74
 17.04438      75
 17.0766       75
 17.10882      75
 17.10882      75
 17.14104      75
 17.17326      76
 17.20548      76
 17.2377       76
 17.26992      76
 17.30214      76
 17.30214      76
 17.33436      76
 17.36658      77
 17.3988       77
 17.43102      77
 17.46324      77
 17.46324      77
 17.49546      77
 17.52768      77
 17.5599       77
 17.59212      77
 17.62434      77
 17.65656      77
 17.68878      77
 17.68878      78
 17.721        78
 17.75322      78
 17.78544      78
 17.81766      78
 17.84988      78
 17.84988      78
 17.8821       78
 17.91432      78
 17.94654      78
 17.97876      78
 18.01098      78
 18.0432       78
 18.07542      78
 18.07542      78
 18.10764      78
 18.13986      78
 18.17208      78
 18.2043       78
 18.23652      78
 18.23652      78
 18.26874      78
 18.30096      78
 18.33318      78
 18.3654       78
 18.39762      78
 18.42984      78
 18.42984      78
 18.46206      78
 18.49428      78
 18.5265       78
 18.55872      78
 18.59094      78
 18.62316      78
 18.62316      78
 18.65538      78
 18.6876       79
 18.71982      79
 18.75204      79
 18.78426      79
 18.78426      79
 18.81648      79
 18.8487       79
 18.88092      79
 18.91314      79
 18.94536      79
 18.94536      79
 18.97758      79
 19.0098       80
 19.04202      80
 19.07424      80
 19.10646      80
 19.13868      80
 19.13868      80
 19.1709       80
 19.20312      80
 19.23534      80
 19.26756      80
 19.29978      80
 19.29978      81
 19.332        81
 19.36422      81
 19.39644      81
 19.42866      81
 19.46088      81
 19.4931       81
 19.52532      81
 19.55754      82
 19.58976      82
 19.62198      82
 19.6542       82
 19.6542       82
 19.68642      82
 19.71864      82
 19.75086      83
 19.78308      83
 19.8153       83
 19.8153       83
 19.84752      83
 19.87974      84
 19.91196      84
 19.94418      84
 19.9764       84
 20.00862      84
 20.00862      85
 20.04084      85
 20.07306      85
 20.10528      85
 20.1375       86
 20.16972      86
 20.16972      86
 20.20194      86
 20.23416      87
 20.26638      87
 20.2986       87
 20.33082      88
 20.33082      88
 20.36304      88
 20.39526      88
 20.42748      89
 20.4597       89
 20.49192      89
 20.52414      90
 20.52414      90
 20.55636      90
 20.58858      91
 20.6208       91
 20.65302      91
 20.68524      92
 20.68524      92
 20.71746      92
 20.74968      92
 20.7819       93
 20.81412      93
 20.84634      93
 20.84634      93
 20.87856      93
 20.91078      94
 20.943        94
 20.97522      94
 21.00744      97
 21.00744      98
 21.03966      98
 21.07188      97
 21.1041       97
 21.13632      97
 21.16854      97
 21.16854      97
 21.20076      97
 21.23298      97
 21.2652       97
 21.29742      97
 21.32964      98
 21.32964      98
 21.36186      98
 21.39408      98
 21.4263       99
 21.45852      99
 21.49074      99
 21.49074      100
 21.52296      101
 21.55518      101
 21.5874       101
 21.61962      102
 21.65184      102
 21.65184      102
 21.68406      103
 21.71628      103
 21.7485       103
 21.78072      104
 21.81294      104
 21.81294      104
 21.84516      104
 21.87738      105
 21.9096       105
 21.94182      105
 21.97404      106
 21.97404      106
 22.00626      106
 22.03848      107
 22.0707       107
 22.10292      107
 22.10292      107
 22.13514      108
 22.16736      108
 22.19958      108
 22.2318       109
 22.26402      109
 22.26402      109
 22.29624      109
 22.32846      110
 22.36068      110
 22.3929       110
 22.3929       110
 22.42512      111
 22.45734      111
 22.48956      111
 22.52178      112
 22.554        112
 22.554        112
 22.58622      112
 22.61844      113
 22.65066      113
 22.68288      113
 22.7151       113
 22.74732      114
 22.77954      114
 22.81176      114
 22.84398      114
 22.8762       115
 22.8762       115
 22.90842      115
 22.94064      115
 22.97286      116
 23.00508      116
 23.00508      116
 23.0373       116
 23.06952      117
 23.10174      117
 23.13396      117
 23.16618      117
 23.16618      117
 23.1984       118
 23.23062      118
 23.26284      118
 23.29506      118
 23.29506      119
 23.32728      119
 23.3595       119
 23.39172      119
 23.42394      119
 23.42394      120
 23.45616      120
 23.48838      120
 23.5206       120
 23.55282      121
 23.58504      121
 23.58504      121
 23.61726      121
 23.64948      121
 23.6817       122
 23.71392      122
 23.71392      122
 23.74614      122
 23.77836      122
 23.81058      123
 23.8428       123
 23.8428       123
 23.87502      123
 23.90724      123
 23.93946      124
 23.97168      124
 24.0039       124
 24.0039       124
 24.03612      124
 24.06834      125
 24.10056      125
 24.13278      125
 24.13278      125
 24.165        125
 24.19722      125
 24.22944      125
 24.26166      125
 24.26166      126
 24.29388      126
 24.3261       126
 24.35832      121
 24.39054      120
 24.42276      120
 24.42276      120
 24.45498      121
 24.4872       121
 24.51942      122
 24.55164      123
 24.55164      123
 24.58386      124
 24.61608      124
 24.6483       125
 24.68052      125
 24.68052      125
 24.71274      126
 24.74496      126
 24.77718      127
 24.8094       127
 24.8094       127
 24.84162      127
 24.87384      128
 24.90606      128
 24.93828      128
 24.93828      128
 24.9705       129
 25.00272      129
 25.03494      129
 25.06716      129
 25.06716      130
 25.09938      130
 25.1316       130
 25.16382      130
 25.19604      130
 25.19604      131
 25.22826      131
 25.26048      131
 25.2927       131
 25.32492      132
 25.35714      132
 25.35714      132
 25.38936      132
 25.42158      132
 25.4538       133
 25.4538       133
 25.48602      133
 25.51824      133
 25.55046      133
 25.58268      134
 25.58268      134
 25.6149       134
 25.64712      134
 25.67934      134
 25.71156      135
 25.71156      135
 25.74378      135
 25.776        135
 25.80822      135
 25.84044      136
 25.87266      136
 25.87266      136
 25.90488      136
 25.9371       136
 25.96932      137
 26.00154      137
 26.03376      137
 26.06598      137
 26.0982       137
 26.13042      138
 26.13042      138
 26.16264      138
 26.19486      138
 26.22708      139
 26.22708      139
 26.2593       139
 26.29152      139
 26.32374      139
 26.35596      140
 26.35596      140
 26.38818      140
 26.4204       140
 26.45262      140
 26.48484      141
 26.48484      141
 26.51706      141
 26.54928      141
 26.5815       142
 26.61372      142
 26.61372      142
 26.64594      142
 26.67816      143
 26.71038      143
 26.71038      143
 26.7426       143
 26.77482      143
 26.80704      144
 26.83926      144
 26.83926      144
 26.87148      144
 26.9037       145
 26.93592      145
 26.96814      145
 26.96814      145
 27.00036      146
 27.03258      146
 27.0648       146
 27.0648       146
 27.09702      147
 27.12924      147
 27.16146      147
 27.19368      147
 27.19368      148
 27.2259       148
 27.25812      148
 27.29034      148
 27.32256      149
 27.32256      149
 27.35478      149
 27.387        149
 27.41922      150
 27.45144      150
 27.45144      150
 27.48366      150
 27.51588      151
 27.5481       151
 27.5481       151
 27.58032      151
 27.61254      152
 27.64476      152
 27.67698      152
 27.67698      152
 27.7092       153
 27.74142      153
 27.77364      153
 27.77364      153
 27.80586      154
 27.83808      154
 27.8703       154
 27.90252      154
 27.90252      154
 27.93474      155
 27.96696      155
 27.99918      155
 27.99918      155
 28.0314       156
 28.06362      156
 28.09584      156
 28.12806      156
 28.12806      157
 28.16028      157
 28.1925       157
 28.22472      157
 28.22472      158
 28.25694      158
 28.28916      158
 28.32138      158
 28.32138      159
 28.3536       159
 28.38582      159
 28.41804      159
 28.45026      160
