 0             0
 0             0
 0             0
 0             0
 0             0
 0             0
 0             0
 0             0
 0             0
 0             0
 3.222e-002    0
 3.222e-002    0
 6.444e-002    0
 9.666e-002    0
 9.666e-002    0
 0.12888       0
 0.1611        0
 0.19332       0
 0.22554       0
 0.25776       0
 0.25776       0
 0.28998       0
 0.3222        0
 0.35442       0
 0.38664       0
 0.41886       0
 0.41886       0
 0.4833        0
 0.4833        0
 0.51552       0
 0.54774       0
 0.57996       0
 0.61218       0
 0.6444        0
 0.67662       0
 0.70884       0
 0.74106       0
 0.74106       0
 0.77328       0
 0.8055        0
 0.83772       0
 0.86994       0
 0.90216       0
 0.93438       0
 0.9666        0
 0.9666        0
 0.99882       0
 1.03104       0
 1.06326       0
 1.09548       0
 1.1277        0
 1.15992       0
 1.19214       0
 1.22436       0
 1.25658       0
 1.2888        0
 1.2888        0
 1.32102       0
 1.35324       0
 1.38546       0
 1.41768       0
 1.4499        0
 1.48212       0
 1.51434       0
 1.54656       0
 1.57878       0
 1.611         0
 1.611         0
 1.64322       0
 1.67544       0
 1.70766       0
 1.73988       0
 1.7721        0
 1.80432       0
 1.83654       0
 1.86876       0
 1.90098       0
 1.9332        0
 1.96542       0
 1.99764       0
 2.02986       0
 2.02986       0
 2.06208       0
 2.0943        0
 2.12652       0
 2.15874       0
 2.19096       0
 2.22318       0
 2.2554        0
 2.28762       0
 2.31984       0
 2.35206       0
 2.38428       0
 2.4165        1
 2.44872       1
 2.44872       1
 2.48094       1
 2.51316       1
 2.54538       2
 2.5776        2
 2.60982       2
 2.64204       2
 2.67426       3
 2.70648       3
 2.7387        3
 2.77092       3
 2.80314       4
 2.83536       4
 2.86758       4
 2.8998        5
 2.93202       5
 2.96424       6
 2.96424       6
 2.99646       7
 3.02868       7
 3.0609        8
 3.09312       8
 3.12534       9
 3.15756       9
 3.18978       10
 3.25422       11
 3.28644       11
 3.31866       12
 3.35088       13
 3.35088       13
 3.41532       14
 3.41532       15
 3.44754       16
 3.47976       17
 3.51198       17
 3.5442        18
 3.57642       19
 3.60864       20
 3.64086       21
 3.67308       22
 3.7053        23
 3.73752       24
 3.76974       25
 3.80196       26
 3.83418       27
 3.8664        28
 3.8664        29
 3.89862       30
 3.93084       32
 3.96306       33
 3.99528       34
 4.0275        35
 4.05972       36
 4.09194       37
 4.12416       39
 4.15638       40
 4.1886        41
 4.22082       42
 4.25304       43
 4.28526       45
 4.31748       46
 4.3497        47
 4.3497        48
 4.38192       50
 4.41414       51
 4.44636       52
 4.47858       53
 4.5108        55
 4.54302       56
 4.57524       57
 4.60746       59
 4.63968       60
 4.6719        61
 4.70412       63
 4.73634       64
 4.76856       65
 4.80078       67
 4.833         68
 4.833         69
 4.86522       71
 4.89744       72
 4.92966       73
 4.96188       75
 4.9941        76
 5.02632       77
 5.05854       79
 5.09076       80
 5.12298       82
 5.1552        83
 5.18742       84
 5.21964       86
 5.25186       87
 5.25186       89
 5.28408       90
 5.3163        91
 5.34852       93
 5.38074       94
 5.41296       96
 5.44518       97
 5.4774        98
 5.50962       101
 5.54184       102
 5.57406       103
 5.60628       105
 5.6385        106
 5.67072       108
 5.70294       109
 5.70294       111
 5.73516       112
 5.76738       113
 5.7996        115
 5.83182       116
 5.86404       118
 5.89626       119
 5.92848       121
 5.9607        122
 5.99292       123
 6.02514       125
 6.05736       126
 6.08958       128
 6.1218        129
 6.1218        131
 6.15402       132
 6.18624       133
 6.21846       135
 6.25068       136
 6.2829        138
 6.31512       139
 6.34734       141
 6.37956       142
 6.41178       144
 6.444         145
 6.50844       146
 6.54066       148
 6.54066       149
 6.57288       151
 6.6051        152
 6.63732       154
 6.66954       155
 6.70176       157
 6.73398       158
 6.7662        159
 6.79842       161
 6.83064       162
 6.86286       164
 6.89508       165
 6.9273        167
 6.95952       168
 6.95952       169
 6.99174       171
 7.02396       172
 7.05618       173
 7.0884        175
 7.12062       176
 7.15284       177
 7.18506       179
 7.21728       180
 7.2495        181
 7.28172       182
 7.31394       184
 7.31394       185
 7.34616       186
 7.37838       187
 7.4106        188
 7.44282       189
 7.47504       190
 7.50726       191
 7.53948       192
 7.5717        193
 7.60392       194
 7.63614       195
 7.66836       196
 7.70058       197
 7.70058       198
 7.7328        199
 7.76502       200
 7.79724       200
 7.82946       202
 7.86168       203
 7.8939        203
 7.92612       204
 7.95834       204
 7.99056       205
 8.02278       206
 8.055         206
 8.055         207
 8.08722       207
 8.11944       208
 8.15166       208
 8.18388       208
 8.2161        209
 8.24832       209
 8.28054       209
 8.31276       210
 8.34498       210
 8.3772        210
 8.40942       210
 8.40942       211
 8.44164       211
 8.47386       211
 8.50608       211
 8.5383        211
 8.57052       211
 8.60274       211
 8.63496       211
 8.66718       211
 8.6994        211
 8.73162       211
 8.76384       211
 8.79606       211
 8.79606       211
 8.82828       211
 8.8605        211
 8.89272       211
 8.92494       211
 8.95716       211
 8.98938       211
 9.0216        210
 9.05382       210
 9.08604       210
 9.11826       210
 9.11826       209
 9.15048       209
 9.1827        209
 9.21492       208
 9.24714       208
 9.27936       208
 9.31158       207
 9.3438        207
 9.37602       206
 9.40824       206
 9.44046       205
 9.44046       205
 9.47268       204
 9.5049        204
 9.53712       203
 9.56934       202
 9.60156       202
 9.63378       200
 9.666         200
 9.69822       199
 9.76266       198
 9.76266       198
 9.79488       197
 9.8271        196
 9.85932       195
 9.89154       194
 9.92376       193
 9.95598       193
 9.9882        192
 10.02042      191
 10.05264      190
 10.08486      189
 10.08486      188
 10.11708      187
 10.1493       186
 10.18152      185
 10.21374      184
 10.24596      182
 10.27818      181
 10.3104       180
 10.34262      179
 10.37484      178
 10.37484      177
 10.40706      176
 10.43928      175
 10.4715       174
 10.50372      173
 10.53594      172
 10.56816      171
 10.60038      171
 10.6326       170
 10.66482      170
 10.69704      169
 10.69704      169
 10.72926      169
 10.76148      169
 10.7937       169
 10.82592      169
 10.85814      170
 10.89036      170
 10.92258      170
 10.9548       171
 10.98702      171
 10.98702      172
 11.01924      172
 11.05146      173
 11.08368      174
 11.1159       174
 11.14812      175
 11.18034      176
 11.21256      177
 11.24478      178
 11.277        178
 11.277        179
 11.30922      180
 11.34144      181
 11.37366      182
 11.40588      183
 11.4381       184
 11.47032      185
 11.50254      186
 11.53476      187
 11.56698      188
 11.56698      189
 11.5992       190
 11.63142      191
 11.66364      192
 11.69586      193
 11.72808      194
 11.7603       195
 11.79252      196
 11.82474      197
 11.85696      198
 11.85696      199
 11.88918      200
 11.9214       202
 11.95362      203
 11.98584      204
 12.01806      205
 12.05028      207
 12.0825       208
 12.11472      209
 12.11472      210
 12.14694      211
 12.17916      212
 12.21138      213
 12.2436       214
 12.27582      215
 12.30804      216
 12.34026      217
 12.37248      218
 12.4047       219
 12.4047       220
 12.43692      221
 12.46914      222
 12.50136      223
 12.53358      224
 12.5658       225
 12.59802      226
 12.63024      227
 12.66246      228
 12.66246      229
 12.69468      230
 12.7269       231
 12.75912      232
 12.79134      233
 12.82356      234
 12.85578      235
 12.888        236
 12.92022      236
 12.92022      237
 12.98466      238
 13.01688      239
 13.0491       240
 13.08132      241
 13.11354      242
 13.14576      243
 13.17798      243
 13.17798      244
 13.2102       245
 13.24242      246
 13.27464      247
 13.30686      248
 13.33908      248
 13.3713       249
 13.40352      250
 13.43574      251
 13.43574      252
 13.46796      253
 13.50018      253
 13.5324       254
 13.56462      255
 13.59684      256
 13.62906      257
 13.66128      257
 13.6935       258
 13.6935       259
 13.72572      260
 13.75794      261
 13.79016      261
 13.82238      262
 13.8546       263
 13.88682      264
 13.91904      265
 13.95126      265
 13.95126      266
 13.98348      267
 14.0157       268
 14.04792      268
 14.08014      269
 14.11236      270
 14.14458      271
 14.1768       271
 14.1768       272
 14.20902      273
 14.24124      274
 14.27346      274
 14.30568      275
 14.3379       276
 14.37012      277
 14.40234      277
 14.43456      278
 14.43456      279
 14.46678      279
 14.499        280
 14.53122      281
 14.56344      281
 14.59566      282
 14.62788      283
 14.62788      283
 14.6601       284
 14.69232      285
 14.72454      285
 14.75676      286
 14.78898      287
 14.8212       287
 14.85342      288
 14.85342      288
 14.88564      289
 14.91786      290
 14.95008      290
 14.9823       291
 15.01452      291
 15.04674      292
 15.07896      293
 15.11118      293
 15.11118      294
 15.1434       294
 15.17562      295
 15.20784      295
 15.24006      296
 15.27228      296
 15.3045       297
 15.33672      297
 15.33672      298
 15.36894      298
 15.40116      299
 15.43338      299
 15.4656       300
 15.49782      300
 15.53004      301
 15.56226      301
 15.56226      303
 15.59448      303
 15.6267       303
 15.65892      304
 15.69114      303
 15.72336      303
 15.75558      303
 15.7878       303
 15.7878       303
 15.82002      304
 15.85224      304
 15.88446      304
 15.91668      305
 15.9489       306
 15.98112      306
 16.01334      307
 16.01334      307
 16.04556      308
 16.07778      308
 16.11         309
 16.14222      309
 16.17444      309
 16.20666      310
 16.23888      312
 16.2711       313
 16.30332      312
 16.33554      311
 16.36776      311
 16.39998      311
 16.4322       311
 16.4322       311
 16.46442      310
 16.49664      310
 16.52886      311
 16.56108      311
 16.5933       311
 16.62552      311
 16.62552      311
 16.65774      311
 16.68996      311
 16.72218      311
 16.7544       311
 16.78662      311
 16.81884      311
 16.85106      311
 16.85106      311
 16.88328      311
 16.9155       311
 16.94772      311
 16.97994      311
 17.01216      311
 17.04438      311
 17.04438      311
 17.0766       311
 17.10882      311
 17.14104      311
 17.17326      311
 17.20548      311
 17.2377       311
 17.26992      310
 17.26992      310
 17.30214      310
 17.33436      310
 17.36658      310
 17.3988       309
 17.43102      309
 17.46324      309
 17.46324      308
 17.49546      308
 17.52768      307
 17.5599       307
 17.59212      306
 17.62434      306
 17.65656      305
 17.68878      304
 17.68878      304
 17.721        299
 17.75322      286
 17.78544      273
 17.81766      263
 17.84988      253
 17.84988      245
 17.8821       237
 17.91432      231
 17.94654      225
 17.97876      219
 18.01098      215
 18.0432       211
 18.07542      207
 18.07542      204
 18.10764      200
 18.13986      197
 18.17208      195
 18.2043       193
 18.23652      191
 18.26874      189
 18.26874      188
 18.30096      186
 18.33318      185
 18.3654       184
 18.39762      183
 18.42984      182
 18.46206      181
 18.46206      180
 18.49428      179
 18.5265       179
 18.55872      178
 18.59094      178
 18.62316      177
 18.65538      176
 18.65538      176
 18.6876       175
 18.71982      175
 18.75204      174
 18.78426      174
 18.81648      173
 18.81648      173
 18.8487       172
 18.88092      172
 18.91314      171
 18.94536      171
 18.97758      170
 19.0098       170
 19.0098       169
 19.04202      168
 19.07424      167
 19.10646      167
 19.13868      166
 19.1709       165
 19.20312      164
 19.20312      163
 19.23534      162
 19.26756      161
 19.29978      160
 19.332        160
 19.36422      159
 19.39644      158
 19.39644      157
 19.42866      156
 19.46088      156
 19.52532      155
 19.55754      154
 19.55754      153
 19.58976      153
 19.62198      152
 19.6542       152
 19.68642      151
 19.71864      151
 19.75086      150
 19.75086      150
 19.78308      149
 19.8153       149
 19.84752      148
 19.87974      148
 19.91196      147
 19.91196      147
 19.94418      146
 19.9764       145
 20.00862      145
 20.04084      144
 20.07306      143
 20.07306      142
 20.10528      141
 20.1375       141
 20.16972      140
 20.20194      139
 20.23416      138
 20.26638      137
 20.26638      136
 20.2986       135
 20.33082      134
 20.36304      133
 20.39526      132
 20.42748      131
 20.42748      130
 20.4597       129
 20.49192      128
 20.52414      127
 20.55636      126
 20.58858      125
 20.6208       124
 20.6208       123
 20.65302      122
 20.68524      121
 20.71746      121
 20.74968      120
 20.7819       119
 20.7819       119
 20.81412      118
 20.84634      117
 20.87856      117
 20.91078      116
 20.943        116
 20.943        115
 20.97522      115
 21.00744      114
 21.03966      114
 21.07188      114
 21.1041       113
 21.1041       113
 21.13632      113
 21.16854      112
 21.20076      112
 21.23298      112
 21.2652       112
 21.2652       112
 21.29742      111
 21.32964      111
 21.36186      111
 21.39408      111
 21.4263       111
 21.45852      111
 21.45852      111
 21.49074      111
 21.52296      111
 21.55518      111
 21.5874       111
 21.5874       111
 21.61962      111
 21.65184      111
 21.68406      111
 21.71628      111
 21.7485       111
 21.7485       111
 21.78072      111
 21.81294      111
 21.84516      111
 21.87738      111
 21.9096       112
 21.94182      112
 21.94182      112
 21.97404      112
 22.00626      112
 22.03848      112
 22.0707       112
 22.10292      112
 22.10292      112
 22.13514      112
 22.16736      113
 22.19958      113
 22.2318       113
 22.2318       113
 22.26402      113
 22.29624      113
 22.32846      113
 22.36068      113
 22.3929       113
 22.3929       113
 22.42512      113
 22.45734      113
 22.48956      113
 22.52178      113
 22.554        113
 22.554        113
 22.58622      113
 22.61844      113
 22.65066      113
 22.68288      113
 22.7151       113
 22.7151       113
 22.77954      113
 22.81176      113
 22.84398      113
 22.8762       113
 22.8762       113
 22.90842      113
 22.94064      113
 22.97286      113
 23.00508      113
 23.00508      113
 23.0373       113
 23.06952      113
 23.10174      112
 23.13396      112
 23.16618      112
 23.16618      112
 23.1984       112
 23.23062      112
 23.26284      112
 23.29506      112
 23.32728      111
 23.32728      111
 23.5206       110
 23.55282      110
 23.58504      110
 23.61726      110
 23.64948      110
 23.64948      110
 23.6817       110
 23.71392      110
 23.74614      110
 23.77836      110
 23.77836      110
 23.81058      110
 23.8428       110
 23.87502      110
 23.90724      110
 23.93946      110
 23.93946      110
 23.97168      110
 24.0039       110
 24.03612      110
 24.06834      110
 24.06834      110
 24.10056      110
 24.13278      111
 24.165        111
 24.19722      111
 24.19722      111
 24.22944      111
 24.26166      111
 24.29388      111
 24.3261       111
 24.3261       111
 24.35832      111
 24.39054      112
 24.42276      112
 24.45498      112
 24.4872       112
 24.4872       112
 24.51942      112
 24.55164      112
 24.58386      112
 24.61608      112
 24.61608      112
 24.6483       112
 24.68052      112
 24.71274      112
 24.74496      112
 24.74496      112
 24.77718      112
 24.8094       112
 24.84162      111
 24.87384      111
 24.90606      111
 24.90606      111
 24.93828      111
 24.9705       111
 25.00272      111
 25.03494      110
 25.03494      110
 25.06716      110
 25.09938      110
 25.1316       110
 25.16382      109
 25.16382      109
 25.19604      109
 25.22826      109
 25.26048      109
 25.2927       108
 25.2927       108
 25.32492      108
 25.35714      108
 25.38936      108
 25.42158      107
 25.4538       107
 25.4538       107
 25.48602      107
 25.51824      107
 25.55046      106
 25.58268      106
 25.58268      106
 25.6149       106
 25.64712      106
 25.67934      106
 25.71156      105
 25.71156      105
 25.74378      105
 25.776        105
 25.80822      105
 25.84044      105
 25.84044      104
 25.87266      104
 25.90488      104
 25.9371       104
 25.96932      104
 25.96932      104
 26.03376      104
 26.06598      104
 26.0982       104
 26.0982       104
 26.13042      104
 26.16264      104
 26.19486      104
 26.22708      104
 26.2593       104
 26.2593       104
 26.29152      104
 26.32374      104
 26.35596      104
 26.38818      105
 26.38818      105
 26.4204       105
 26.45262      105
 26.48484      105
 26.51706      105
 26.51706      105
 26.54928      105
 26.5815       105
 26.61372      105
 26.64594      105
 26.64594      106
 26.67816      106
 26.71038      106
 26.7426       105
 26.77482      105
 26.77482      105
 26.80704      105
 26.83926      105
 26.87148      105
 26.87148      105
 26.9037       104
 26.93592      104
 26.96814      104
 27.00036      104
 27.00036      103
 27.03258      103
 27.0648       103
 27.09702      102
 27.12924      102
 27.12924      102
 27.16146      102
 27.19368      101
 27.2259       101
 27.2259       101
 27.25812      101
 27.29034      100
 27.32256      100
 27.35478      99
 27.35478      99
 27.387        100
 27.41922      99
 27.45144      99
 27.48366      99
 27.48366      99
 27.51588      99
 27.5481       98
 27.58032      98
 27.61254      98
 27.61254      98
 27.64476      98
 27.67698      98
 27.7092       98
 27.7092       98
 27.74142      98
 27.77364      98
 27.80586      98
 27.83808      98
 27.83808      98
 27.8703       98
 27.90252      98
 27.93474      98
 27.96696      98
 27.96696      98
 27.99918      98
 28.0314       98
 28.06362      98
 28.06362      98
 28.09584      98
 28.12806      98
 28.16028      98
 28.1925       98
 28.1925       98
 28.22472      98
 28.25694      98
 28.28916      98
 28.28916      98
 28.32138      98
 28.3536       98
 28.38582      98
 29.03022      100
 29.06244      100
 29.09466      100
 29.12688      100
 29.12688      100
 29.1591       100
 29.19132      100
 29.22354      100
 29.22354      100
 29.28798      100
 29.3202       100
 29.3202       100
 29.35242      100
 29.35242      100
 29.38464      100
 29.38464      100
