 0             0
 0             0
 0             0
 0             0
 0             0
 0             0
 0             0
 0             0
 0             0
 0             0
 3.222e-002    0
 3.222e-002    0
 6.444e-002    0
 9.666e-002    0
 9.666e-002    0
 0.12888       0
 0.1611        0
 0.19332       0
 0.22554       0
 0.22554       0
 0.25776       0
 0.28998       0
 0.3222        0
 0.35442       0
 0.38664       0
 0.38664       0
 0.45108       0
 0.45108       0
 0.4833        0
 0.51552       0
 0.54774       0
 0.57996       0
 0.61218       0
 0.61218       0
 0.6444        0
 0.67662       0
 0.70884       0
 0.74106       0
 0.77328       0
 0.8055        0
 0.83772       0
 0.86994       0
 0.86994       0
 0.93438       0
 0.93438       0
 0.9666        0
 0.99882       0
 1.03104       0
 1.06326       0
 1.09548       0
 1.1277        0
 1.15992       0
 1.15992       0
 1.19214       0
 1.22436       0
 1.25658       0
 1.2888        0
 1.32102       0
 1.35324       0
 1.38546       0
 1.41768       0
 1.41768       0
 1.48212       0
 1.48212       0
 1.51434       0
 1.54656       0
 1.57878       0
 1.611         0
 1.64322       0
 1.67544       0
 1.70766       0
 1.73988       0
 1.7721        0
 1.80432       0
 1.80432       0
 1.83654       0
 1.86876       0
 1.90098       0
 1.9332        0
 1.96542       0
 1.99764       0
 2.02986       0
 2.06208       0
 2.0943        0
 2.12652       0
 2.15874       0
 2.15874       0
 2.19096       0
 2.22318       0
 2.2554        0
 2.28762       0
 2.31984       0
 2.35206       0
 2.38428       0
 2.4165        0
 2.44872       0
 2.48094       0
 2.51316       0
 2.54538       0
 2.5776        0
 2.5776        0
 2.60982       0
 2.64204       1
 2.67426       1
 2.70648       1
 2.7387        1
 2.77092       1
 2.80314       2
 2.83536       2
 2.86758       2
 2.8998        2
 2.93202       3
 2.96424       3
 2.99646       3
 2.99646       4
 3.02868       4
 3.0609        4
 3.09312       5
 3.12534       5
 3.15756       5
 3.18978       6
 3.25422       6
 3.28644       7
 3.31866       7
 3.35088       8
 3.3831        8
 3.3831        9
 3.41532       9
 3.44754       10
 3.47976       10
 3.51198       11
 3.5442        11
 3.57642       12
 3.60864       12
 3.64086       13
 3.67308       14
 3.7053        14
 3.73752       15
 3.76974       16
 3.80196       16
 3.83418       17
 3.8664        18
 3.8664        18
 3.89862       19
 3.93084       20
 3.96306       21
 3.99528       21
 4.0275        22
 4.05972       23
 4.09194       24
 4.12416       25
 4.15638       25
 4.1886        26
 4.22082       27
 4.25304       28
 4.28526       29
 4.28526       30
 4.31748       31
 4.3497        32
 4.38192       32
 4.41414       33
 4.44636       34
 4.47858       35
 4.5108        36
 4.54302       37
 4.57524       38
 4.60746       39
 4.63968       40
 4.6719        41
 4.70412       42
 4.70412       43
 4.73634       44
 4.76856       45
 4.80078       46
 4.833         48
 4.86522       49
 4.89744       50
 4.92966       51
 4.96188       52
 4.9941        53
 5.02632       54
 5.05854       55
 5.09076       56
 5.12298       57
 5.12298       59
 5.1552        60
 5.18742       61
 5.21964       62
 5.25186       63
 5.28408       64
 5.3163        65
 5.34852       67
 5.38074       68
 5.41296       69
 5.44518       70
 5.4774        71
 5.50962       73
 5.54184       74
 5.54184       75
 5.57406       76
 5.60628       77
 5.6385        79
 5.67072       80
 5.70294       81
 5.73516       82
 5.76738       83
 5.7996        85
 5.83182       86
 5.86404       87
 5.89626       88
 5.92848       90
 5.9607        91
 5.9607        92
 5.99292       93
 6.02514       95
 6.05736       96
 6.08958       97
 6.1218        99
 6.15402       101
 6.18624       102
 6.21846       103
 6.25068       104
 6.2829        106
 6.31512       107
 6.31512       108
 6.34734       110
 6.37956       111
 6.41178       112
 6.444         113
 6.50844       115
 6.54066       116
 6.57288       117
 6.6051        119
 6.63732       120
 6.66954       121
 6.66954       122
 6.70176       124
 6.73398       125
 6.7662        126
 6.79842       127
 6.83064       128
 6.86286       130
 6.89508       131
 6.9273        132
 6.95952       133
 6.99174       134
 7.02396       135
 7.05618       136
 7.05618       137
 7.0884        138
 7.12062       139
 7.15284       139
 7.18506       140
 7.21728       141
 7.2495        142
 7.28172       142
 7.31394       143
 7.34616       144
 7.37838       144
 7.4106        145
 7.4106        145
 7.44282       146
 7.47504       146
 7.50726       146
 7.53948       147
 7.5717        147
 7.60392       147
 7.63614       147
 7.66836       147
 7.70058       147
 7.7328        147
 7.76502       147
 7.76502       146
 7.79724       146
 7.82946       146
 7.86168       145
 7.8939        145
 7.92612       144
 7.95834       144
 7.99056       143
 8.02278       143
 8.055         142
 8.08722       141
 8.08722       140
 8.11944       139
 8.15166       138
 8.18388       138
 8.2161        136
 8.24832       135
 8.28054       134
 8.31276       133
 8.34498       132
 8.3772        131
 8.40942       129
 8.44164       128
 8.47386       126
 8.47386       125
 8.50608       124
 8.5383        122
 8.57052       120
 8.60274       119
 8.63496       117
 8.66718       115
 8.6994        114
 8.73162       112
 8.76384       110
 8.79606       108
 8.79606       107
 8.82828       105
 8.8605        103
 8.89272       102
 8.92494       99
 8.95716       98
 8.98938       97
 9.0216        96
 9.05382       95
 9.08604       94
 9.11826       93
 9.11826       92
 9.15048       92
 9.1827        91
 9.21492       91
 9.24714       91
 9.27936       90
 9.31158       90
 9.3438        90
 9.37602       90
 9.40824       91
 9.40824       91
 9.44046       91
 9.47268       91
 9.5049        92
 9.53712       92
 9.56934       92
 9.60156       93
 9.63378       93
 9.666         94
 9.69822       94
 9.73044       95
 9.76266       96
 9.79488       96
 9.8271        97
 9.85932       98
 9.89154       98
 9.92376       99
 9.95598       101
 9.9882        102
 10.02042      102
 10.02042      103
 10.05264      104
 10.08486      105
 10.11708      106
 10.1493       107
 10.18152      108
 10.21374      108
 10.24596      109
 10.27818      110
 10.3104       111
 10.3104       112
 10.34262      113
 10.37484      114
 10.40706      115
 10.43928      116
 10.4715       117
 10.50372      118
 10.53594      119
 10.56816      120
 10.60038      121
 10.60038      122
 10.6326       123
 10.66482      124
 10.69704      125
 10.72926      126
 10.76148      127
 10.7937       128
 10.82592      129
 10.85814      130
 10.85814      131
 10.89036      132
 10.92258      133
 10.9548       134
 10.98702      135
 11.01924      137
 11.05146      138
 11.08368      139
 11.1159       140
 11.14812      141
 11.18034      142
 11.18034      143
 11.21256      144
 11.24478      145
 11.277        146
 11.30922      147
 11.34144      148
 11.37366      150
 11.40588      151
 11.4381       152
 11.4381       153
 11.47032      154
 11.50254      155
 11.53476      156
 11.56698      157
 11.5992       158
 11.63142      159
 11.66364      160
 11.69586      162
 11.69586      163
 11.72808      164
 11.7603       165
 11.79252      166
 11.82474      167
 11.85696      168
 11.88918      169
 11.9214       170
 11.95362      171
 11.95362      172
 11.98584      173
 12.01806      174
 12.05028      175
 12.0825       176
 12.11472      177
 12.14694      178
 12.17916      179
 12.21138      180
 12.21138      181
 12.2436       182
 12.27582      183
 12.30804      184
 12.34026      185
 12.37248      186
 12.4047       186
 12.43692      187
 12.46914      188
 12.46914      189
 12.50136      190
 12.53358      191
 12.5658       191
 12.59802      192
 12.63024      193
 12.66246      194
 12.69468      194
 12.7269       195
 12.7269       196
 12.75912      196
 12.79134      197
 12.82356      198
 12.85578      198
 12.888        199
 12.92022      200
 12.95244      200
 12.98466      202
 13.01688      202
 13.0491       203
 13.08132      203
 13.11354      204
 13.14576      205
 13.17798      205
 13.2102       206
 13.24242      206
 13.24242      207
 13.27464      207
 13.30686      207
 13.33908      208
 13.3713       208
 13.40352      209
 13.43574      209
 13.46796      210
 13.46796      210
 13.50018      210
 13.5324       211
 13.56462      211
 13.59684      211
 13.62906      212
 13.66128      212
 13.6935       213
 13.6935       213
 13.72572      213
 13.75794      214
 13.79016      214
 13.82238      214
 13.8546       214
 13.88682      215
 13.91904      215
 13.95126      215
 13.95126      216
 13.98348      216
 14.0157       216
 14.04792      217
 14.08014      217
 14.11236      217
 14.14458      217
 14.1768       218
 14.1768       218
 14.20902      218
 14.24124      218
 14.27346      219
 14.30568      219
 14.3379       219
 14.37012      219
 14.40234      219
 14.43456      220
 14.43456      220
 14.46678      220
 14.499        220
 14.53122      220
 14.56344      221
 14.59566      221
 14.59566      221
 14.62788      221
 14.6601       221
 14.69232      221
 14.72454      222
 14.75676      222
 14.78898      222
 14.8212       222
 14.85342      222
 14.85342      222
 14.88564      222
 14.91786      223
 14.95008      223
 14.9823       223
 15.01452      223
 15.04674      223
 15.04674      223
 15.07896      223
 15.11118      223
 15.1434       223
 15.17562      223
 15.20784      223
 15.24006      223
 15.27228      224
 15.27228      224
 15.3045       224
 15.33672      224
 15.36894      224
 15.40116      224
 15.43338      224
 15.4656       224
 15.49782      224
 15.49782      224
 15.53004      224
 15.56226      224
 15.59448      224
 15.6267       224
 15.65892      224
 15.69114      224
 15.72336      224
 15.72336      224
 15.75558      224
 15.7878       224
 15.82002      224
 15.85224      224
 15.88446      224
 15.91668      224
 15.91668      224
 15.9489       224
 15.98112      224
 16.01334      224
 16.04556      224
 16.07778      224
 16.11         224
 16.14222      224
 16.14222      223
 16.17444      223
 16.20666      223
 16.2711       223
 16.30332      223
 16.33554      223
 16.33554      223
 16.36776      223
 16.39998      223
 16.4322       223
 16.46442      224
 16.49664      224
 16.52886      224
 16.56108      224
 16.56108      224
 16.5933       224
 16.62552      224
 16.65774      224
 16.68996      224
 16.72218      225
 16.7544       225
 16.7544       225
 16.78662      225
 16.81884      226
 16.85106      226
 16.88328      226
 16.9155       226
 16.94772      227
 16.94772      227
 16.97994      228
 17.01216      228
 17.04438      228
 17.0766       229
 17.10882      229
 17.14104      230
 17.14104      230
 17.17326      230
 17.20548      229
 17.2377       227
 17.26992      226
 17.30214      224
 17.33436      223
 17.33436      221
 17.36658      221
 17.3988       220
 17.43102      220
 17.46324      220
 17.49546      220
 17.52768      220
 17.52768      220
 17.5599       221
 17.59212      221
 17.62434      222
 17.65656      223
 17.68878      223
 17.721        224
 17.721        225
 17.75322      226
 17.78544      227
 17.81766      228
 17.84988      229
 17.8821       230
 17.91432      231
 17.91432      232
 17.94654      233
 17.97876      234
 18.01098      235
 18.0432       236
 18.07542      237
 18.10764      238
 18.10764      239
 18.13986      240
 18.17208      241
 18.2043       242
 18.23652      243
 18.26874      244
 18.30096      244
 18.30096      245
 18.33318      246
 18.3654       247
 18.39762      248
 18.42984      248
 18.46206      249
 18.49428      250
 18.49428      250
 18.5265       251
 18.55872      252
 18.59094      252
 18.62316      253
 18.65538      254
 18.6876       254
 18.6876       255
 18.71982      255
 18.75204      256
 18.78426      257
 18.81648      257
 18.8487       258
 18.8487       258
 18.88092      259
 18.91314      259
 18.94536      260
 18.97758      260
 19.0098       261
 19.04202      261
 19.04202      262
 19.07424      263
 19.10646      263
 19.13868      264
 19.1709       264
 19.20312      265
 19.20312      265
 19.23534      266
 19.26756      266
 19.29978      267
 19.332        267
 19.36422      267
 19.39644      268
 19.39644      268
 19.42866      269
 19.46088      269
 19.52532      270
 19.55754      270
 19.55754      271
 19.58976      271
 19.62198      272
 19.6542       272
 19.68642      273
 19.71864      273
 19.75086      273
 19.75086      274
 19.78308      274
 19.8153       275
 19.84752      275
 19.87974      276
 19.91196      276
 19.91196      277
 19.94418      277
 19.9764       278
 20.00862      278
 20.04084      278
 20.07306      279
 20.07306      279
 20.10528      280
 20.1375       280
 20.16972      281
 20.20194      281
 20.23416      282
 20.26638      282
 20.26638      282
 20.2986       283
 20.33082      283
 20.36304      284
 20.39526      284
 20.42748      285
 20.42748      285
 20.4597       286
 20.49192      286
 20.52414      287
 20.55636      287
 20.58858      287
 20.58858      288
 20.6208       288
 20.65302      289
 20.68524      289
 20.71746      290
 20.74968      290
 20.7819       291
 20.7819       291
 20.81412      291
 20.84634      292
 20.87856      292
 20.91078      293
 20.943        293
 20.943        294
 20.97522      294
 21.00744      295
 21.03966      295
 21.07188      295
 21.1041       296
 21.1041       296
 21.13632      297
 21.16854      297
 21.20076      298
 21.23298      298
 21.2652       299
 21.2652       299
 21.29742      299
 21.32964      300
 21.36186      300
 21.39408      301
 21.4263       301
 21.4263       302
 21.45852      303
 21.49074      303
 21.52296      303
 21.55518      304
 21.5874       304
 21.5874       304
 21.61962      305
 21.65184      305
 21.68406      305
 21.71628      306
 21.7485       306
 21.7485       306
 21.78072      306
 21.81294      307
 21.84516      307
 21.87738      307
 21.87738      308
 21.9096       308
 21.94182      308
 21.97404      308
 22.00626      308
 22.03848      309
 22.03848      309
 22.0707       309
 22.10292      309
 22.13514      310
 22.16736      310
 22.19958      310
 22.19958      310
 22.2318       311
 22.26402      311
 22.29624      311
 22.32846      311
 22.36068      311
 22.36068      312
 22.3929       312
 22.42512      312
 22.45734      312
 22.48956      312
 22.52178      312
 22.52178      313
 22.554        313
 22.58622      313
 22.61844      313
 22.65066      314
 22.65066      314
 22.68288      314
 22.7151       314
 22.77954      314
 22.81176      314
 22.81176      315
 22.84398      315
 22.8762       315
 22.90842      315
 22.94064      315
 22.94064      315
 22.97286      316
 23.00508      316
 23.0373       316
 23.06952      316
 23.10174      316
 23.10174      316
 23.13396      316
 23.16618      316
 23.1984       317
 23.23062      317
 23.26284      317
 23.26284      317
 23.29506      317
 23.32728      317
 23.3595       317
 23.39172      317
 23.39172      317
 23.42394      317
 23.45616      316
 23.48838      315
 23.5206       312
 23.55282      306
 23.55282      300
 23.58504      295
 23.61726      290
 23.64948      286
 23.6817       281
 23.6817       277
 23.71392      274
 23.74614      270
 23.77836      267
 23.81058      264
 23.81058      261
 23.8428       258
 23.87502      256
 23.90724      254
 23.93946      251
 23.97168      249
 23.97168      247
 24.0039       246
 24.03612      244
 24.06834      242
 24.10056      241
 24.10056      239
 24.13278      238
 24.165        236
 24.19722      235
 24.22944      234
 24.22944      233
 24.26166      231
 24.29388      230
 24.3261       229
 24.35832      229
 24.39054      228
 24.39054      227
 24.42276      226
 24.45498      225
 24.4872       224
 24.51942      224
 24.51942      223
 24.55164      222
 24.58386      221
 24.61608      221
 24.6483       220
 24.6483       219
 24.68052      219
 24.71274      218
 24.74496      217
 24.77718      216
 24.8094       216
 24.8094       215
 24.84162      214
 24.87384      214
 24.90606      213
 24.90606      212
 24.93828      212
 24.9705       211
 25.00272      210
 25.03494      210
 25.03494      209
 25.06716      209
 25.09938      208
 25.1316       208
 25.16382      207
 25.16382      207
 25.19604      206
 25.22826      206
 25.26048      205
 25.2927       205
 25.32492      204
 25.32492      204
 25.35714      203
 25.38936      203
 25.42158      203
 25.4538       202
 25.4538       202
 25.48602      201
 25.51824      200
 25.55046      200
 25.58268      199
 25.58268      199
 25.6149       199
 25.64712      198
 25.67934      198
 25.71156      198
 25.71156      197
 25.74378      197
 25.776        196
 25.80822      196
 25.84044      195
 25.84044      195
 25.87266      194
 25.90488      194
 25.9371       193
 25.96932      193
 25.96932      192
 26.03376      192
 26.06598      191
 26.0982       190
 26.0982       190
 26.13042      189
 26.16264      189
 26.19486      188
 26.22708      188
 26.22708      187
 26.2593       187
 26.29152      186
 26.32374      186
 26.32374      186
 26.35596      185
 26.38818      185
 26.4204       184
 26.45262      184
 26.45262      184
 26.48484      183
 26.51706      183
 26.54928      182
 26.5815       182
 26.5815       182
 26.61372      181
 26.64594      181
 26.67816      181
 26.71038      180
 26.71038      180
 26.7426       179
 26.77482      179
 26.80704      179
 26.83926      178
 26.83926      178
 26.87148      177
 26.9037       177
 26.93592      177
 26.96814      176
 26.96814      176
 27.00036      175
 27.03258      175
 27.0648       174
 27.09702      174
 27.09702      173
 27.12924      173
 27.16146      172
 27.19368      172
 27.19368      171
 27.2259       171
 27.25812      171
 27.29034      170
 27.32256      170
 27.32256      169
 27.35478      169
 27.387        169
 27.41922      168
 27.45144      168
 27.45144      167
 27.48366      167
 27.51588      167
 27.5481       166
 27.5481       166
 27.58032      166
 27.61254      165
 27.64476      165
 27.67698      164
 27.67698      164
 27.7092       164
 27.74142      163
 27.77364      163
 27.77364      163
 27.80586      162
 27.83808      162
 27.8703       162
 27.8703       162
 27.90252      161
 27.93474      161
 27.96696      161
 27.99918      160
 27.99918      160
 28.0314       160
 28.06362      159
 28.09584      159
 28.12806      159
 28.12806      159
 28.16028      158
 28.1925       158
 28.22472      158
 28.22472      158
 28.25694      157
 28.28916      157
 28.32138      157
 28.3536       157
 28.3536       156
 28.38582      156
 28.41804      156
 28.45026      156
 28.45026      156
 28.48248      155
