 0             0
 0             0
 0             0
 0             0
 0             0
 0             0
 0             0
 0             0
 0             0
 0             0
 0             0
 3.222e-002    0
 6.444e-002    0
 9.666e-002    0
 0.12888       0
 0.12888       0
 0.1611        0
 0.19332       0
 0.22554       0
 0.25776       0
 0.25776       0
 0.28998       0
 0.3222        0
 0.35442       0
 0.38664       0
 0.41886       0
 0.41886       0
 0.45108       0
 0.4833        0
 0.51552       0
 0.54774       0
 0.57996       0
 0.61218       0
 0.6444        0
 0.67662       0
 0.67662       0
 0.74106       0
 0.74106       0
 0.77328       0
 0.8055        0
 0.83772       0
 0.86994       0
 0.90216       0
 0.90216       0
 0.9666        0
 0.9666        0
 0.99882       0
 1.03104       0
 1.06326       0
 1.09548       0
 1.1277        0
 1.15992       0
 1.19214       0
 1.22436       0
 1.22436       0
 1.25658       0
 1.2888        0
 1.32102       0
 1.35324       0
 1.38546       0
 1.41768       0
 1.4499        0
 1.48212       0
 1.51434       0
 1.54656       0
 1.54656       0
 1.57878       0
 1.611         0
 1.64322       0
 1.67544       0
 1.70766       0
 1.73988       0
 1.7721        0
 1.80432       0
 1.83654       0
 1.86876       0
 1.90098       0
 1.90098       0
 1.96542       0
 1.96542       0
 1.99764       0
 2.02986       0
 2.06208       0
 2.0943        0
 2.12652       0
 2.15874       0
 2.19096       0
 2.22318       0
 2.2554        0
 2.28762       0
 2.31984       0
 2.31984       0
 2.35206       0
 2.38428       0
 2.4165        1
 2.44872       1
 2.48094       1
 2.51316       1
 2.54538       1
 2.5776        1
 2.60982       2
 2.64204       2
 2.67426       2
 2.70648       2
 2.7387        3
 2.7387        3
 2.80314       3
 2.80314       4
 2.83536       4
 2.86758       4
 2.8998        5
 2.93202       5
 2.96424       5
 2.99646       6
 3.02868       6
 3.0609        7
 3.09312       7
 3.12534       8
 3.15756       8
 3.18978       9
 3.222         10
 3.25422       10
 3.28644       11
 3.31866       11
 3.35088       12
 3.3831        13
 3.41532       14
 3.44754       14
 3.47976       15
 3.51198       16
 3.5442        17
 3.57642       18
 3.60864       18
 3.64086       19
 3.67308       20
 3.67308       21
 3.7053        22
 3.73752       23
 3.76974       24
 3.80196       25
 3.83418       26
 3.8664        27
 3.89862       28
 3.93084       29
 3.96306       30
 3.99528       31
 4.0275        33
 4.05972       34
 4.09194       35
 4.12416       36
 4.12416       37
 4.15638       38
 4.1886        39
 4.22082       41
 4.25304       42
 4.28526       43
 4.31748       44
 4.3497        46
 4.38192       47
 4.41414       48
 4.44636       49
 4.47858       51
 4.5108        52
 4.54302       53
 4.57524       54
 4.60746       56
 4.60746       57
 4.63968       58
 4.6719        59
 4.70412       61
 4.73634       62
 4.76856       63
 4.80078       65
 4.833         66
 4.86522       67
 4.89744       69
 4.92966       70
 4.96188       71
 4.9941        73
 5.02632       74
 5.02632       75
 5.05854       77
 5.09076       78
 5.12298       79
 5.1552        81
 5.18742       82
 5.21964       84
 5.25186       85
 5.28408       86
 5.3163        88
 5.34852       89
 5.38074       90
 5.41296       92
 5.44518       93
 5.44518       95
 5.4774        96
 5.50962       97
 5.54184       99
 5.57406       101
 5.60628       102
 5.6385        104
 5.67072       105
 5.70294       107
 5.73516       108
 5.76738       109
 5.7996        111
 5.83182       112
 5.86404       114
 5.86404       115
 5.89626       117
 5.92848       118
 5.9607        119
 5.99292       121
 6.02514       122
 6.05736       124
 6.08958       125
 6.1218        127
 6.15402       128
 6.18624       129
 6.21846       131
 6.25068       132
 6.2829        134
 6.31512       135
 6.34734       137
 6.34734       138
 6.37956       140
 6.41178       141
 6.444         142
 6.50844       144
 6.54066       145
 6.57288       147
 6.6051        148
 6.63732       150
 6.66954       151
 6.66954       152
 6.70176       154
 6.73398       155
 6.7662        157
 6.79842       158
 6.83064       159
 6.86286       161
 6.89508       162
 6.9273        164
 6.95952       165
 6.99174       166
 7.02396       168
 7.05618       169
 7.05618       170
 7.0884        172
 7.12062       173
 7.15284       174
 7.18506       175
 7.21728       177
 7.2495        178
 7.28172       179
 7.31394       180
 7.34616       181
 7.37838       182
 7.4106        183
 7.44282       184
 7.47504       185
 7.47504       186
 7.50726       187
 7.53948       188
 7.5717        189
 7.60392       190
 7.63614       191
 7.66836       192
 7.70058       193
 7.7328        193
 7.76502       194
 7.79724       195
 7.82946       195
 7.86168       196
 7.86168       197
 7.8939        197
 7.92612       198
 7.95834       198
 7.99056       199
 8.02278       199
 8.055         199
 8.08722       200
 8.11944       200
 8.15166       201
 8.18388       202
 8.2161        202
 8.2161        202
 8.24832       202
 8.28054       203
 8.31276       203
 8.34498       203
 8.3772        203
 8.40942       203
 8.44164       203
 8.47386       203
 8.50608       203
 8.5383        203
 8.5383        203
 8.57052       203
 8.60274       203
 8.63496       203
 8.66718       203
 8.6994        203
 8.73162       202
 8.76384       202
 8.79606       202
 8.82828       202
 8.8605        202
 8.8605        200
 8.89272       200
 8.92494       200
 8.95716       199
 8.98938       199
 9.0216        199
 9.05382       198
 9.08604       198
 9.11826       197
 9.15048       197
 9.1827        196
 9.21492       196
 9.21492       195
 9.24714       195
 9.27936       194
 9.31158       194
 9.3438        193
 9.37602       192
 9.40824       192
 9.44046       191
 9.47268       190
 9.5049        189
 9.5049        189
 9.53712       188
 9.56934       187
 9.60156       186
 9.63378       185
 9.666         184
 9.69822       184
 9.76266       183
 9.79488       182
 9.8271        181
 9.8271        180
 9.85932       179
 9.89154       177
 9.92376       176
 9.95598       175
 9.9882        174
 10.02042      173
 10.05264      172
 10.08486      171
 10.11708      169
 10.1493       168
 10.1493       167
 10.18152      166
 10.21374      165
 10.24596      164
 10.27818      163
 10.3104       162
 10.34262      161
 10.37484      160
 10.40706      160
 10.43928      159
 10.43928      159
 10.4715       159
 10.50372      159
 10.53594      159
 10.56816      159
 10.60038      159
 10.6326       159
 10.66482      159
 10.69704      159
 10.72926      160
 10.72926      160
 10.76148      161
 10.7937       161
 10.82592      162
 10.85814      163
 10.89036      163
 10.92258      164
 10.9548       165
 10.98702      165
 11.01924      166
 11.01924      167
 11.05146      168
 11.08368      169
 11.1159       170
 11.14812      171
 11.18034      171
 11.21256      172
 11.24478      173
 11.277        174
 11.30922      175
 11.30922      176
 11.34144      177
 11.37366      178
 11.40588      179
 11.4381       180
 11.47032      181
 11.50254      182
 11.53476      183
 11.56698      185
 11.5992       186
 11.5992       187
 11.63142      188
 11.66364      189
 11.69586      190
 11.72808      191
 11.7603       192
 11.79252      193
 11.82474      194
 11.85696      195
 11.85696      196
 11.88918      197
 11.9214       198
 11.95362      200
 11.98584      201
 12.01806      203
 12.05028      204
 12.0825       205
 12.11472      206
 12.14694      207
 12.14694      208
 12.17916      209
 12.21138      210
 12.2436       211
 12.27582      212
 12.30804      213
 12.34026      214
 12.37248      215
 12.4047       216
 12.4047       217
 12.43692      218
 12.46914      219
 12.50136      220
 12.53358      221
 12.5658       222
 12.59802      223
 12.63024      224
 12.66246      225
 12.66246      226
 12.69468      227
 12.7269       228
 12.75912      229
 12.79134      230
 12.82356      230
 12.85578      231
 12.888        232
 12.92022      233
 12.92022      234
 12.95244      235
 13.01688      236
 13.0491       237
 13.08132      237
 13.11354      238
 13.14576      239
 13.17798      240
 13.17798      241
 13.2102       242
 13.24242      242
 13.27464      243
 13.30686      244
 13.33908      245
 13.3713       246
 13.40352      246
 13.43574      247
 13.43574      248
 13.46796      249
 13.50018      250
 13.5324       251
 13.56462      251
 13.59684      252
 13.62906      253
 13.66128      254
 13.66128      254
 13.6935       255
 13.72572      256
 13.75794      257
 13.79016      258
 13.82238      258
 13.8546       259
 13.88682      260
 13.91904      261
 13.91904      261
 13.95126      262
 13.98348      263
 14.0157       263
 14.04792      264
 14.08014      265
 14.11236      266
 14.14458      266
 14.1768       267
 14.1768       268
 14.20902      268
 14.24124      269
 14.27346      270
 14.30568      271
 14.3379       271
 14.37012      272
 14.40234      273
 14.40234      273
 14.43456      274
 14.46678      274
 14.499        275
 14.53122      276
 14.56344      276
 14.59566      277
 14.59566      278
 14.62788      278
 14.6601       279
 14.69232      279
 14.72454      280
 14.75676      281
 14.78898      281
 14.8212       282
 14.8212       282
 14.85342      283
 14.88564      283
 14.91786      284
 14.95008      285
 14.9823       285
 15.01452      286
 15.04674      286
 15.07896      287
 15.07896      287
 15.11118      288
 15.1434       288
 15.17562      289
 15.20784      289
 15.24006      290
 15.27228      290
 15.3045       291
 15.3045       291
 15.33672      292
 15.36894      292
 15.40116      293
 15.43338      293
 15.4656       294
 15.49782      294
 15.53004      294
 15.53004      295
 15.56226      295
 15.59448      296
 15.6267       296
 15.65892      297
 15.69114      297
 15.72336      298
 15.75558      298
 15.75558      298
 15.7878       299
 15.82002      299
 15.85224      300
 15.88446      300
 15.91668      301
 15.9489       301
 15.9489       301
 15.98112      303
 16.01334      303
 16.04556      303
 16.07778      304
 16.11         304
 16.14222      304
 16.17444      305
 16.17444      305
 16.20666      306
 16.2711       306
 16.30332      306
 16.33554      307
 16.36776      307
 16.36776      307
 16.39998      307
 16.4322       308
 16.46442      308
 16.49664      308
 16.52886      309
 16.56108      309
 16.5933       309
 16.5933       309
 16.62552      310
 16.65774      310
 16.68996      310
 16.72218      310
 16.7544       311
 16.78662      311
 16.78662      311
 16.81884      311
 16.85106      311
 16.88328      311
 16.9155       312
 16.94772      312
 16.97994      312
 17.01216      312
 17.01216      312
 17.04438      312
 17.0766       312
 17.10882      312
 17.14104      312
 17.17326      312
 17.20548      312
 17.20548      312
 17.2377       312
 17.26992      312
 17.30214      312
 17.33436      312
 17.36658      312
 17.3988       312
 17.3988       312
 17.43102      312
 17.46324      312
 17.49546      312
 17.52768      312
 17.5599       311
 17.59212      311
 17.59212      311
 17.62434      311
 17.65656      311
 17.68878      310
 17.721        310
 17.75322      310
 17.78544      309
 17.81766      309
 17.81766      309
 17.84988      308
 17.8821       308
 17.91432      307
 17.94654      307
 17.97876      307
 17.97876      306
 18.01098      306
 18.0432       305
 18.07542      304
 18.10764      304
 18.13986      303
 18.17208      298
 18.17208      287
 18.2043       276
 18.23652      267
 18.26874      259
 18.30096      252
 18.33318      245
 18.3654       239
 18.3654       234
 18.39762      230
 18.42984      225
 18.46206      222
 18.49428      218
 18.5265       216
 18.55872      213
 18.55872      211
 18.59094      208
 18.62316      206
 18.65538      205
 18.6876       203
 18.71982      202
 18.75204      200
 18.75204      198
 18.78426      197
 18.81648      196
 18.8487       195
 18.88092      195
 18.91314      194
 18.91314      193
 18.94536      192
 18.97758      192
 19.0098       191
 19.04202      190
 19.07424      190
 19.10646      189
 19.10646      188
 19.13868      187
 19.1709       187
 19.20312      186
 19.23534      185
 19.26756      184
 19.26756      183
 19.29978      182
 19.332        181
 19.36422      180
 19.39644      179
 19.42866      179
 19.46088      178
 19.46088      177
 19.52532      176
 19.55754      176
 19.58976      175
 19.62198      175
 19.6542       174
 19.6542       174
 19.68642      174
 19.71864      173
 19.75086      173
 19.78308      173
 19.8153       172
 19.8153       172
 19.84752      172
 19.87974      171
 19.91196      171
 19.94418      171
 19.9764       170
 20.00862      170
 20.00862      169
 20.04084      169
 20.07306      168
 20.10528      167
 20.1375       167
 20.16972      166
 20.16972      165
 20.20194      165
 20.23416      164
 20.26638      163
 20.2986       162
 20.33082      161
 20.33082      160
 20.36304      159
 20.39526      158
 20.42748      156
 20.4597       155
 20.49192      154
 20.52414      153
 20.52414      152
 20.55636      150
 20.58858      149
 20.6208       148
 20.65302      147
 20.68524      146
 20.68524      145
 20.71746      144
 20.74968      143
 20.7819       142
 20.81412      141
 20.84634      140
 20.84634      139
 20.87856      138
 20.91078      137
 20.943        137
 20.97522      136
 21.00744      135
 21.00744      134
 21.03966      133
 21.07188      132
 21.1041       131
 21.13632      130
 21.16854      130
 21.20076      129
 21.20076      128
 21.23298      128
 21.2652       127
 21.29742      126
 21.32964      126
 21.36186      125
 21.36186      125
 21.39408      125
 21.4263       124
 21.45852      124
 21.49074      124
 21.49074      123
 21.52296      123
 21.55518      123
 21.5874       122
 21.61962      122
 21.65184      122
 21.65184      122
 21.68406      122
 21.71628      122
 21.7485       122
 21.78072      122
 21.81294      122
 21.84516      121
 21.84516      121
 21.87738      121
 21.9096       121
 21.94182      121
 21.97404      121
 21.97404      121
 22.00626      121
 22.03848      121
 22.0707       121
 22.10292      121
 22.13514      121
 22.13514      121
 22.16736      121
 22.19958      121
 22.2318       121
 22.26402      121
 22.29624      121
 22.29624      121
 22.32846      121
 22.36068      121
 22.3929       121
 22.42512      121
 22.45734      121
 22.45734      121
 22.48956      121
 22.52178      121
 22.554        121
 22.58622      121
 22.58622      121
 22.61844      121
 22.65066      120
 22.68288      120
 22.7151       120
 22.74732      120
 22.77954      120
 22.81176      120
 22.84398      120
 22.8762       120
 22.90842      120
 22.90842      120
 22.94064      120
 22.97286      120
 23.00508      120
 23.0373       120
 23.0373       120
 23.06952      120
 23.10174      120
 23.13396      119
 23.16618      119
 23.1984       119
 23.1984       119
 23.23062      119
 23.26284      119
 23.29506      118
 23.32728      118
 23.32728      118
 23.3595       118
 23.39172      118
 23.42394      118
 23.45616      117
 23.48838      117
 23.48838      117
 23.5206       117
 23.55282      117
 23.58504      117
 23.61726      117
 23.64948      117
 23.64948      116
 23.6817       116
 23.71392      116
 23.74614      116
 23.77836      116
 23.77836      116
 23.81058      116
 23.8428       116
 23.87502      116
 23.90724      116
 23.93946      116
 23.93946      116
 23.97168      116
 24.0039       116
 24.03612      116
 24.06834      116
 24.06834      116
 24.10056      116
 24.13278      116
 24.165        117
 24.19722      117
 24.19722      117
 24.22944      117
 24.26166      117
 24.29388      117
 24.3261       117
 24.35832      117
 24.35832      117
 24.39054      117
 24.42276      117
 24.45498      117
 24.4872       117
 24.4872       117
 24.51942      117
 24.55164      117
 24.58386      117
 24.61608      117
 24.61608      117
 24.6483       117
 24.68052      117
 24.71274      117
 24.74496      117
 24.74496      117
 24.77718      117
 24.8094       117
 24.84162      117
 24.87384      117
 24.87384      117
 24.90606      116
 24.93828      116
 24.9705       116
 25.00272      116
 25.00272      116
 25.03494      116
 25.06716      115
 25.09938      115
 25.1316       115
 25.16382      115
 25.16382      114
 25.19604      114
 25.22826      114
 25.26048      114
 25.26048      114
 25.2927       113
 25.32492      113
 25.35714      113
 25.38936      113
 25.42158      113
 25.42158      112
 25.4538       112
 25.48602      112
 25.51824      112
 25.55046      112
 25.55046      111
 25.58268      111
 25.6149       111
 25.64712      111
 25.67934      111
 25.67934      110
 25.71156      110
 25.74378      110
 25.776        110
 25.80822      110
 25.80822      110
 25.84044      109
 25.87266      109
 25.90488      109
 25.9371       109
 25.9371       109
 25.96932      109
 26.03376      109
 26.06598      109
 26.06598      109
 26.0982       109
 26.13042      109
 26.16264      109
 26.19486      109
 26.19486      109
 26.22708      109
 26.2593       109
 26.29152      109
 26.32374      109
 26.32374      109
 26.35596      109
 26.38818      109
 26.4204       109
 26.45262      109
 26.45262      109
 26.48484      109
 26.51706      109
 26.54928      110
 26.5815       110
 26.5815       110
 26.61372      110
 26.64594      110
 26.67816      110
 26.71038      110
 26.71038      110
 26.7426       110
 26.77482      109
 26.80704      109
 26.83926      109
 26.83926      109
 26.87148      109
 26.9037       109
 26.93592      108
 26.96814      108
 26.96814      108
 27.00036      108
 27.03258      107
 27.0648       107
 27.0648       107
 27.09702      106
 27.12924      106
 27.16146      106
 27.19368      106
 27.19368      105
 27.2259       105
 27.25812      105
 27.29034      105
 27.32256      104
 27.32256      104
 27.35478      104
 27.387        104
 27.41922      104
 27.45144      104
 27.45144      104
 27.48366      104
 27.51588      103
 27.5481       103
 27.5481       103
 27.58032      103
 27.61254      103
 27.64476      103
 27.67698      103
 27.67698      103
 27.7092       103
 27.74142      103
 27.77364      103
 27.77364      103
 27.80586      103
 27.83808      103
 27.8703       103
 27.90252      103
 27.90252      103
 27.93474      103
 27.96696      102
 27.99918      102
 27.99918      102
 28.0314       102
 28.06362      102
 28.09584      102
 28.12806      102
 28.12806      102
 28.16028      102
 28.1925       102
 28.22472      102
 28.22472      102
 28.25694      102
 28.28916      102
 28.32138      102
 28.3536       102
 28.3536       102
 28.38582      102
 28.41804      102
 28.45026      102
 28.45026      102
 28.48248      102
 28.5147       102
 28.54692      103
 28.54692      103
