 0             0
 0             0
 0             0
 0             0
 0             0
 0             0
 0             0
 0             0
 0             0
 3.222e-002    0
 3.222e-002    0
 6.444e-002    0
 9.666e-002    0
 9.666e-002    0
 0.12888       0
 0.1611        0
 0.19332       0
 0.22554       0
 0.22554       0
 0.25776       0
 0.28998       0
 0.3222        0
 0.35442       0
 0.38664       0
 0.38664       0
 0.41886       0
 0.45108       0
 0.4833        0
 0.51552       0
 0.54774       0
 0.57996       0
 0.61218       0
 0.61218       0
 0.6444        0
 0.67662       0
 0.70884       0
 0.74106       0
 0.77328       0
 0.8055        0
 0.83772       0
 0.86994       0
 0.86994       0
 0.90216       0
 0.93438       0
 0.9666        0
 0.99882       0
 1.03104       0
 1.06326       0
 1.09548       0
 1.09548       0
 1.1277        0
 1.15992       0
 1.19214       0
 1.22436       0
 1.25658       0
 1.2888        0
 1.32102       0
 1.35324       0
 1.35324       0
 1.41768       0
 1.41768       0
 1.4499        0
 1.48212       0
 1.51434       0
 1.54656       0
 1.57878       0
 1.611         0
 1.64322       0
 1.67544       0
 1.67544       0
 1.73988       0
 1.73988       0
 1.7721        0
 1.80432       0
 1.83654       0
 1.86876       0
 1.90098       0
 1.9332        0
 1.96542       0
 1.99764       0
 2.02986       0
 2.06208       0
 2.06208       0
 2.0943        0
 2.12652       0
 2.15874       0
 2.19096       0
 2.22318       0
 2.2554        0
 2.28762       0
 2.31984       0
 2.35206       0
 2.38428       0
 2.4165        0
 2.4165        0
 2.48094       0
 2.48094       0
 2.51316       0
 2.54538       0
 2.5776        0
 2.60982       0
 2.64204       0
 2.67426       0
 2.70648       0
 2.7387        0
 2.77092       0
 2.80314       0
 2.83536       0
 2.83536       0
 2.8998        0
 2.8998        0
 2.93202       0
 2.96424       0
 2.99646       0
 3.02868       0
 3.0609        0
 3.09312       0
 3.12534       0
 3.15756       0
 3.18978       0
 3.25422       0
 3.28644       0
 3.28644       0
 3.31866       0
 3.35088       0
 3.3831        0
 3.41532       0
 3.44754       0
 3.47976       0
 3.51198       0
 3.5442        0
 3.57642       0
 3.60864       0
 3.64086       0
 3.67308       0
 3.7053        0
 3.73752       0
 3.76974       0
 3.76974       0
 3.80196       0
 3.83418       0
 3.8664        0
 3.89862       0
 3.93084       0
 3.96306       0
 3.99528       0
 4.0275        0
 4.05972       0
 4.09194       0
 4.12416       0
 4.15638       0
 4.1886        0
 4.1886        0
 4.22082       0
 4.25304       0
 4.28526       0
 4.31748       0
 4.3497        0
 4.38192       0
 4.41414       0
 4.44636       0
 4.47858       0
 4.5108        0
 4.54302       0
 4.57524       0
 4.60746       0
 4.63968       0
 4.63968       0
 4.6719        0
 4.70412       0
 4.73634       0
 4.76856       0
 4.80078       0
 4.833         0
 4.86522       0
 4.89744       0
 4.92966       0
 4.96188       0
 4.9941        0
 5.02632       0
 5.05854       0
 5.09076       0
 5.12298       0
 5.12298       0
 5.1552        0
 5.18742       0
 5.21964       0
 5.25186       0
 5.28408       0
 5.3163        0
 5.34852       0
 5.38074       0
 5.41296       0
 5.44518       0
 5.4774        0
 5.50962       0
 5.54184       0
 5.54184       0
 5.57406       0
 5.60628       0
 5.6385        0
 5.67072       0
 5.70294       0
 5.73516       0
 5.76738       0
 5.7996        0
 5.83182       0
 5.86404       0
 5.89626       0
 5.92848       0
 5.9607        0
 5.9607        0
 5.99292       0
 6.02514       0
 6.05736       0
 6.08958       0
 6.1218        0
 6.15402       0
 6.18624       0
 6.21846       0
 6.25068       0
 6.2829        0
 6.31512       0
 6.34734       0
 6.37956       0
 6.37956       0
 6.41178       0
 6.444         0
 6.50844       0
 6.54066       0
 6.57288       0
 6.6051        0
 6.63732       0
 6.66954       0
 6.70176       0
 6.73398       1
 6.7662        1
 6.79842       2
 6.79842       2
 6.83064       3
 6.86286       3
 6.89508       4
 6.9273        4
 6.95952       5
 6.99174       5
 7.02396       6
 7.05618       7
 7.0884        7
 7.12062       8
 7.15284       9
 7.15284       9
 7.18506       10
 7.21728       11
 7.2495        12
 7.28172       12
 7.31394       13
 7.34616       14
 7.37838       15
 7.4106        15
 7.44282       16
 7.47504       17
 7.50726       18
 7.53948       19
 7.53948       19
 7.5717        20
 7.60392       20
 7.63614       20
 7.66836       21
 7.70058       22
 7.7328        23
 7.76502       24
 7.79724       25
 7.82946       26
 7.86168       27
 7.8939        28
 7.8939        29
 7.92612       29
 7.95834       30
 7.99056       31
 8.02278       32
 8.055         33
 8.08722       34
 8.11944       34
 8.15166       35
 8.18388       36
 8.2161        37
 8.24832       38
 8.24832       38
 8.28054       39
 8.31276       40
 8.34498       41
 8.3772        41
 8.40942       42
 8.44164       43
 8.47386       44
 8.50608       45
 8.5383        45
 8.57052       46
 8.57052       47
 8.60274       47
 8.63496       48
 8.66718       49
 8.6994        50
 8.73162       50
 8.76384       51
 8.79606       52
 8.82828       53
 8.8605        53
 8.89272       54
 8.92494       55
 8.95716       55
 8.95716       56
 8.98938       57
 9.0216        57
 9.05382       58
 9.08604       59
 9.11826       60
 9.15048       60
 9.1827        61
 9.21492       62
 9.24714       62
 9.27936       63
 9.27936       64
 9.31158       64
 9.3438        63
 9.37602       63
 9.40824       63
 9.44046       64
 9.47268       64
 9.5049        65
 9.53712       66
 9.56934       66
 9.60156       67
 9.60156       68
 9.63378       69
 9.666         69
 9.69822       70
 9.76266       71
 9.79488       72
 9.8271        72
 9.85932       73
 9.89154       74
 9.89154       74
 9.92376       75
 9.95598       76
 9.9882        76
 10.02042      77
 10.05264      78
 10.08486      78
 10.11708      79
 10.1493       80
 10.18152      80
 10.21374      81
 10.21374      82
 10.24596      82
 10.27818      83
 10.3104       83
 10.34262      84
 10.37484      85
 10.40706      85
 10.43928      86
 10.4715       86
 10.4715       87
 10.50372      88
 10.53594      88
 10.56816      89
 10.60038      89
 10.6326       90
 10.66482      90
 10.69704      91
 10.72926      92
 10.76148      92
 10.7937       93
 10.7937       93
 10.82592      94
 10.85814      94
 10.89036      95
 10.92258      95
 10.9548       96
 10.98702      97
 11.01924      97
 11.05146      98
 11.08368      98
 11.08368      99
 11.1159       99
 11.14812      100
 11.18034      101
 11.21256      101
 11.24478      102
 11.277        102
 11.30922      103
 11.34144      103
 11.37366      104
 11.37366      104
 11.40588      105
 11.4381       105
 11.47032      106
 11.50254      106
 11.53476      106
 11.56698      107
 11.5992       107
 11.63142      108
 11.66364      108
 11.66364      108
 11.69586      109
 11.72808      109
 11.7603       109
 11.79252      110
 11.82474      110
 11.85696      111
 11.88918      111
 11.9214       111
 11.9214       112
 11.95362      112
 11.98584      112
 12.01806      112
 12.05028      113
 12.0825       113
 12.11472      113
 12.14694      114
 12.17916      114
 12.21138      114
 12.21138      114
 12.2436       114
 12.27582      115
 12.30804      115
 12.34026      115
 12.37248      115
 12.4047       116
 12.43692      116
 12.46914      116
 12.46914      116
 12.50136      116
 12.53358      117
 12.5658       117
 12.59802      117
 12.63024      117
 12.66246      117
 12.69468      117
 12.7269       117
 12.7269       118
 12.75912      118
 12.79134      118
 12.82356      118
 12.85578      118
 12.888        118
 12.92022      118
 12.95244      118
 12.98466      118
 13.01688      118
 13.0491       118
 13.08132      118
 13.11354      118
 13.14576      118
 13.17798      118
 13.2102       118
 13.24242      118
 13.24242      118
 13.27464      118
 13.30686      118
 13.33908      118
 13.3713       117
 13.40352      117
 13.43574      117
 13.46796      117
 13.50018      117
 13.50018      117
 13.5324       116
 13.56462      116
 13.59684      116
 13.62906      116
 13.66128      116
 13.6935       115
 13.72572      115
 13.75794      115
 13.75794      115
 13.79016      115
 13.82238      115
 13.8546       114
 13.88682      114
 13.91904      114
 13.95126      114
 13.98348      114
 13.98348      114
 14.0157       114
 14.04792      114
 14.08014      114
 14.11236      114
 14.14458      114
 14.1768       115
 14.20902      115
 14.24124      115
 14.24124      116
 14.27346      116
 14.30568      116
 14.3379       117
 14.37012      117
 14.40234      117
 14.43456      118
 14.46678      118
 14.46678      119
 14.499        119
 14.53122      120
 14.56344      121
 14.59566      121
 14.62788      122
 14.6601       122
 14.69232      123
 14.69232      124
 14.72454      124
 14.75676      125
 14.78898      126
 14.8212       126
 14.85342      127
 14.88564      128
 14.91786      128
 14.95008      129
 14.95008      130
 14.9823       131
 15.01452      131
 15.04674      132
 15.07896      133
 15.11118      134
 15.1434       134
 15.17562      135
 15.17562      136
 15.20784      137
 15.24006      138
 15.27228      138
 15.3045       139
 15.33672      140
 15.36894      141
 15.36894      141
 15.40116      142
 15.43338      143
 15.4656       144
 15.49782      145
 15.53004      145
 15.56226      146
 15.59448      147
 15.59448      148
 15.6267       149
 15.65892      149
 15.69114      150
 15.72336      151
 15.75558      152
 15.7878       152
 15.82002      153
 15.82002      154
 15.85224      155
 15.88446      156
 15.91668      156
 15.9489       157
 15.98112      158
 16.01334      159
 16.04556      160
 16.07778      160
 16.07778      161
 16.11         162
 16.14222      163
 16.17444      164
 16.20666      164
 16.2711       165
 16.2711       166
 16.30332      167
 16.33554      167
 16.36776      168
 16.39998      169
 16.4322       170
 16.46442      170
 16.49664      171
 16.52886      172
 16.52886      173
 16.56108      173
 16.5933       174
 16.62552      175
 16.65774      175
 16.68996      176
 16.68996      177
 16.72218      177
 16.7544       178
 16.78662      179
 16.81884      179
 16.85106      180
 16.88328      181
 16.9155       181
 16.9155       181
 16.94772      164
 16.97994      142
 17.01216      124
 17.04438      107
 17.0766       92
 17.10882      79
 17.10882      67
 17.14104      57
 17.17326      48
 17.20548      39
 17.2377       32
 17.26992      26
 17.30214      20
 17.30214      15
 17.33436      10
 17.36658      6
 17.3988       2
 17.43102      0
 17.46324      0
 17.49546      0
 17.49546      0
 17.52768      0
 17.5599       0
 17.59212      0
 17.62434      0
 17.65656      0
 17.68878      0
 17.68878      0
 17.721        0
 17.75322      0
 17.78544      0
 17.81766      0
 17.84988      0
 17.8821       0
 17.91432      0
 17.91432      0
 17.94654      0
 17.97876      0
 18.01098      0
 18.0432       0
 18.07542      0
 18.07542      0
 18.10764      0
 18.13986      0
 18.17208      0
 18.2043       0
 18.23652      0
 18.26874      0
 18.30096      0
 18.30096      0
 18.33318      0
 18.3654       0
 18.39762      0
 18.42984      0
 18.46206      0
 18.46206      0
 18.49428      0
 18.5265       0
 18.55872      0
 18.59094      0
 18.62316      0
 18.65538      0
 18.65538      0
 18.6876       0
 18.71982      0
 18.75204      0
 18.78426      0
 18.81648      0
 18.8487       0
 18.8487       0
 18.88092      0
 18.91314      0
 18.94536      0
 18.97758      0
 19.0098       0
 19.0098       0
 19.04202      0
 19.07424      0
 19.10646      0
 19.13868      0
 19.1709       0
 19.20312      0
 19.20312      0
 19.23534      0
 19.26756      0
 19.29978      0
 19.332        0
 19.36422      0
 19.39644      0
 19.39644      0
 19.42866      0
 19.46088      0
 19.52532      0
 19.55754      0
 19.55754      0
 19.58976      0
 19.62198      0
 19.6542       0
 19.68642      0
 19.71864      0
 19.75086      0
 19.78308      0
 19.78308      0
 19.8153       0
 19.84752      0
 19.87974      0
 19.91196      0
 19.94418      0
 19.94418      0
 19.9764       0
 20.00862      0
 20.04084      0
 20.07306      0
 20.10528      0
 20.10528      0
 20.1375       0
 20.16972      0
 20.20194      0
 20.23416      0
 20.26638      0
 20.26638      0
 20.2986       0
 20.33082      0
 20.36304      0
 20.39526      0
 20.42748      0
 20.4597       0
 20.4597       0
 20.49192      0
 20.52414      0
 20.55636      0
 20.58858      0
 20.6208       0
 20.6208       0
 20.65302      0
 20.68524      0
 20.71746      0
 20.74968      0
 20.7819       0
 20.7819       0
 20.81412      0
 20.84634      0
 20.87856      0
 20.91078      0
 20.943        0
 20.943        0
 20.97522      0
 21.00744      0
 21.03966      0
 21.07188      0
 21.1041       0
 21.1041       0
 21.13632      0
 21.16854      0
 21.20076      0
 21.23298      0
 21.2652       0
 21.29742      0
 21.29742      0
 21.32964      0
 21.36186      0
 21.39408      0
 21.4263       0
 21.45852      0
 21.45852      0
 21.49074      0
 21.52296      0
 21.55518      0
 21.5874       0
 21.61962      0
 21.61962      0
 21.65184      0
 21.68406      0
 21.71628      0
 21.7485       0
 21.7485       0
 21.78072      0
 21.81294      0
 21.84516      0
 21.87738      0
 21.9096       0
 21.9096       0
 21.94182      0
 21.97404      0
 22.00626      0
 22.03848      0
 22.0707       0
 22.10292      0
 22.10292      0
 22.13514      0
 22.16736      0
 22.19958      0
 22.2318       0
 22.26402      0
 22.26402      0
 22.29624      0
 22.32846      0
 22.36068      0
 22.3929       0
 22.3929       0
 22.42512      0
 22.45734      0
 22.48956      0
 22.52178      0
 22.554        0
 22.554        0
 22.58622      0
 22.61844      0
 22.65066      0
 22.68288      0
 22.7151       0
 22.7151       0
 22.77954      0
 22.81176      0
 22.84398      0
 22.8762       0
 22.8762       0
 22.90842      0
 22.94064      0
 22.97286      0
 23.00508      0
 23.00508      0
 23.0373       0
 23.06952      0
 23.10174      0
 23.13396      0
 23.16618      0
 23.16618      0
 23.1984       0
 23.23062      0
 23.26284      0
 23.29506      0
 23.29506      0
 23.32728      0
 23.3595       0
 23.39172      0
 23.42394      0
 23.45616      0
 23.45616      0
 23.48838      0
 23.5206       0
 23.55282      0
 23.58504      0
 23.58504      0
 23.61726      0
 23.64948      0
 23.6817       0
 23.71392      0
 23.74614      0
 23.74614      0
 23.77836      0
 23.81058      0
 23.8428       0
 23.87502      0
 23.90724      0
 23.90724      0
 23.93946      0
 23.97168      0
 24.0039       0
 24.03612      0
 24.03612      0
 24.06834      0
 24.10056      0
 24.13278      0
 24.165        0
 24.19722      0
 24.19722      0
 24.22944      0
 24.26166      0
 24.29388      0
 24.3261       0
 24.3261       0
 24.35832      0
 24.39054      0
 24.42276      0
 24.45498      0
 24.45498      0
 24.4872       0
 24.51942      0
 24.55164      0
 24.58386      0
 24.58386      0
 24.61608      0
 24.6483       0
 24.68052      0
 24.71274      0
 24.74496      0
 24.74496      0
 24.77718      0
 24.8094       0
 24.84162      0
 24.87384      0
 24.87384      0
 24.90606      0
 24.93828      0
 24.9705       0
 25.00272      0
 25.00272      0
 25.03494      0
 25.06716      0
 25.09938      0
 25.1316       0
 25.1316       0
 25.16382      0
 25.19604      0
 25.22826      0
 25.26048      0
 25.26048      0
 25.2927       0
 25.32492      0
 25.35714      0
 25.38936      0
 25.38936      0
 25.42158      0
 25.4538       0
 25.48602      0
 25.51824      0
 25.51824      0
 25.55046      0
 25.58268      0
 25.6149       0
 25.64712      0
 25.64712      0
 25.67934      0
 25.71156      0
 25.74378      0
 25.776        0
 25.776        0
 25.80822      0
 25.84044      0
 25.87266      0
 25.90488      0
 25.90488      0
 25.9371       0
 25.96932      0
 26.03376      0
 26.06598      0
 26.06598      0
 26.0982       0
 26.13042      0
 26.16264      0
 26.19486      0
 26.19486      0
 26.22708      0
 26.2593       0
 26.29152      0
 26.32374      0
 26.32374      0
 26.35596      0
 26.38818      0
 26.4204       0
 26.45262      0
 26.45262      0
 26.48484      0
 26.51706      0
 26.54928      0
 26.5815       0
 26.5815       0
 26.61372      0
 26.64594      0
 26.67816      0
 26.71038      0
 26.71038      0
 26.7426       0
 26.77482      0
 26.80704      0
 26.80704      0
 26.83926      0
 26.87148      0
 26.9037       0
 26.93592      0
 26.93592      0
 26.96814      0
 27.00036      0
 27.03258      0
 27.0648       0
 27.0648       0
 27.09702      0
 27.12924      0
 27.16146      0
 27.19368      0
 27.19368      0
 27.2259       0
 27.25812      0
 27.29034      0
 27.29034      0
 27.32256      0
 27.35478      0
 27.387        0
 27.41922      0
 27.41922      0
 27.45144      0
 27.48366      0
 27.51588      0
 27.5481       0
 27.5481       0
 27.58032      0
 27.61254      0
 27.64476      0
 27.64476      0
 27.67698      0
 27.7092       0
 27.74142      0
 27.77364      0
 27.77364      0
 27.80586      0
 27.83808      0
 27.8703       0
 27.8703       0
 27.90252      0
 27.93474      0
 27.96696      0
 27.99918      0
 27.99918      0
 28.0314       0
 28.06362      0
 28.09584      0
 28.09584      0
 28.12806      0
 28.16028      0
 28.1925       0
 28.22472      0
 28.22472      0
 28.25694      0
 28.28916      0
 28.32138      0
 28.32138      0
 28.3536       0
 28.38582      0
 28.41804      0
 28.45026      0
 28.45026      0
 28.48248      0
 28.5147       0
 28.54692      0
 28.54692      0
 28.57914      0
