 0             0
 0             0
 0             0
 0             0
 0             0
 0             0
 0             0
 0             0
 0             0
 0             0
 3.222e-002    0
 3.222e-002    0
 6.444e-002    0
 9.666e-002    0
 9.666e-002    0
 0.12888       0
 0.1611        0
 0.19332       0
 0.22554       0
 0.22554       0
 0.28998       0
 0.28998       0
 0.3222        0
 0.35442       0
 0.38664       0
 0.41886       0
 0.45108       0
 0.45108       0
 0.4833        0
 0.51552       0
 0.54774       0
 0.57996       0
 0.61218       0
 0.6444        0
 0.67662       0
 0.67662       0
 0.70884       0
 0.74106       0
 0.77328       0
 0.8055        0
 0.83772       0
 0.86994       0
 0.90216       0
 0.93438       0
 0.9666        0
 0.99882       0
 0.99882       0
 1.03104       0
 1.06326       0
 1.09548       0
 1.1277        0
 1.15992       0
 1.19214       0
 1.22436       0
 1.25658       0
 1.2888        0
 1.2888        0
 1.32102       0
 1.35324       0
 1.38546       0
 1.41768       0
 1.4499        0
 1.48212       0
 1.51434       0
 1.54656       0
 1.57878       0
 1.611         0
 1.64322       0
 1.64322       0
 1.67544       0
 1.70766       0
 1.73988       0
 1.7721        0
 1.80432       0
 1.83654       0
 1.86876       0
 1.90098       0
 1.9332        0
 1.96542       0
 1.96542       0
 1.99764       0
 2.02986       0
 2.06208       0
 2.0943        0
 2.12652       0
 2.15874       0
 2.19096       0
 2.22318       0
 2.2554        0
 2.28762       0
 2.31984       0
 2.35206       0
 2.38428       0
 2.4165        0
 2.44872       0
 2.44872       0
 2.48094       0
 2.51316       0
 2.54538       1
 2.5776        1
 2.60982       1
 2.64204       1
 2.67426       1
 2.70648       1
 2.7387        2
 2.77092       2
 2.80314       2
 2.83536       2
 2.86758       3
 2.86758       3
 2.8998        3
 2.93202       4
 2.96424       4
 2.99646       4
 3.02868       5
 3.0609        5
 3.09312       6
 3.12534       6
 3.15756       6
 3.18978       7
 3.25422       7
 3.28644       8
 3.31866       8
 3.31866       9
 3.35088       10
 3.3831        10
 3.41532       11
 3.44754       11
 3.47976       12
 3.51198       13
 3.5442        13
 3.57642       14
 3.60864       15
 3.64086       16
 3.67308       17
 3.7053        17
 3.73752       18
 3.76974       19
 3.76974       20
 3.83418       21
 3.83418       22
 3.8664        23
 3.89862       24
 3.93084       24
 3.96306       25
 3.99528       26
 4.0275        27
 4.05972       28
 4.09194       29
 4.12416       31
 4.15638       32
 4.1886        33
 4.22082       34
 4.25304       35
 4.25304       36
 4.28526       37
 4.31748       38
 4.3497        39
 4.38192       40
 4.41414       42
 4.44636       43
 4.47858       44
 4.5108        45
 4.54302       46
 4.57524       48
 4.60746       49
 4.63968       50
 4.6719        51
 4.70412       52
 4.70412       54
 4.73634       55
 4.76856       56
 4.80078       57
 4.833         59
 4.86522       60
 4.89744       61
 4.92966       63
 4.96188       64
 4.9941        65
 5.02632       66
 5.05854       68
 5.09076       69
 5.12298       70
 5.1552        72
 5.18742       73
 5.18742       74
 5.21964       76
 5.25186       77
 5.28408       78
 5.3163        80
 5.34852       81
 5.38074       82
 5.41296       84
 5.44518       85
 5.4774        86
 5.50962       88
 5.54184       89
 5.57406       91
 5.60628       92
 5.60628       93
 5.6385        95
 5.67072       96
 5.70294       97
 5.73516       99
 5.76738       101
 5.7996        102
 5.83182       104
 5.86404       105
 5.89626       107
 5.92848       108
 5.9607        109
 5.99292       111
 6.02514       112
 6.02514       114
 6.05736       115
 6.08958       117
 6.1218        118
 6.15402       119
 6.18624       121
 6.21846       122
 6.25068       124
 6.2829        125
 6.31512       126
 6.34734       128
 6.37956       129
 6.41178       131
 6.444         132
 6.444         134
 6.50844       135
 6.54066       136
 6.57288       138
 6.6051        139
 6.63732       141
 6.66954       142
 6.70176       143
 6.73398       145
 6.7662        146
 6.79842       148
 6.79842       149
 6.83064       150
 6.86286       152
 6.89508       153
 6.9273        154
 6.95952       156
 6.99174       157
 7.02396       158
 7.05618       159
 7.0884        161
 7.12062       162
 7.15284       163
 7.18506       164
 7.21728       165
 7.21728       166
 7.2495        167
 7.28172       168
 7.31394       169
 7.34616       170
 7.37838       171
 7.4106        172
 7.44282       173
 7.47504       174
 7.50726       175
 7.53948       176
 7.5717        176
 7.5717        177
 7.60392       178
 7.63614       178
 7.66836       179
 7.70058       180
 7.7328        180
 7.76502       181
 7.79724       181
 7.82946       181
 7.86168       182
 7.8939        182
 7.92612       182
 7.92612       183
 7.95834       183
 7.99056       183
 8.02278       183
 8.055         183
 8.08722       183
 8.11944       183
 8.15166       183
 8.18388       183
 8.2161        183
 8.24832       183
 8.28054       183
 8.28054       183
 8.31276       183
 8.34498       182
 8.3772        182
 8.40942       182
 8.44164       182
 8.47386       181
 8.50608       181
 8.5383        181
 8.57052       180
 8.60274       180
 8.63496       179
 8.63496       179
 8.66718       178
 8.6994        177
 8.73162       177
 8.76384       176
 8.79606       176
 8.82828       175
 8.8605        174
 8.89272       173
 8.92494       173
 8.95716       172
 8.95716       171
 8.98938       170
 9.0216        169
 9.05382       168
 9.08604       167
 9.11826       166
 9.15048       165
 9.1827        164
 9.21492       163
 9.24714       162
 9.27936       161
 9.27936       160
 9.31158       159
 9.3438        158
 9.37602       156
 9.40824       155
 9.44046       154
 9.47268       153
 9.5049        151
 9.53712       150
 9.56934       149
 9.60156       147
 9.60156       146
 9.63378       145
 9.666         143
 9.69822       142
 9.76266       141
 9.79488       140
 9.8271        139
 9.85932       138
 9.89154       137
 9.92376       136
 9.92376       136
 9.95598       135
 9.9882        135
 10.02042      135
 10.05264      134
 10.08486      134
 10.11708      134
 10.1493       134
 10.18152      135
 10.21374      135
 10.21374      135
 10.24596      136
 10.27818      136
 10.3104       136
 10.34262      137
 10.37484      138
 10.40706      138
 10.43928      139
 10.4715       139
 10.50372      140
 10.53594      141
 10.53594      142
 10.56816      142
 10.60038      143
 10.6326       144
 10.66482      145
 10.69704      146
 10.72926      147
 10.76148      148
 10.7937       149
 10.7937       150
 10.82592      150
 10.85814      151
 10.89036      152
 10.92258      153
 10.9548       154
 10.98702      155
 11.01924      156
 11.05146      157
 11.08368      158
 11.1159       160
 11.1159       161
 11.14812      162
 11.18034      163
 11.21256      164
 11.24478      165
 11.277        166
 11.30922      167
 11.34144      168
 11.37366      169
 11.37366      170
 11.40588      171
 11.4381       172
 11.47032      173
 11.50254      175
 11.53476      176
 11.56698      177
 11.5992       178
 11.63142      179
 11.66364      180
 11.66364      181
 11.69586      182
 11.72808      183
 11.7603       185
 11.79252      186
 11.82474      187
 11.85696      188
 11.88918      189
 11.9214       190
 11.95362      191
 11.95362      192
 11.98584      193
 12.01806      194
 12.05028      195
 12.0825       197
 12.11472      198
 12.14694      199
 12.17916      200
 12.21138      202
 12.21138      203
 12.2436       204
 12.27582      205
 12.30804      206
 12.34026      207
 12.37248      208
 12.4047       209
 12.43692      210
 12.46914      211
 12.46914      212
 12.50136      213
 12.53358      214
 12.5658       215
 12.59802      215
 12.63024      216
 12.66246      217
 12.69468      218
 12.7269       219
 12.7269       220
 12.75912      221
 12.79134      222
 12.82356      223
 12.85578      224
 12.888        224
 12.92022      225
 12.95244      226
 12.98466      227
 13.01688      228
 13.0491       229
 13.08132      230
 13.11354      230
 13.14576      231
 13.17798      232
 13.2102       233
 13.24242      234
 13.24242      234
 13.27464      235
 13.30686      236
 13.33908      237
 13.3713       238
 13.40352      238
 13.43574      239
 13.46796      240
 13.50018      241
 13.50018      241
 13.5324       242
 13.56462      243
 13.59684      243
 13.62906      244
 13.66128      245
 13.6935       246
 13.72572      246
 13.75794      247
 13.75794      248
 13.79016      248
 13.82238      249
 13.8546       250
 13.88682      250
 13.91904      251
 13.95126      252
 13.98348      252
 13.98348      253
 14.0157       253
 14.04792      254
 14.08014      255
 14.11236      255
 14.14458      256
 14.1768       256
 14.20902      257
 14.20902      258
 14.24124      258
 14.27346      259
 14.30568      259
 14.3379       260
 14.37012      260
 14.40234      261
 14.43456      262
 14.46678      262
 14.46678      263
 14.499        263
 14.53122      263
 14.56344      263
 14.59566      263
 14.62788      264
 14.6601       265
 14.69232      265
 14.69232      266
 14.72454      266
 14.75676      267
 14.78898      267
 14.8212       268
 14.85342      268
 14.88564      269
 14.91786      269
 14.91786      270
 14.95008      270
 14.9823       271
 15.01452      271
 15.04674      272
 15.07896      272
 15.11118      273
 15.1434       273
 15.1434       274
 15.17562      274
 15.20784      275
 15.24006      275
 15.27228      276
 15.3045       276
 15.33672      277
 15.36894      277
 15.36894      277
 15.40116      278
 15.43338      278
 15.4656       279
 15.49782      279
 15.53004      280
 15.56226      280
 15.59448      280
 15.59448      281
 15.6267       281
 15.65892      282
 15.69114      282
 15.72336      282
 15.75558      283
 15.7878       283
 15.7878       284
 15.82002      284
 15.85224      284
 15.88446      285
 15.91668      285
 15.9489       285
 15.98112      286
 16.01334      286
 16.01334      286
 16.04556      287
 16.07778      287
 16.11         287
 16.14222      288
 16.17444      288
 16.20666      288
 16.23888      289
 16.2711       289
 16.30332      289
 16.33554      290
 16.36776      290
 16.39998      290
 16.4322       291
 16.46442      291
 16.46442      291
 16.49664      291
 16.52886      292
 16.56108      292
 16.5933       292
 16.62552      292
 16.65774      293
 16.65774      293
 16.68996      293
 16.72218      293
 16.7544       293
 16.78662      294
 16.81884      294
 16.85106      294
 16.85106      294
 16.88328      294
 16.9155       294
 16.94772      295
 16.97994      295
 17.01216      295
 17.04438      295
 17.0766       295
 17.0766       295
 17.10882      295
 17.14104      295
 17.17326      295
 17.20548      295
 17.2377       295
 17.26992      296
 17.26992      296
 17.30214      296
 17.33436      296
 17.36658      296
 17.3988       296
 17.43102      296
 17.46324      296
 17.46324      296
 17.49546      296
 17.52768      296
 17.5599       296
 17.59212      296
 17.62434      296
 17.65656      296
 17.65656      295
 17.68878      295
 17.721        295
 17.75322      295
 17.78544      295
 17.81766      295
 17.84988      295
 17.84988      295
 17.8821       295
 17.91432      295
 17.94654      295
 17.97876      295
 18.01098      295
 18.0432       295
 18.07542      295
 18.07542      295
 18.10764      294
 18.13986      294
 18.17208      294
 18.2043       294
 18.23652      295
 18.23652      295
 18.26874      295
 18.30096      295
 18.33318      295
 18.3654       295
 18.39762      295
 18.42984      295
 18.42984      295
 18.46206      295
 18.49428      296
 18.5265       296
 18.55872      296
 18.59094      296
 18.62316      296
 18.62316      297
 18.65538      297
 18.6876       297
 18.71982      297
 18.75204      298
 18.78426      298
 18.81648      298
 18.81648      298
 18.8487       299
 18.88092      299
 18.91314      299
 18.94536      300
 18.97758      300
 18.97758      300
 19.0098       301
 19.04202      301
 19.07424      302
 19.10646      303
 19.13868      303
 19.1709       303
 19.1709       304
 19.20312      304
 19.23534      305
 19.26756      305
 19.29978      305
 19.332        306
 19.36422      306
 19.36422      306
 19.39644      307
 19.42866      307
 19.46088      307
 19.52532      308
 19.52532      308
 19.55754      308
 19.58976      309
 19.62198      309
 19.6542       309
 19.68642      303
 19.71864      295
 19.71864      287
 19.75086      281
 19.78308      275
 19.8153       269
 19.84752      264
 19.87974      260
 19.91196      255
 19.91196      251
 19.94418      248
 19.9764       245
 20.00862      241
 20.04084      238
 20.07306      236
 20.07306      233
 20.10528      231
 20.1375       228
 20.16972      226
 20.20194      224
 20.23416      222
 20.26638      221
 20.26638      219
 20.2986       217
 20.33082      216
 20.36304      214
 20.39526      213
 20.42748      211
 20.42748      210
 20.4597       208
 20.49192      207
 20.52414      205
 20.55636      204
 20.58858      203
 20.58858      201
 20.6208       199
 20.65302      198
 20.68524      197
 20.71746      196
 20.74968      194
 20.74968      193
 20.7819       192
 20.81412      191
 20.84634      190
 20.87856      189
 20.91078      188
 20.91078      187
 20.943        186
 20.97522      185
 21.00744      184
 21.03966      183
 21.07188      182
 21.07188      181
 21.1041       181
 21.13632      180
 21.16854      179
 21.20076      178
 21.23298      177
 21.2652       177
 21.2652       176
 21.29742      175
 21.32964      175
 21.36186      174
 21.39408      173
 21.4263       173
 21.4263       172
 21.45852      172
 21.49074      171
 21.52296      171
 21.55518      170
 21.5874       170
 21.5874       169
 21.61962      169
 21.65184      169
 21.68406      168
 21.71628      168
 21.71628      168
 21.7485       167
 21.78072      167
 21.81294      167
 21.84516      166
 21.87738      166
 21.87738      166
 21.9096       165
 21.94182      165
 21.97404      165
 22.00626      165
 22.03848      164
 22.03848      164
 22.0707       164
 22.10292      163
 22.13514      163
 22.16736      163
 22.19958      162
 22.19958      162
 22.2318       162
 22.26402      161
 22.29624      161
 22.32846      161
 22.36068      161
 22.36068      160
 22.3929       160
 22.42512      160
 22.45734      159
 22.48956      159
 22.52178      159
 22.52178      158
 22.554        158
 22.58622      158
 22.61844      157
 22.65066      157
 22.68288      157
 22.68288      156
 22.7151       156
 22.77954      156
 22.81176      156
 22.84398      155
 22.84398      155
 22.8762       155
 22.90842      154
 22.94064      154
 22.97286      154
 22.97286      154
 23.00508      153
 23.0373       153
 23.06952      153
 23.10174      152
 23.13396      152
 23.13396      152
 23.16618      151
 23.1984       151
 23.23062      151
 23.26284      150
 23.29506      150
 23.29506      149
 23.32728      149
 23.3595       149
 23.39172      148
 23.42394      148
 23.42394      147
 23.45616      147
 23.48838      146
 23.5206       146
 23.55282      146
 23.55282      145
 23.58504      145
 23.61726      144
 23.64948      144
 23.6817       144
 23.71392      143
 23.71392      143
 23.74614      143
 23.77836      142
 23.81058      142
 23.8428       142
 23.8428       141
 23.87502      141
 23.90724      141
 23.93946      140
 23.97168      140
 24.0039       140
 24.0039       140
 24.03612      140
 24.06834      139
 24.10056      139
 24.13278      139
 24.13278      139
 24.165        138
 24.19722      138
 24.22944      138
 24.26166      138
 24.29388      138
 24.29388      138
 24.3261       138
 24.35832      137
 24.39054      137
 24.42276      137
 24.42276      137
 24.45498      137
 24.4872       137
 24.51942      137
 24.55164      137
 24.58386      137
 24.58386      136
 24.61608      136
 24.6483       136
 24.68052      136
 24.71274      136
 24.71274      136
 24.74496      136
 24.77718      136
 24.8094       135
 24.84162      135
 24.84162      135
 24.87384      135
 24.90606      135
 24.93828      134
 24.9705       134
 24.9705       134
 25.00272      134
 25.03494      133
 25.06716      133
 25.09938      133
 25.09938      133
 25.1316       132
 25.16382      132
 25.19604      132
 25.22826      132
 25.22826      131
 25.26048      131
 25.2927       131
 25.32492      131
 25.35714      130
 25.35714      130
 25.38936      130
 25.42158      129
 25.4538       129
 25.48602      129
 25.48602      129
 25.51824      128
 25.55046      128
 25.58268      128
 25.6149       128
 25.6149       127
 25.64712      127
 25.67934      127
 25.71156      126
 25.74378      126
 25.74378      126
 25.776        126
 25.80822      125
 25.84044      125
 25.87266      125
 25.87266      125
 25.90488      125
 25.9371       124
 25.96932      124
 26.03376      124
 26.03376      124
 26.06598      124
 26.0982       123
 26.13042      123
 26.16264      123
 26.16264      123
 26.19486      123
 26.22708      123
 26.2593       123
 26.29152      123
 26.29152      123
 26.32374      123
 26.35596      123
 26.38818      123
 26.4204       123
 26.4204       123
 26.45262      123
 26.48484      123
 26.51706      123
 26.51706      123
 26.54928      123
 26.5815       123
 26.61372      122
 26.64594      122
 26.64594      122
 26.67816      122
 26.71038      122
 26.7426       122
 26.77482      122
 26.77482      122
 26.80704      122
 26.83926      121
 26.87148      121
 26.9037       121
 26.9037       121
 26.93592      120
 26.96814      120
 27.00036      120
 27.00036      120
 27.03258      119
 27.0648       119
 27.09702      119
 27.12924      118
 27.12924      118
 27.16146      118
 27.19368      118
 27.2259       117
 27.25812      117
 27.25812      117
 27.29034      117
 27.32256      116
 27.35478      116
 27.35478      116
 27.387        116
 27.41922      116
 27.45144      115
 27.48366      115
 27.48366      115
 27.51588      115
 27.5481       115
 27.58032      115
 27.61254      115
 27.61254      114
 27.64476      114
 27.67698      114
 27.7092       114
 27.7092       114
 27.74142      114
 27.77364      114
 27.80586      114
 27.83808      113
 27.83808      113
 27.8703       113
 27.90252      113
 27.93474      113
 27.96696      113
 27.96696      113
 27.99918      113
 28.0314       113
 28.06362      113
 28.06362      113
 28.09584      113
 28.12806      113
 28.16028      112
 28.1925       112
 28.1925       112
 28.22472      112
 28.25694      112
 28.28916      112
 28.28916      112
 28.32138      112
 28.3536       112
 28.38582      112
 28.38582      112
 28.41804      112
 28.45026      112
 28.48248      112
 28.5147       112
 28.5147       112
 28.54692      112
 28.57914      112
