 0             0
 0             0
 0             0
 0             0
 0             0
 0             0
 0             0
 0             0
 0             0
 3.222e-002    0
 3.222e-002    0
 6.444e-002    0
 6.444e-002    0
 9.666e-002    0
 0.12888       0
 0.1611        0
 0.19332       0
 0.22554       0
 0.22554       0
 0.25776       0
 0.28998       0
 0.3222        0
 0.35442       0
 0.38664       0
 0.38664       0
 0.45108       0
 0.45108       0
 0.4833        0
 0.51552       0
 0.54774       0
 0.57996       0
 0.61218       0
 0.61218       0
 0.6444        0
 0.67662       0
 0.70884       0
 0.74106       0
 0.77328       0
 0.8055        0
 0.83772       0
 0.83772       0
 0.90216       0
 0.90216       0
 0.93438       0
 0.9666        0
 0.99882       0
 1.03104       0
 1.06326       0
 1.06326       0
 1.1277        0
 1.1277        0
 1.15992       0
 1.19214       0
 1.22436       0
 1.25658       0
 1.2888        0
 1.32102       0
 1.35324       0
 1.38546       0
 1.38546       0
 1.41768       0
 1.4499        0
 1.48212       0
 1.51434       0
 1.54656       0
 1.57878       0
 1.611         0
 1.64322       0
 1.64322       0
 1.70766       0
 1.70766       0
 1.73988       0
 1.7721        0
 1.80432       0
 1.83654       0
 1.86876       0
 1.90098       0
 1.9332        0
 1.96542       0
 1.99764       0
 2.02986       0
 2.02986       0
 2.06208       0
 2.0943        0
 2.12652       0
 2.15874       0
 2.19096       0
 2.22318       0
 2.2554        0
 2.28762       0
 2.31984       0
 2.35206       0
 2.38428       0
 2.4165        0
 2.44872       0
 2.48094       0
 2.51316       0
 2.54538       0
 2.54538       0
 2.5776        0
 2.60982       0
 2.64204       0
 2.67426       0
 2.70648       0
 2.7387        0
 2.77092       0
 2.80314       0
 2.83536       0
 2.86758       0
 2.8998        0
 2.93202       0
 2.96424       0
 2.96424       0
 2.99646       0
 3.02868       0
 3.0609        0
 3.09312       0
 3.12534       0
 3.15756       0
 3.18978       0
 3.25422       0
 3.28644       0
 3.31866       0
 3.35088       0
 3.35088       0
 3.41532       0
 3.41532       0
 3.44754       0
 3.47976       0
 3.51198       0
 3.5442        0
 3.57642       0
 3.60864       0
 3.64086       0
 3.67308       0
 3.7053        0
 3.73752       0
 3.76974       0
 3.80196       0
 3.83418       0
 3.83418       0
 3.8664        0
 3.89862       0
 3.93084       1
 3.96306       1
 3.99528       1
 4.0275        2
 4.05972       2
 4.09194       2
 4.12416       3
 4.15638       3
 4.1886        4
 4.22082       4
 4.25304       5
 4.28526       5
 4.28526       6
 4.31748       6
 4.3497        7
 4.38192       8
 4.41414       8
 4.44636       9
 4.47858       10
 4.5108        11
 4.54302       11
 4.57524       12
 4.60746       13
 4.63968       14
 4.6719        14
 4.70412       15
 4.70412       16
 4.76856       17
 4.76856       18
 4.80078       19
 4.833         20
 4.86522       21
 4.89744       22
 4.92966       23
 4.96188       24
 4.9941        25
 5.02632       25
 5.05854       27
 5.09076       28
 5.12298       29
 5.1552        30
 5.18742       31
 5.18742       32
 5.21964       33
 5.25186       34
 5.28408       35
 5.3163        36
 5.34852       37
 5.38074       38
 5.41296       39
 5.44518       41
 5.4774        42
 5.50962       43
 5.54184       44
 5.57406       45
 5.60628       46
 5.60628       48
 5.6385        49
 5.67072       50
 5.70294       51
 5.73516       52
 5.76738       54
 5.7996        55
 5.83182       56
 5.86404       57
 5.89626       59
 5.92848       60
 5.9607        61
 5.99292       62
 5.99292       63
 6.02514       65
 6.05736       66
 6.08958       67
 6.1218        69
 6.15402       70
 6.18624       71
 6.21846       72
 6.25068       74
 6.2829        75
 6.31512       76
 6.34734       78
 6.37956       79
 6.37956       80
 6.41178       82
 6.444         83
 6.50844       84
 6.54066       85
 6.57288       87
 6.6051        88
 6.63732       89
 6.66954       91
 6.70176       92
 6.73398       93
 6.73398       95
 6.7662        96
 6.79842       97
 6.83064       99
 6.86286       101
 6.89508       102
 6.9273        103
 6.95952       105
 6.99174       106
 7.02396       107
 7.05618       108
 7.0884        110
 7.12062       111
 7.15284       112
 7.15284       113
 7.18506       114
 7.21728       116
 7.2495        117
 7.28172       118
 7.31394       119
 7.34616       120
 7.37838       121
 7.4106        122
 7.44282       123
 7.47504       124
 7.50726       125
 7.50726       126
 7.53948       127
 7.5717        128
 7.60392       129
 7.63614       130
 7.66836       131
 7.70058       132
 7.7328        132
 7.76502       133
 7.79724       134
 7.82946       135
 7.86168       135
 7.8939        136
 7.8939        137
 7.92612       137
 7.95834       138
 7.99056       138
 8.02278       139
 8.055         140
 8.08722       140
 8.11944       141
 8.15166       141
 8.18388       141
 8.2161        142
 8.24832       142
 8.24832       143
 8.28054       143
 8.31276       143
 8.34498       144
 8.3772        144
 8.40942       144
 8.44164       144
 8.47386       145
 8.50608       145
 8.5383        145
 8.57052       145
 8.57052       145
 8.60274       146
 8.63496       146
 8.66718       146
 8.6994        146
 8.73162       146
 8.76384       146
 8.79606       146
 8.82828       146
 8.8605        146
 8.89272       146
 8.89272       146
 8.92494       146
 8.95716       146
 8.98938       146
 9.0216        146
 9.05382       146
 9.08604       146
 9.11826       145
 9.15048       145
 9.1827        145
 9.21492       145
 9.21492       145
 9.24714       144
 9.27936       144
 9.31158       144
 9.3438        144
 9.37602       143
 9.40824       143
 9.44046       143
 9.47268       142
 9.5049        142
 9.53712       142
 9.53712       141
 9.56934       141
 9.60156       141
 9.63378       140
 9.666         140
 9.69822       139
 9.76266       139
 9.79488       138
 9.8271        138
 9.85932       137
 9.85932       137
 9.89154       136
 9.92376       135
 9.95598       135
 9.9882        134
 10.02042      134
 10.05264      133
 10.08486      132
 10.11708      132
 10.1493       131
 10.18152      130
 10.18152      130
 10.21374      129
 10.24596      128
 10.27818      128
 10.3104       127
 10.34262      126
 10.37484      125
 10.40706      125
 10.43928      124
 10.43928      123
 10.4715       122
 10.50372      121
 10.53594      121
 10.56816      120
 10.60038      119
 10.6326       118
 10.66482      118
 10.69704      117
 10.72926      116
 10.72926      115
 10.76148      115
 10.7937       114
 10.82592      114
 10.85814      113
 10.89036      113
 10.92258      113
 10.9548       113
 10.98702      112
 11.01924      112
 11.01924      112
 11.05146      113
 11.08368      113
 11.1159       113
 11.14812      113
 11.18034      114
 11.21256      114
 11.24478      114
 11.277        115
 11.30922      115
 11.30922      116
 11.34144      117
 11.37366      117
 11.40588      118
 11.4381       119
 11.47032      119
 11.50254      120
 11.53476      121
 11.56698      122
 11.5992       123
 11.5992       123
 11.63142      124
 11.66364      125
 11.69586      126
 11.72808      127
 11.7603       128
 11.79252      129
 11.82474      130
 11.85696      131
 11.85696      132
 11.88918      133
 11.9214       134
 11.95362      135
 11.98584      136
 12.01806      137
 12.05028      138
 12.0825       138
 12.11472      140
 12.14694      140
 12.14694      141
 12.17916      142
 12.21138      143
 12.2436       144
 12.27582      145
 12.30804      146
 12.34026      147
 12.37248      148
 12.4047       149
 12.4047       150
 12.43692      151
 12.46914      152
 12.50136      153
 12.53358      154
 12.5658       155
 12.59802      156
 12.63024      157
 12.63024      158
 12.66246      159
 12.69468      160
 12.7269       161
 12.75912      162
 12.79134      163
 12.82356      163
 12.85578      164
 12.888        165
 12.92022      166
 12.95244      167
 12.95244      168
 13.01688      169
 13.0491       170
 13.08132      170
 13.11354      171
 13.14576      172
 13.17798      173
 13.17798      174
 13.2102       174
 13.24242      175
 13.27464      176
 13.30686      177
 13.33908      178
 13.3713       179
 13.40352      179
 13.40352      180
 13.43574      181
 13.46796      182
 13.50018      182
 13.5324       183
 13.56462      184
 13.59684      185
 13.62906      186
 13.66128      186
 13.66128      187
 13.6935       188
 13.72572      189
 13.75794      189
 13.79016      190
 13.82238      191
 13.8546       192
 13.88682      192
 13.91904      193
 13.91904      194
 13.95126      195
 13.98348      196
 14.0157       196
 14.04792      197
 14.08014      198
 14.11236      199
 14.14458      199
 14.1768       200
 14.1768       202
 14.20902      202
 14.24124      203
 14.27346      204
 14.30568      204
 14.3379       205
 14.37012      206
 14.40234      207
 14.40234      207
 14.43456      208
 14.46678      209
 14.499        209
 14.53122      210
 14.56344      211
 14.59566      211
 14.59566      212
 14.62788      213
 14.6601       213
 14.69232      214
 14.72454      215
 14.75676      215
 14.78898      216
 14.8212       216
 14.8212       217
 14.85342      218
 14.88564      218
 14.91786      219
 14.95008      219
 14.9823       220
 15.01452      220
 15.04674      221
 15.04674      222
 15.07896      222
 15.11118      223
 15.1434       223
 15.17562      224
 15.20784      224
 15.24006      225
 15.27228      225
 15.3045       226
 15.3045       226
 15.33672      227
 15.36894      227
 15.40116      228
 15.43338      228
 15.4656       229
 15.49782      229
 15.49782      230
 15.53004      230
 15.56226      231
 15.59448      231
 15.6267       231
 15.65892      232
 15.69114      232
 15.72336      233
 15.72336      233
 15.75558      234
 15.7878       234
 15.82002      234
 15.85224      235
 15.88446      235
 15.91668      235
 15.9489       236
 15.9489       236
 15.98112      236
 16.01334      237
 16.04556      237
 16.07778      237
 16.11         238
 16.14222      238
 16.14222      238
 16.17444      239
 16.20666      239
 16.2711       239
 16.30332      239
 16.33554      240
 16.36776      240
 16.36776      240
 16.39998      241
 16.4322       241
 16.46442      241
 16.49664      241
 16.52886      242
 16.56108      242
 16.5933       242
 16.5933       242
 16.62552      242
 16.65774      243
 16.68996      243
 16.72218      243
 16.7544       243
 16.78662      243
 16.78662      243
 16.81884      244
 16.85106      244
 16.88328      244
 16.9155       244
 16.94772      244
 16.97994      244
 16.97994      244
 17.01216      244
 17.04438      244
 17.0766       244
 17.10882      244
 17.14104      244
 17.17326      244
 17.20548      244
 17.20548      244
 17.2377       244
 17.26992      244
 17.30214      244
 17.33436      244
 17.36658      244
 17.3988       243
 17.3988       243
 17.43102      243
 17.46324      243
 17.49546      243
 17.52768      242
 17.5599       242
 17.59212      242
 17.59212      241
 17.62434      241
 17.65656      241
 17.68878      240
 17.721        240
 17.75322      239
 17.78544      239
 17.78544      238
 17.81766      237
 17.84988      237
 17.8821       236
 17.91432      235
 17.94654      234
 17.97876      222
 17.97876      209
 18.01098      197
 18.0432       187
 18.07542      178
 18.10764      170
 18.13986      163
 18.13986      156
 18.17208      151
 18.2043       146
 18.23652      141
 18.26874      137
 18.30096      133
 18.33318      130
 18.3654       127
 18.3654       124
 18.39762      122
 18.42984      120
 18.46206      118
 18.49428      116
 18.5265       115
 18.5265       113
 18.55872      112
 18.59094      111
 18.62316      110
 18.65538      109
 18.6876       108
 18.71982      107
 18.71982      106
 18.75204      105
 18.78426      104
 18.81648      104
 18.8487       103
 18.88092      102
 18.88092      102
 18.91314      101
 18.94536      99
 18.97758      99
 19.0098       98
 19.04202      97
 19.07424      97
 19.07424      96
 19.10646      95
 19.13868      94
 19.1709       93
 19.20312      93
 19.23534      92
 19.26756      91
 19.26756      90
 19.29978      89
 19.332        88
 19.36422      88
 19.39644      87
 19.42866      86
 19.46088      86
 19.46088      85
 19.52532      84
 19.55754      84
 19.58976      83
 19.62198      83
 19.6542       83
 19.6542       82
 19.68642      82
 19.71864      82
 19.75086      81
 19.78308      81
 19.78308      80
 19.8153       80
 19.84752      80
 19.87974      79
 19.91196      79
 19.94418      78
 19.9764       77
 19.9764       77
 20.00862      76
 20.04084      75
 20.07306      74
 20.10528      73
 20.1375       72
 20.16972      71
 20.16972      70
 20.20194      69
 20.23416      68
 20.26638      66
 20.2986       65
 20.33082      64
 20.33082      63
 20.36304      61
 20.39526      60
 20.42748      59
 20.4597       58
 20.49192      56
 20.49192      55
 20.52414      54
 20.55636      53
 20.58858      52
 20.6208       51
 20.65302      50
 20.68524      49
 20.68524      48
 20.71746      48
 20.74968      47
 20.7819       46
 20.81412      45
 20.84634      45
 20.84634      44
 20.87856      43
 20.91078      43
 20.943        42
 20.97522      42
 21.00744      41
 21.00744      41
 21.03966      40
 21.07188      40
 21.1041       39
 21.13632      39
 21.16854      39
 21.20076      38
 21.20076      38
 21.23298      38
 21.2652       38
 21.29742      37
 21.32964      37
 21.32964      37
 21.36186      37
 21.39408      37
 21.4263       37
 21.45852      37
 21.49074      36
 21.49074      36
 21.52296      36
 21.55518      36
 21.5874       36
 21.61962      36
 21.65184      36
 21.65184      36
 21.68406      36
 21.71628      36
 21.7485       37
 21.78072      37
 21.81294      37
 21.81294      37
 21.84516      37
 21.87738      37
 21.9096       37
 21.94182      37
 21.97404      37
 21.97404      37
 22.00626      37
 22.03848      37
 22.0707       38
 22.10292      38
 22.13514      38
 22.13514      38
 22.16736      38
 22.19958      38
 22.2318       38
 22.26402      38
 22.26402      38
 22.29624      38
 22.32846      38
 22.36068      38
 22.3929       38
 22.42512      38
 22.42512      38
 22.45734      38
 22.48956      38
 22.52178      38
 22.554        38
 22.58622      38
 22.58622      38
 22.61844      38
 22.65066      38
 22.68288      38
 22.7151       38
 22.74732      38
 22.77954      38
 22.81176      38
 22.84398      38
 22.8762       38
 22.90842      38
 22.90842      38
 22.94064      38
 22.97286      38
 23.00508      38
 23.0373       38
 23.0373       38
 23.06952      38
 23.10174      37
 23.13396      37
 23.16618      37
 23.1984       37
 23.1984       37
 23.23062      37
 23.26284      37
 23.29506      37
 23.32728      36
 23.32728      36
 23.3595       36
 23.39172      36
 23.42394      36
 23.45616      36
 23.48838      35
 23.48838      35
 23.5206       35
 23.55282      35
 23.58504      35
 23.61726      35
 23.64948      35
 23.64948      35
 23.6817       35
 23.71392      35
 23.74614      35
 23.77836      34
 23.77836      34
 23.81058      34
 23.8428       34
 23.87502      34
 23.90724      34
 23.93946      34
 23.93946      34
 23.97168      34
 24.0039       35
 24.03612      35
 24.06834      35
 24.06834      35
 24.10056      35
 24.13278      35
 24.165        35
 24.19722      35
 24.19722      35
 24.22944      35
 24.26166      35
 24.29388      35
 24.3261       36
 24.3261       36
 24.35832      36
 24.39054      36
 24.42276      36
 24.45498      36
 24.4872       36
 24.4872       36
 24.51942      36
 24.55164      36
 24.58386      36
 24.61608      36
 24.61608      36
 24.6483       36
 24.68052      36
 24.71274      36
 24.74496      36
 24.74496      36
 24.77718      36
 24.8094       36
 24.84162      36
 24.87384      36
 24.87384      35
 24.90606      35
 24.93828      35
 24.9705       35
 25.00272      35
 25.00272      34
 25.03494      34
 25.06716      34
 25.09938      34
 25.1316       34
 25.1316       33
 25.16382      33
 25.19604      33
 25.22826      33
 25.26048      33
 25.26048      32
 25.2927       32
 25.32492      32
 25.35714      32
 25.38936      32
 25.38936      31
 25.42158      31
 25.4538       31
 25.48602      31
 25.51824      31
 25.55046      30
 25.55046      30
 25.58268      30
 25.6149       30
 25.64712      30
 25.64712      29
 25.67934      29
 25.71156      29
 25.74378      29
 25.776        29
 25.776        29
 25.80822      28
 25.84044      28
 25.87266      28
 25.90488      28
 25.9371       28
 25.9371       28
 25.96932      28
 26.03376      28
 26.06598      28
 26.06598      28
 26.0982       28
 26.13042      28
 26.16264      28
 26.19486      28
 26.19486      28
 26.22708      28
 26.2593       28
 26.29152      28
 26.32374      28
 26.32374      28
 26.35596      28
 26.38818      29
 26.4204       29
 26.45262      29
 26.45262      29
 26.48484      29
 26.51706      29
 26.54928      29
 26.5815       29
 26.5815       29
 26.61372      29
 26.64594      29
 26.67816      29
 26.67816      29
 26.71038      29
 26.7426       29
 26.77482      29
 26.80704      29
 26.80704      29
 26.83926      29
 26.87148      29
 26.9037       28
 26.93592      28
 26.93592      28
 26.96814      28
 27.00036      27
 27.03258      27
 27.0648       27
 27.0648       26
 27.09702      26
 27.12924      26
 27.16146      25
 27.19368      25
 27.19368      25
 27.2259       25
 27.25812      24
 27.29034      24
 27.29034      24
 27.32256      24
 27.35478      24
 27.387        24
 27.41922      23
 27.41922      23
 27.45144      23
 27.48366      23
 27.51588      23
 27.51588      23
 27.5481       23
 27.58032      23
 27.61254      23
 27.64476      23
 27.64476      23
 27.67698      23
 27.7092       23
 27.74142      22
 27.74142      22
 27.77364      22
 27.80586      22
 27.83808      22
 27.8703       22
 27.8703       22
 27.90252      22
 27.93474      22
 27.96696      22
 27.99918      22
 27.99918      22
 28.0314       22
 28.06362      22
 28.09584      22
 28.09584      22
 28.12806      22
 28.16028      22
 28.1925       22
 28.22472      22
 28.22472      23
 28.25694      23
 28.28916      23
 28.32138      23
 28.32138      23
 28.3536       23
 28.38582      23
 28.41804      23
 28.41804      23
 28.45026      23
 28.48248      23
 28.5147       23
 28.54692      23
 28.54692      23
