 0             0
 0             0
 0             0
 0             0
 0             0
 0             0
 0             0
 0             0
 0             0
 0             0
 0             0
 3.222e-002    0
 6.444e-002    0
 6.444e-002    0
 0.12888       0
 0.12888       0
 0.1611        0
 0.19332       0
 0.19332       0
 0.22554       0
 0.25776       0
 0.28998       0
 0.3222        0
 0.35442       0
 0.38664       0
 0.41886       0
 0.41886       0
 0.45108       0
 0.4833        0
 0.51552       0
 0.54774       0
 0.57996       0
 0.61218       0
 0.6444        0
 0.6444        0
 0.67662       0
 0.70884       0
 0.74106       0
 0.77328       0
 0.8055        0
 0.83772       0
 0.83772       0
 0.90216       0
 0.90216       0
 0.93438       0
 0.9666        0
 0.99882       0
 1.03104       0
 1.06326       0
 1.09548       0
 1.1277        0
 1.1277        0
 1.15992       0
 1.19214       0
 1.22436       0
 1.25658       0
 1.2888        0
 1.32102       0
 1.35324       0
 1.38546       0
 1.38546       0
 1.4499        0
 1.4499        0
 1.48212       0
 1.51434       0
 1.54656       0
 1.57878       0
 1.611         0
 1.64322       0
 1.67544       0
 1.70766       0
 1.70766       0
 1.73988       0
 1.7721        0
 1.80432       0
 1.83654       0
 1.86876       0
 1.90098       0
 1.9332        0
 1.96542       0
 1.99764       0
 2.02986       0
 2.06208       0
 2.06208       0
 2.12652       0
 2.12652       0
 2.15874       0
 2.19096       0
 2.22318       0
 2.2554        0
 2.28762       0
 2.31984       0
 2.35206       0
 2.38428       0
 2.4165        0
 2.44872       0
 2.48094       0
 2.48094       0
 2.51316       0
 2.54538       0
 2.5776        0
 2.60982       0
 2.64204       0
 2.67426       0
 2.70648       0
 2.7387        0
 2.77092       0
 2.80314       0
 2.83536       0
 2.86758       0
 2.8998        0
 2.8998        0
 2.96424       0
 2.96424       0
 2.99646       0
 3.02868       0
 3.0609        0
 3.09312       0
 3.12534       0
 3.15756       0
 3.18978       0
 3.25422       0
 3.28644       0
 3.28644       0
 3.31866       0
 3.35088       0
 3.3831        0
 3.41532       0
 3.44754       0
 3.47976       0
 3.51198       0
 3.5442        0
 3.57642       0
 3.60864       0
 3.64086       0
 3.67308       0
 3.7053        0
 3.73752       0
 3.76974       0
 3.76974       0
 3.80196       0
 3.83418       0
 3.8664        0
 3.89862       0
 3.93084       0
 3.96306       0
 3.99528       1
 4.0275        1
 4.05972       1
 4.09194       1
 4.12416       2
 4.15638       2
 4.1886        2
 4.1886        3
 4.22082       3
 4.25304       4
 4.28526       5
 4.31748       5
 4.3497        6
 4.38192       6
 4.41414       7
 4.44636       7
 4.47858       7
 4.5108        8
 4.54302       8
 4.57524       8
 4.60746       9
 4.60746       9
 4.63968       10
 4.6719        10
 4.70412       10
 4.73634       11
 4.76856       11
 4.80078       12
 4.833         13
 4.86522       13
 4.89744       14
 4.92966       15
 4.96188       15
 4.9941        16
 5.02632       17
 5.02632       18
 5.05854       18
 5.09076       19
 5.12298       20
 5.1552        21
 5.18742       22
 5.21964       23
 5.25186       24
 5.28408       24
 5.3163        25
 5.34852       26
 5.38074       27
 5.38074       28
 5.41296       29
 5.44518       30
 5.4774        31
 5.50962       32
 5.54184       33
 5.57406       34
 5.60628       35
 5.6385        37
 5.67072       38
 5.70294       39
 5.73516       40
 5.76738       41
 5.7996        42
 5.7996        44
 5.83182       45
 5.86404       46
 5.89626       47
 5.92848       48
 5.9607        50
 5.99292       51
 6.02514       52
 6.05736       53
 6.08958       54
 6.1218        56
 6.15402       57
 6.18624       58
 6.18624       60
 6.21846       61
 6.25068       63
 6.2829        64
 6.31512       66
 6.34734       67
 6.37956       69
 6.41178       71
 6.444         72
 6.50844       74
 6.50844       75
 6.54066       77
 6.57288       79
 6.6051        80
 6.63732       82
 6.66954       83
 6.70176       85
 6.73398       86
 6.7662        88
 6.79842       89
 6.83064       91
 6.86286       92
 6.89508       93
 6.89508       95
 6.9273        96
 6.95952       96
 6.99174       96
 7.02396       95
 7.05618       95
 7.0884        95
 7.12062       95
 7.15284       95
 7.18506       96
 7.21728       96
 7.2495        96
 7.2495        96
 7.28172       96
 7.31394       96
 7.34616       95
 7.37838       95
 7.4106        94
 7.44282       94
 7.47504       93
 7.50726       92
 7.53948       91
 7.5717        90
 7.5717        89
 7.60392       88
 7.63614       87
 7.66836       86
 7.70058       85
 7.7328        83
 7.76502       82
 7.79724       81
 7.82946       79
 7.86168       78
 7.8939        76
 7.92612       75
 7.92612       73
 7.95834       72
 7.99056       71
 8.02278       69
 8.055         68
 8.08722       67
 8.11944       65
 8.15166       64
 8.18388       63
 8.2161        62
 8.24832       61
 8.24832       60
 8.28054       60
 8.31276       59
 8.34498       58
 8.3772        57
 8.40942       57
 8.44164       56
 8.47386       56
 8.50608       56
 8.5383        55
 8.57052       55
 8.57052       55
 8.60274       55
 8.63496       55
 8.66718       55
 8.6994        55
 8.73162       55
 8.76384       55
 8.79606       55
 8.82828       56
 8.8605        56
 8.89272       56
 8.89272       57
 8.92494       57
 8.95716       58
 8.98938       59
 9.0216        59
 9.05382       60
 9.08604       61
 9.11826       62
 9.15048       62
 9.1827        63
 9.21492       64
 9.21492       65
 9.24714       66
 9.27936       67
 9.31158       68
 9.3438        69
 9.37602       70
 9.40824       72
 9.44046       73
 9.47268       74
 9.5049        76
 9.5049        77
 9.53712       78
 9.56934       80
 9.60156       81
 9.63378       83
 9.666         84
 9.69822       86
 9.76266       87
 9.79488       89
 9.79488       90
 9.8271        92
 9.85932       94
 9.89154       95
 9.92376       97
 9.95598       99
 9.9882        101
 10.02042      103
 10.05264      105
 10.08486      107
 10.08486      108
 10.11708      110
 10.1493       112
 10.18152      114
 10.21374      116
 10.24596      118
 10.27818      120
 10.3104       122
 10.34262      124
 10.37484      126
 10.37484      128
 10.40706      130
 10.43928      132
 10.4715       134
 10.50372      136
 10.53594      138
 10.56816      141
 10.60038      143
 10.6326       145
 10.6326       147
 10.66482      149
 10.69704      152
 10.72926      154
 10.76148      156
 10.7937       158
 10.82592      161
 10.85814      163
 10.89036      165
 10.92258      168
 10.9548       170
 10.9548       173
 10.98702      175
 11.01924      177
 11.05146      180
 11.08368      182
 11.1159       185
 11.14812      187
 11.18034      190
 11.21256      192
 11.21256      195
 11.24478      197
 11.277        200
 11.30922      203
 11.34144      206
 11.37366      208
 11.40588      211
 11.4381       214
 11.47032      216
 11.47032      219
 11.50254      221
 11.53476      224
 11.56698      226
 11.5992       229
 11.63142      232
 11.66364      235
 11.69586      237
 11.72808      239
 11.72808      241
 11.7603       243
 11.79252      245
 11.82474      247
 11.85696      249
 11.88918      251
 11.9214       253
 11.95362      255
 11.98584      257
 11.98584      259
 12.01806      260
 12.05028      262
 12.0825       264
 12.11472      265
 12.14694      267
 12.17916      268
 12.21138      269
 12.2436       270
 12.2436       271
 12.27582      272
 12.30804      273
 12.34026      274
 12.37248      274
 12.4047       275
 12.43692      275
 12.46914      275
 12.50136      275
 12.50136      275
 12.53358      275
 12.5658       274
 12.59802      274
 12.63024      273
 12.66246      272
 12.69468      270
 12.7269       269
 12.75912      267
 12.75912      266
 12.79134      264
 12.82356      262
 12.85578      259
 12.888        257
 12.92022      255
 12.95244      253
 12.98466      250
 13.01688      246
 13.0491       242
 13.08132      238
 13.11354      234
 13.14576      231
 13.17798      227
 13.2102       224
 13.24242      220
 13.24242      216
 13.27464      213
 13.30686      209
 13.33908      206
 13.3713       203
 13.40352      199
 13.43574      196
 13.46796      193
 13.50018      190
 13.50018      188
 13.5324       185
 13.56462      183
 13.59684      181
 13.62906      179
 13.66128      177
 13.6935       176
 13.72572      174
 13.72572      173
 13.75794      172
 13.79016      171
 13.82238      170
 13.8546       169
 13.88682      169
 13.91904      168
 13.95126      168
 13.95126      168
 13.98348      168
 14.0157       168
 14.04792      168
 14.08014      168
 14.11236      168
 14.14458      169
 14.1768       169
 14.1768       170
 14.20902      171
 14.24124      171
 14.27346      172
 14.30568      173
 14.3379       174
 14.37012      175
 14.40234      176
 14.43456      177
 14.43456      178
 14.46678      179
 14.499        180
 14.53122      181
 14.56344      182
 14.59566      184
 14.62788      185
 14.62788      186
 14.6601       188
 14.69232      190
 14.72454      191
 14.75676      193
 14.78898      194
 14.8212       196
 14.85342      197
 14.85342      199
 14.88564      200
 14.91786      203
 14.95008      205
 14.9823       206
 15.01452      208
 15.04674      210
 15.04674      212
 15.07896      214
 15.11118      215
 15.1434       217
 15.17562      219
 15.20784      221
 15.24006      223
 15.27228      225
 15.27228      227
 15.3045       229
 15.33672      231
 15.36894      234
 15.40116      236
 15.43338      238
 15.4656       240
 15.49782      242
 15.49782      245
 15.53004      247
 15.56226      249
 15.59448      251
 15.6267       254
 15.65892      256
 15.69114      258
 15.72336      261
 15.72336      263
 15.75558      265
 15.7878       268
 15.82002      270
 15.85224      273
 15.88446      275
 15.91668      278
 15.91668      280
 15.9489       283
 15.98112      285
 16.01334      288
 16.04556      290
 16.07778      293
 16.11         295
 16.14222      298
 16.14222      300
 16.17444      304
 16.20666      306
 16.2711       309
 16.30332      311
 16.33554      314
 16.33554      316
 16.36776      319
 16.39998      321
 16.4322       324
 16.46442      327
 16.49664      329
 16.52886      332
 16.52886      334
 16.56108      337
 16.5933       339
 16.62552      342
 16.65774      344
 16.68996      347
 16.72218      349
 16.72218      351
 16.7544       354
 16.78662      356
 16.81884      358
 16.85106      360
 16.88328      363
 16.9155       365
 16.9155       367
 16.94772      369
 16.97994      371
 17.01216      373
 17.04438      375
 17.0766       377
 17.10882      379
 17.10882      380
 17.14104      382
 17.17326      384
 17.20548      385
 17.2377       387
 17.26992      388
 17.30214      390
 17.33436      391
 17.33436      393
 17.36658      394
 17.3988       395
 17.43102      398
 17.46324      392
 17.49546      400
 17.49546      404
 17.52768      405
 17.5599       405
 17.59212      405
 17.62434      405
 17.65656      405
 17.68878      404
 17.68878      404
 17.721        403
 17.75322      402
 17.78544      402
 17.81766      402
 17.84988      401
 17.8821       401
 17.8821       400
 17.91432      400
 17.94654      399
 17.97876      399
 18.01098      398
 18.0432       397
 18.07542      395
 18.07542      393
 18.10764      391
 18.13986      389
 18.17208      388
 18.2043       386
 18.23652      385
 18.26874      384
 18.26874      382
 18.30096      381
 18.33318      380
 18.3654       379
 18.39762      377
 18.42984      376
 18.42984      374
 18.46206      373
 18.49428      372
 18.5265       370
 18.55872      369
 18.59094      367
 18.62316      366
 18.62316      364
 18.65538      362
 18.6876       360
 18.71982      358
 18.75204      356
 18.78426      355
 18.78426      353
 18.81648      351
 18.8487       349
 18.88092      347
 18.91314      345
 18.94536      343
 18.97758      341
 18.97758      340
 19.0098       338
 19.04202      336
 19.07424      335
 19.10646      333
 19.13868      332
 19.13868      331
 19.1709       329
 19.20312      328
 19.23534      327
 19.26756      326
 19.29978      325
 19.332        323
 19.332        322
 19.36422      321
 19.39644      320
 19.42866      320
 19.46088      319
 19.52532      318
 19.52532      317
 19.55754      316
 19.58976      316
 19.62198      315
 19.6542       315
 19.68642      314
 19.68642      314
 19.71864      313
 19.75086      313
 19.78308      313
 19.8153       313
 19.84752      313
 19.84752      313
 19.87974      313
 19.91196      313
 19.94418      313
 19.9764       314
 20.00862      314
 20.04084      314
 20.04084      315
 20.07306      315
 20.10528      316
 20.1375       316
 20.16972      317
 20.20194      317
 20.20194      318
 20.23416      319
 20.26638      320
 20.2986       320
 20.33082      321
 20.36304      322
 20.36304      323
 20.39526      324
 20.42748      325
 20.4597       327
 20.49192      328
 20.52414      329
 20.52414      330
 20.55636      332
 20.58858      333
 20.6208       334
 20.65302      336
 20.68524      337
 20.68524      339
 20.71746      340
 20.74968      342
 20.7819       343
 20.81412      345
 20.84634      347
 20.84634      349
 20.87856      351
 20.91078      352
 20.943        354
 20.97522      355
 21.00744      357
 21.00744      358
 21.03966      360
 21.07188      362
 21.1041       363
 21.13632      365
 21.16854      367
 21.20076      368
 21.20076      370
 21.23298      372
 21.2652       373
 21.29742      375
 21.32964      377
 21.32964      379
 21.36186      381
 21.39408      382
 21.4263       384
 21.45852      386
 21.49074      388
 21.49074      390
 21.52296      391
 21.55518      393
 21.5874       395
 21.61962      397
 21.65184      399
 21.65184      400
 21.68406      402
 21.71628      405
 21.7485       407
 21.78072      409
 21.81294      411
 21.81294      412
 21.84516      414
 21.87738      416
 21.9096       417
 21.94182      419
 21.97404      421
 21.97404      422
 22.00626      424
 22.03848      426
 22.0707       427
 22.10292      429
 22.10292      431
 22.13514      432
 22.16736      434
 22.19958      435
 22.2318       437
 22.26402      438
 22.26402      440
 22.29624      441
 22.32846      442
 22.36068      444
 22.3929       445
 22.42512      446
 22.42512      448
 22.45734      449
 22.48956      450
 22.52178      451
 22.554        452
 22.58622      454
 22.58622      455
 22.61844      456
 22.65066      457
 22.68288      458
 22.7151       459
 22.74732      460
 22.77954      461
 22.81176      462
 22.84398      463
 22.8762       464
 22.8762       465
 22.90842      466
 22.94064      466
 22.97286      467
 23.00508      468
 23.00508      468
 23.0373       469
 23.06952      470
 23.10174      470
 23.13396      471
 23.16618      472
 23.16618      472
 23.1984       473
 23.23062      473
 23.26284      474
 23.29506      474
 23.29506      475
 23.32728      475
 23.3595       476
 23.39172      476
 23.42394      477
 23.45616      477
 23.45616      477
 23.48838      478
 23.5206       478
 23.55282      479
 23.58504      479
 23.58504      479
 23.61726      480
 23.64948      480
 23.6817       480
 23.71392      481
 23.71392      481
 23.74614      481
 23.77836      481
 23.81058      482
 23.8428       482
 23.87502      482
 23.87502      482
 23.90724      482
 23.93946      483
 23.97168      483
 24.0039       483
 24.0039       483
 24.03612      483
 24.06834      483
 24.10056      484
 24.13278      484
 24.13278      484
 24.165        484
 24.19722      484
 24.22944      484
 24.26166      484
 24.29388      484
 24.29388      484
 24.3261       484
 24.35832      484
 24.39054      484
 24.42276      483
 24.42276      483
 24.45498      483
 24.4872       483
 24.51942      483
 24.55164      483
 24.55164      482
 24.58386      482
 24.61608      482
 24.6483       482
 24.68052      482
 24.71274      481
 24.71274      481
 24.74496      481
 24.77718      481
 24.8094       480
 24.84162      480
 24.84162      480
 24.87384      480
 24.90606      480
 24.93828      479
 24.93828      479
 24.9705       479
 25.00272      478
 25.03494      479
 25.06716      479
 25.09938      478
 25.09938      478
 25.1316       478
 25.16382      477
 25.19604      477
 25.22826      477
 25.22826      477
 25.26048      476
 25.2927       476
 25.32492      476
 25.35714      476
 25.35714      476
 25.38936      476
 25.42158      476
 25.4538       476
 25.4538       476
 25.48602      476
 25.51824      476
 25.55046      476
 25.58268      476
 25.6149       476
 25.6149       476
 25.64712      477
 25.67934      477
 25.71156      477
 25.74378      477
 25.74378      478
 25.776        478
 25.80822      478
 25.84044      479
 25.87266      479
 25.87266      480
 25.90488      480
 25.9371       481
 25.96932      481
 26.00154      482
 26.03376      482
 26.06598      483
 26.0982       483
 26.13042      484
 26.13042      484
 26.16264      485
 26.19486      485
 26.22708      486
 26.2593       487
 26.2593       487
 26.29152      488
 26.32374      488
 26.35596      489
 26.35596      490
 26.38818      490
 26.4204       491
 26.45262      492
 26.48484      492
 26.48484      493
 26.51706      494
 26.54928      494
 26.5815       495
 26.61372      496
 26.61372      497
 26.64594      497
 26.67816      498
 26.71038      499
 26.7426       500
 26.7426       500
 26.77482      501
 26.80704      502
 26.83926      503
 26.83926      504
 26.87148      505
 26.9037       506
 26.93592      507
 26.96814      507
 26.96814      508
 27.00036      509
 27.03258      510
 27.0648       510
 27.09702      511
 27.09702      512
 27.12924      513
 27.16146      514
 27.19368      515
 27.19368      516
 27.2259       516
 27.25812      517
 27.29034      518
 27.32256      519
 27.32256      520
 27.35478      521
 27.387        522
 27.41922      522
 27.45144      523
 27.45144      524
 27.48366      525
 27.51588      526
 27.5481       527
 27.5481       528
 27.58032      528
 27.61254      529
 27.64476      530
 27.67698      531
 27.67698      532
 27.7092       533
 27.74142      533
 27.77364      534
 27.77364      535
 27.80586      536
 27.83808      537
 27.8703       537
 27.90252      538
 27.90252      539
 27.93474      540
 27.96696      541
 27.99918      541
 27.99918      542
 28.0314       543
 28.06362      544
 28.09584      545
 28.12806      545
 28.12806      546
 28.16028      547
 28.1925       547
 28.22472      548
 28.22472      549
 28.25694      550
 28.28916      550
 28.32138      551
 28.3536       552
 28.3536       553
 28.38582      553
 28.41804      554
 28.45026      555
