 0             0
 0             0
 0             0
 0             0
 0             0
 0             0
 0             0
 0             0
 0             0
 0             0
 3.222e-002    0
 3.222e-002    0
 6.444e-002    0
 9.666e-002    0
 9.666e-002    0
 0.12888       0
 0.1611        0
 0.19332       0
 0.19332       0
 0.25776       0
 0.25776       0
 0.28998       0
 0.3222        0
 0.35442       0
 0.38664       0
 0.41886       0
 0.41886       0
 0.45108       0
 0.4833        0
 0.51552       0
 0.54774       0
 0.57996       0
 0.57996       0
 0.6444        0
 0.6444        0
 0.67662       0
 0.70884       0
 0.74106       0
 0.77328       0
 0.8055        0
 0.8055        0
 0.86994       0
 0.86994       0
 0.90216       0
 0.93438       0
 0.9666        0
 0.99882       0
 1.03104       0
 1.06326       0
 1.09548       0
 1.1277        0
 1.1277        0
 1.15992       0
 1.19214       0
 1.22436       0
 1.25658       0
 1.2888        0
 1.32102       0
 1.35324       0
 1.35324       0
 1.38546       0
 1.41768       0
 1.4499        0
 1.48212       0
 1.51434       0
 1.54656       0
 1.57878       0
 1.611         0
 1.64322       0
 1.67544       0
 1.67544       0
 1.70766       0
 1.73988       0
 1.7721        0
 1.80432       0
 1.83654       0
 1.86876       0
 1.90098       0
 1.9332        0
 1.96542       0
 1.99764       0
 2.02986       0
 2.02986       0
 2.06208       0
 2.0943        0
 2.12652       0
 2.15874       0
 2.19096       0
 2.22318       0
 2.2554        0
 2.28762       0
 2.31984       0
 2.35206       0
 2.35206       0
 2.4165        0
 2.4165        0
 2.44872       0
 2.48094       0
 2.51316       0
 2.54538       0
 2.5776        0
 2.60982       0
 2.64204       0
 2.67426       0
 2.70648       0
 2.7387        0
 2.77092       0
 2.77092       0
 2.80314       0
 2.83536       0
 2.86758       0
 2.8998        0
 2.93202       0
 2.96424       0
 2.99646       0
 3.02868       0
 3.0609        0
 3.09312       0
 3.12534       0
 3.15756       0
 3.18978       0
 3.18978       0
 3.25422       0
 3.28644       0
 3.31866       0
 3.35088       0
 3.3831        0
 3.41532       0
 3.44754       0
 3.47976       0
 3.51198       0
 3.5442        0
 3.5442        0
 3.57642       0
 3.60864       0
 3.64086       0
 3.67308       0
 3.7053        0
 3.73752       0
 3.76974       0
 3.80196       0
 3.83418       0
 3.8664        0
 3.89862       0
 3.93084       0
 3.96306       0
 3.99528       0
 3.99528       0
 4.0275        0
 4.05972       0
 4.09194       0
 4.12416       0
 4.15638       0
 4.1886        0
 4.22082       0
 4.25304       0
 4.28526       0
 4.31748       0
 4.3497        0
 4.38192       0
 4.38192       0
 4.41414       0
 4.44636       0
 4.47858       0
 4.5108        0
 4.54302       0
 4.57524       0
 4.60746       0
 4.63968       0
 4.6719        0
 4.70412       0
 4.73634       0
 4.76856       0
 4.80078       0
 4.80078       0
 4.833         0
 4.86522       0
 4.89744       0
 4.92966       0
 4.96188       0
 4.9941        0
 5.02632       0
 5.05854       0
 5.09076       0
 5.12298       0
 5.1552        0
 5.18742       0
 5.18742       0
 5.21964       0
 5.25186       0
 5.28408       0
 5.3163        0
 5.34852       0
 5.38074       0
 5.41296       0
 5.44518       0
 5.4774        0
 5.50962       0
 5.54184       0
 5.57406       0
 5.57406       0
 5.60628       0
 5.6385        0
 5.67072       0
 5.70294       0
 5.73516       0
 5.76738       0
 5.7996        1
 5.83182       1
 5.86404       1
 5.89626       1
 5.92848       1
 5.92848       1
 5.9607        1
 5.99292       1
 6.02514       1
 6.05736       1
 6.08958       1
 6.1218        2
 6.15402       2
 6.18624       2
 6.21846       2
 6.25068       2
 6.2829        2
 6.31512       2
 6.31512       2
 6.34734       2
 6.37956       2
 6.41178       2
 6.444         2
 6.50844       2
 6.54066       2
 6.57288       2
 6.6051        2
 6.63732       2
 6.66954       2
 6.66954       2
 6.70176       2
 6.73398       2
 6.7662        2
 6.79842       2
 6.83064       2
 6.86286       2
 6.89508       2
 6.9273        2
 6.95952       2
 6.99174       1
 7.02396       1
 7.02396       1
 7.05618       1
 7.0884        1
 7.12062       1
 7.15284       1
 7.18506       1
 7.21728       1
 7.2495        1
 7.28172       1
 7.31394       1
 7.31394       0
 7.34616       0
 7.37838       0
 7.4106        0
 7.44282       0
 7.47504       0
 7.50726       0
 7.53948       0
 7.5717        0
 7.60392       0
 7.63614       0
 7.66836       0
 7.66836       0
 7.70058       0
 7.7328        0
 7.76502       0
 7.79724       0
 7.82946       0
 7.86168       0
 7.8939        0
 7.92612       0
 7.95834       0
 7.99056       0
 8.02278       0
 8.055         0
 8.055         0
 8.08722       0
 8.11944       0
 8.15166       0
 8.18388       0
 8.2161        0
 8.24832       0
 8.28054       0
 8.31276       0
 8.31276       0
 8.34498       0
 8.3772        0
 8.40942       0
 8.44164       0
 8.47386       0
 8.50608       0
 8.5383        0
 8.57052       0
 8.60274       0
 8.63496       0
 8.63496       0
 8.66718       0
 8.6994        0
 8.73162       0
 8.76384       0
 8.79606       0
 8.82828       0
 8.8605        0
 8.89272       0
 8.92494       0
 8.95716       0
 8.95716       0
 8.98938       0
 9.0216        0
 9.05382       0
 9.08604       0
 9.11826       0
 9.15048       0
 9.1827        1
 9.21492       1
 9.24714       1
 9.24714       1
 9.27936       1
 9.31158       1
 9.3438        1
 9.37602       1
 9.40824       2
 9.44046       2
 9.47268       2
 9.5049        2
 9.53712       2
 9.53712       2
 9.56934       2
 9.60156       2
 9.63378       2
 9.666         2
 9.69822       2
 9.76266       3
 9.79488       3
 9.8271        3
 9.8271        3
 9.85932       3
 9.89154       3
 9.92376       3
 9.95598       3
 9.9882        4
 10.02042      4
 10.05264      4
 10.08486      4
 10.11708      4
 10.11708      4
 10.1493       4
 10.18152      4
 10.21374      5
 10.24596      5
 10.27818      5
 10.3104       5
 10.34262      5
 10.37484      5
 10.37484      6
 10.40706      6
 10.43928      6
 10.4715       6
 10.50372      6
 10.53594      6
 10.56816      6
 10.60038      7
 10.6326       7
 10.6326       7
 10.66482      7
 10.69704      7
 10.72926      7
 10.76148      7
 10.7937       8
 10.82592      8
 10.85814      8
 10.89036      8
 10.92258      8
 10.92258      8
 10.9548       9
 10.98702      9
 11.01924      9
 11.05146      9
 11.08368      9
 11.1159       9
 11.14812      9
 11.18034      9
 11.18034      10
 11.21256      10
 11.24478      10
 11.277        10
 11.30922      10
 11.34144      10
 11.37366      10
 11.40588      10
 11.4381       10
 11.4381       10
 11.47032      10
 11.50254      10
 11.53476      10
 11.56698      10
 11.5992       9
 11.63142      9
 11.66364      9
 11.69586      9
 11.69586      9
 11.72808      9
 11.7603       9
 11.79252      9
 11.82474      9
 11.85696      8
 11.88918      8
 11.9214       8
 11.95362      8
 11.95362      8
 11.98584      8
 12.01806      8
 12.05028      7
 12.0825       7
 12.11472      7
 12.14694      7
 12.17916      7
 12.21138      6
 12.21138      6
 12.2436       6
 12.27582      6
 12.30804      6
 12.34026      6
 12.37248      5
 12.4047       5
 12.43692      5
 12.43692      5
 12.46914      5
 12.50136      5
 12.53358      4
 12.5658       4
 12.59802      4
 12.63024      4
 12.66246      4
 12.69468      4
 12.69468      5
 12.7269       5
 12.75912      5
 12.79134      4
 12.82356      4
 12.85578      4
 12.888        4
 12.92022      4
 12.95244      4
 12.95244      4
 13.01688      4
 13.0491       3
 13.08132      3
 13.11354      4
 13.14576      2
 13.14576      0
 13.17798      0
 13.2102       0
 13.24242      0
 13.27464      0
 13.30686      0
 13.33908      0
 13.3713       0
 13.40352      0
 13.40352      0
 13.43574      0
 13.46796      0
 13.50018      0
 13.5324       0
 13.56462      0
 13.59684      0
 13.62906      0
 13.62906      0
 13.66128      1
 13.6935       1
 13.72572      1
 13.75794      2
 13.79016      2
 13.82238      2
 13.8546       3
 13.88682      3
 13.88682      3
 13.91904      3
 13.95126      3
 13.98348      3
 14.0157       4
 14.04792      4
 14.08014      4
 14.11236      4
 14.11236      4
 14.14458      4
 14.1768       5
 14.20902      5
 14.24124      6
 14.27346      7
 14.30568      8
 14.3379       8
 14.3379       8
 14.37012      8
 14.40234      8
 14.43456      8
 14.46678      8
 14.499        8
 14.53122      8
 14.53122      8
 14.56344      8
 14.59566      8
 14.62788      8
 14.6601       8
 14.69232      8
 14.72454      8
 14.75676      8
 14.75676      8
 14.78898      9
 14.8212       9
 14.85342      9
 14.88564      9
 14.91786      9
 14.95008      9
 14.9823       9
 14.9823       9
 15.01452      9
 15.04674      10
 15.07896      10
 15.11118      10
 15.1434       10
 15.17562      10
 15.17562      10
 15.20784      11
 15.24006      11
 15.27228      11
 15.3045       11
 15.33672      11
 15.36894      12
 15.36894      12
 15.40116      12
 15.43338      12
 15.4656       12
 15.49782      13
 15.53004      13
 15.56226      13
 15.59448      13
 15.59448      13
 15.6267       13
 15.65892      13
 15.69114      13
 15.72336      14
 15.75558      14
 15.7878       14
 15.7878       15
 15.82002      15
 15.85224      15
 15.88446      15
 15.91668      15
 15.9489       16
 15.98112      16
 16.01334      16
 16.01334      16
 16.04556      16
 16.07778      16
 16.11         17
 16.14222      17
 16.17444      17
 16.20666      17
 16.23888      17
 16.2711       17
 16.30332      17
 16.33554      17
 16.36776      17
 16.39998      17
 16.4322       17
 16.4322       17
 16.46442      16
 16.49664      13
 16.52886      11
 16.56108      9
 16.5933       9
 16.5933       9
 16.62552      9
 16.65774      9
 16.68996      10
 16.72218      10
 16.7544       11
 16.78662      11
 16.78662      12
 16.81884      12
 16.85106      12
 16.88328      13
 16.9155       13
 16.94772      13
 16.97994      13
 16.97994      13
 17.01216      13
 17.04438      13
 17.0766       13
 17.10882      13
 17.14104      13
 17.17326      13
 17.17326      13
 17.20548      13
 17.2377       13
 17.26992      13
 17.30214      13
 17.33436      13
 17.36658      12
 17.36658      12
 17.3988       12
 17.43102      12
 17.46324      12
 17.49546      12
 17.52768      12
 17.5599       12
 17.5599       12
 17.59212      11
 17.62434      11
 17.65656      11
 17.68878      11
 17.721        11
 17.721        11
 17.75322      11
 17.78544      11
 17.81766      10
 17.84988      10
 17.8821       10
 17.91432      10
 17.91432      10
 17.94654      10
 17.97876      10
 18.01098      10
 18.0432       10
 18.07542      10
 18.10764      10
 18.10764      10
 18.13986      10
 18.17208      10
 18.2043       10
 18.23652      10
 18.26874      10
 18.30096      10
 18.30096      10
 18.33318      10
 18.3654       10
 18.39762      10
 18.42984      10
 18.46206      10
 18.46206      10
 18.49428      10
 18.5265       10
 18.55872      10
 18.59094      10
 18.62316      10
 18.65538      10
 18.65538      10
 18.6876       10
 18.71982      10
 18.75204      10
 18.78426      10
 18.81648      10
 18.81648      10
 18.8487       10
 18.88092      10
 18.91314      11
 18.94536      11
 18.97758      11
 18.97758      11
 19.0098       11
 19.04202      11
 19.07424      11
 19.10646      11
 19.13868      11
 19.13868      11
 19.1709       11
 19.20312      12
 19.23534      12
 19.26756      12
 19.29978      12
 19.332        12
 19.332        12
 19.36422      12
 19.39644      13
 19.42866      13
 19.46088      13
 19.52532      13
 19.52532      13
 19.55754      13
 19.58976      13
 19.62198      14
 19.6542       14
 19.68642      14
 19.68642      14
 19.71864      14
 19.75086      15
 19.78308      15
 19.8153       15
 19.84752      15
 19.84752      16
 19.87974      16
 19.91196      16
 19.94418      16
 19.9764       16
 20.00862      17
 20.00862      17
 20.04084      17
 20.07306      17
 20.10528      18
 20.1375       18
 20.16972      18
 20.20194      18
 20.20194      19
 20.23416      19
 20.26638      19
 20.2986       19
 20.33082      20
 20.33082      20
 20.36304      20
 20.39526      20
 20.42748      20
 20.4597       20
 20.49192      20
 20.52414      21
 20.52414      21
 20.55636      21
 20.58858      21
 20.6208       22
 20.65302      22
 20.68524      22
 20.68524      22
 20.71746      23
 20.74968      23
 20.7819       23
 20.81412      23
 20.81412      24
 20.84634      24
 20.87856      24
 20.91078      24
 20.943        25
 20.97522      25
 20.97522      25
 21.00744      25
 21.03966      26
 21.07188      26
 21.1041       26
 21.13632      26
 21.13632      26
 21.16854      27
 21.20076      27
 21.23298      27
 21.2652       27
 21.29742      27
 21.29742      27
 21.32964      27
 21.36186      28
 21.39408      28
 21.4263       28
 21.45852      28
 21.45852      28
 21.49074      28
 21.52296      28
 21.55518      28
 21.5874       28
 21.61962      28
 21.61962      28
 21.65184      28
 21.68406      28
 21.71628      28
 21.7485       28
 21.78072      28
 21.78072      28
 21.81294      28
 21.84516      28
 21.87738      28
 21.9096       28
 21.9096       27
 21.94182      27
 21.97404      27
 22.00626      27
 22.03848      27
 22.0707       27
 22.0707       27
 22.10292      27
 22.13514      26
 22.16736      26
 22.19958      26
 22.2318       26
 22.2318       26
 22.26402      26
 22.29624      26
 22.32846      26
 22.36068      26
 22.36068      25
 22.3929       25
 22.42512      25
 22.45734      25
 22.48956      25
 22.52178      25
 22.52178      25
 22.554        25
 22.58622      24
 22.61844      24
 22.65066      24
 22.65066      24
 22.68288      24
 22.7151       24
 22.77954      24
 22.81176      24
 22.81176      24
 22.84398      24
 22.8762       24
 22.90842      24
 22.94064      23
 22.94064      23
 22.97286      23
 23.00508      23
 23.0373       23
 23.06952      23
 23.06952      23
 23.10174      23
 23.13396      23
 23.16618      23
 23.1984       23
 23.23062      23
 23.23062      23
 23.26284      23
 23.29506      23
 23.32728      23
 23.3595       23
 23.39172      23
 23.39172      23
 23.42394      23
 23.45616      23
 23.48838      23
 23.5206       23
 23.5206       23
 23.55282      23
 23.58504      23
 23.61726      23
 23.64948      23
 23.64948      23
 23.6817       23
 23.71392      23
 23.74614      23
 23.77836      23
 23.81058      23
 23.81058      23
 23.8428       23
 23.87502      23
 23.90724      23
 23.93946      23
 23.93946      23
 23.97168      23
 24.0039       23
 24.03612      23
 24.06834      23
 24.06834      23
 24.10056      23
 24.13278      24
 24.165        24
 24.19722      24
 24.19722      24
 24.22944      24
 24.26166      24
 24.29388      24
 24.3261       24
 24.3261       25
 24.35832      25
 24.39054      25
 24.42276      25
 24.45498      25
 24.45498      25
 24.4872       25
 24.51942      25
 24.55164      26
 24.58386      26
 24.61608      26
 24.61608      26
 24.6483       26
 24.68052      26
 24.71274      27
 24.74496      27
 24.74496      27
 24.77718      27
 24.8094       28
 24.84162      28
 24.87384      28
 24.87384      28
 24.90606      29
 24.93828      29
 24.9705       29
 24.9705       29
 25.00272      29
 25.03494      29
 25.06716      30
 25.09938      30
 25.1316       30
 25.1316       30
 25.16382      31
 25.19604      31
 25.22826      31
 25.26048      31
 25.26048      32
 25.2927       32
 25.32492      32
 25.35714      32
 25.35714      33
 25.38936      33
 25.42158      33
 25.4538       33
 25.48602      34
 25.48602      34
 25.51824      34
 25.55046      34
 25.58268      35
 25.6149       35
 25.6149       35
 25.64712      36
 25.67934      36
 25.71156      36
 25.74378      36
 25.74378      36
 25.776        37
 25.80822      37
 25.84044      37
 25.87266      37
 25.87266      38
 25.90488      38
 25.9371       38
 25.96932      38
 26.03376      39
 26.03376      39
 26.06598      39
 26.0982       39
 26.13042      40
 26.16264      40
 26.16264      40
 26.19486      40
 26.22708      40
 26.2593       41
 26.2593       41
 26.29152      41
 26.32374      41
 26.35596      41
 26.38818      41
 26.38818      42
 26.4204       42
 26.45262      42
 26.48484      42
 26.51706      42
 26.51706      42
 26.54928      42
 26.5815       42
 26.61372      43
 26.64594      43
 26.64594      43
 26.67816      43
 26.71038      43
 26.7426       43
 26.7426       43
 26.77482      43
 26.80704      43
 26.83926      43
 26.87148      43
 26.87148      43
 26.9037       43
 26.93592      43
 26.96814      43
 26.96814      43
 27.00036      43
 27.03258      43
 27.0648       43
 27.09702      43
 27.09702      43
 27.12924      43
 27.16146      43
 27.19368      43
 27.2259       43
 27.2259       43
 27.25812      43
 27.29034      43
 27.32256      43
 27.32256      43
 27.35478      43
 27.387        43
 27.41922      43
 27.45144      43
 27.45144      43
 27.48366      43
 27.51588      42
 27.5481       42
 27.5481       42
 27.58032      42
 27.61254      42
 27.64476      42
 27.67698      42
 27.67698      42
 27.7092       42
 27.74142      42
 27.77364      42
 27.77364      42
 27.80586      42
 27.83808      42
 27.8703       42
 27.8703       42
 27.90252      42
 27.93474      42
 27.96696      43
 27.99918      42
 27.99918      42
 28.0314       42
 28.06362      42
 28.09584      42
 28.12806      42
 28.12806      42
 28.16028      42
 28.1925       42
 28.22472      42
 28.22472      42
 28.25694      42
 28.28916      42
 28.32138      42
 28.32138      42
 28.3536       42
