 0             0
 0             0
 0             0
 0             0
 0             0
 0             0
 0             0
 0             0
 0             0
 3.222e-002    0
 3.222e-002    0
 6.444e-002    0
 9.666e-002    0
 9.666e-002    0
 0.12888       0
 0.1611        0
 0.1611        0
 0.22554       0
 0.22554       0
 0.25776       0
 0.28998       0
 0.3222        0
 0.35442       0
 0.38664       0
 0.38664       0
 0.45108       0
 0.45108       0
 0.4833        0
 0.51552       0
 0.54774       0
 0.57996       0
 0.61218       0
 0.61218       0
 0.6444        0
 0.67662       0
 0.70884       0
 0.74106       0
 0.77328       0
 0.77328       0
 0.83772       0
 0.83772       0
 0.86994       0
 0.90216       0
 0.93438       0
 0.9666        0
 0.99882       0
 0.99882       0
 1.03104       0
 1.06326       0
 1.09548       0
 1.1277        0
 1.15992       0
 1.19214       0
 1.22436       0
 1.25658       0
 1.25658       0
 1.32102       0
 1.32102       0
 1.35324       0
 1.38546       0
 1.41768       0
 1.4499        0
 1.48212       0
 1.51434       0
 1.54656       0
 1.54656       0
 1.57878       0
 1.611         0
 1.64322       0
 1.67544       0
 1.70766       0
 1.73988       0
 1.7721        0
 1.80432       0
 1.80432       0
 1.83654       0
 1.86876       0
 1.90098       0
 1.9332        0
 1.96542       0
 1.99764       0
 2.02986       0
 2.06208       0
 2.0943        0
 2.12652       0
 2.15874       0
 2.15874       0
 2.19096       0
 2.22318       0
 2.2554        0
 2.28762       0
 2.31984       0
 2.35206       0
 2.38428       0
 2.4165        0
 2.44872       0
 2.48094       0
 2.48094       0
 2.54538       0
 2.54538       0
 2.5776        0
 2.60982       0
 2.64204       0
 2.67426       0
 2.70648       0
 2.7387        0
 2.77092       0
 2.80314       0
 2.83536       0
 2.86758       0
 2.8998        0
 2.8998        0
 2.93202       0
 2.96424       0
 2.99646       0
 3.02868       0
 3.0609        0
 3.09312       0
 3.12534       0
 3.15756       0
 3.18978       0
 3.222         0
 3.25422       0
 3.28644       0
 3.31866       0
 3.35088       0
 3.3831        0
 3.41532       0
 3.44754       0
 3.47976       0
 3.51198       0
 3.5442        0
 3.57642       0
 3.60864       0
 3.64086       0
 3.67308       0
 3.67308       0
 3.7053        0
 3.73752       0
 3.76974       0
 3.80196       0
 3.83418       0
 3.8664        0
 3.89862       0
 3.93084       0
 3.96306       0
 3.99528       0
 4.0275        0
 4.05972       0
 4.09194       0
 4.09194       0
 4.12416       0
 4.15638       0
 4.1886        0
 4.22082       0
 4.25304       0
 4.28526       0
 4.31748       0
 4.3497        0
 4.38192       0
 4.41414       0
 4.44636       0
 4.44636       0
 4.47858       0
 4.5108        0
 4.54302       0
 4.57524       0
 4.60746       0
 4.63968       0
 4.6719        0
 4.70412       0
 4.73634       0
 4.76856       0
 4.80078       0
 4.833         0
 4.86522       0
 4.86522       0
 4.89744       0
 4.92966       0
 4.96188       0
 4.9941        0
 5.02632       0
 5.05854       0
 5.09076       0
 5.12298       0
 5.1552        0
 5.18742       0
 5.21964       0
 5.21964       0
 5.25186       0
 5.28408       0
 5.3163        0
 5.34852       0
 5.38074       0
 5.41296       0
 5.44518       0
 5.4774        0
 5.50962       0
 5.54184       0
 5.57406       0
 5.60628       0
 5.60628       0
 5.6385        0
 5.67072       0
 5.70294       0
 5.73516       0
 5.76738       0
 5.7996        0
 5.83182       0
 5.86404       0
 5.89626       0
 5.92848       0
 5.9607        0
 5.9607        0
 5.99292       0
 6.02514       0
 6.05736       0
 6.08958       0
 6.1218        0
 6.15402       0
 6.18624       0
 6.21846       0
 6.25068       0
 6.2829        0
 6.31512       0
 6.34734       0
 6.34734       0
 6.37956       0
 6.41178       0
 6.444         0
 6.50844       0
 6.54066       0
 6.57288       0
 6.6051        0
 6.63732       0
 6.66954       0
 6.66954       0
 6.70176       0
 6.73398       0
 6.7662        0
 6.79842       0
 6.83064       0
 6.86286       0
 6.89508       0
 6.9273        0
 6.95952       0
 6.99174       0
 7.02396       0
 7.05618       0
 7.05618       0
 7.0884        0
 7.12062       0
 7.15284       0
 7.18506       1
 7.21728       1
 7.2495        1
 7.28172       2
 7.31394       2
 7.34616       3
 7.37838       3
 7.37838       3
 7.4106        4
 7.44282       4
 7.47504       4
 7.50726       5
 7.53948       5
 7.5717        5
 7.60392       6
 7.63614       6
 7.66836       6
 7.70058       7
 7.7328        7
 7.7328        7
 7.76502       7
 7.79724       8
 7.82946       8
 7.86168       8
 7.8939        8
 7.92612       8
 7.95834       8
 7.99056       8
 8.02278       9
 8.055         9
 8.055         9
 8.08722       9
 8.11944       9
 8.15166       9
 8.18388       9
 8.2161        9
 8.24832       9
 8.28054       9
 8.31276       9
 8.34498       9
 8.34498       9
 8.3772        9
 8.40942       9
 8.44164       9
 8.47386       9
 8.50608       9
 8.5383        9
 8.57052       8
 8.60274       8
 8.63496       8
 8.66718       8
 8.66718       8
 8.6994        8
 8.73162       8
 8.76384       8
 8.79606       7
 8.82828       7
 8.8605        7
 8.89272       7
 8.92494       7
 8.95716       7
 8.95716       7
 8.98938       6
 9.0216        6
 9.05382       6
 9.08604       6
 9.11826       6
 9.15048       6
 9.1827        5
 9.21492       5
 9.24714       5
 9.27936       5
 9.27936       4
 9.31158       4
 9.3438        4
 9.37602       4
 9.40824       4
 9.44046       4
 9.47268       4
 9.5049        4
 9.53712       3
 9.56934       3
 9.60156       3
 9.60156       3
 9.63378       3
 9.666         3
 9.69822       3
 9.76266       3
 9.79488       2
 9.8271        2
 9.85932       2
 9.85932       2
 9.89154       2
 9.92376       2
 9.95598       2
 9.9882        2
 10.02042      1
 10.05264      1
 10.08486      1
 10.11708      1
 10.1493       1
 10.1493       1
 10.18152      1
 10.21374      1
 10.24596      0
 10.27818      1
 10.3104       1
 10.34262      1
 10.37484      1
 10.40706      1
 10.40706      0
 10.43928      0
 10.4715       0
 10.50372      0
 10.53594      0
 10.56816      0
 10.60038      0
 10.6326       0
 10.66482      0
 10.69704      0
 10.69704      0
 10.72926      0
 10.76148      0
 10.7937       0
 10.82592      0
 10.85814      0
 10.89036      0
 10.92258      0
 10.9548       0
 10.9548       0
 10.98702      0
 11.01924      0
 11.05146      0
 11.08368      0
 11.1159       0
 11.14812      0
 11.18034      0
 11.21256      0
 11.21256      0
 11.24478      0
 11.277        0
 11.30922      0
 11.34144      0
 11.37366      0
 11.40588      0
 11.4381       0
 11.47032      0
 11.47032      0
 11.50254      0
 11.53476      0
 11.56698      1
 11.5992       1
 11.63142      1
 11.66364      2
 11.69586      2
 11.72808      3
 11.72808      4
 11.7603       4
 11.79252      5
 11.82474      5
 11.85696      6
 11.88918      7
 11.9214       8
 11.95362      9
 11.98584      9
 11.98584      10
 12.01806      11
 12.05028      12
 12.0825       13
 12.11472      14
 12.14694      15
 12.17916      16
 12.21138      17
 12.2436       18
 12.2436       19
 12.27582      20
 12.30804      21
 12.34026      22
 12.37248      23
 12.4047       23
 12.43692      24
 12.46914      25
 12.50136      26
 12.50136      27
 12.53358      28
 12.5658       29
 12.59802      30
 12.63024      30
 12.66246      31
 12.69468      32
 12.7269       32
 12.7269       33
 12.75912      34
 12.79134      34
 12.82356      35
 12.85578      35
 12.888        36
 12.92022      37
 12.95244      38
 12.98466      38
 13.01688      38
 13.0491       39
 13.08132      39
 13.11354      39
 13.14576      40
 13.17798      40
 13.2102       40
 13.2102       40
 13.24242      40
 13.27464      40
 13.30686      40
 13.33908      40
 13.3713       40
 13.40352      40
 13.43574      40
 13.43574      40
 13.46796      40
 13.50018      41
 13.5324       40
 13.56462      40
 13.59684      40
 13.62906      40
 13.66128      39
 13.66128      39
 13.6935       39
 13.72572      38
 13.75794      38
 13.79016      38
 13.82238      37
 13.8546       37
 13.88682      36
 13.88682      36
 13.91904      35
 13.95126      35
 13.98348      35
 14.0157       34
 14.04792      34
 14.08014      33
 14.11236      33
 14.11236      32
 14.14458      32
 14.1768       31
 14.20902      31
 14.24124      30
 14.27346      29
 14.30568      29
 14.3379       28
 14.3379       28
 14.37012      27
 14.40234      27
 14.43456      26
 14.46678      26
 14.499        25
 14.53122      25
 14.53122      24
 14.56344      24
 14.59566      23
 14.62788      23
 14.6601       22
 14.69232      22
 14.72454      21
 14.75676      21
 14.75676      20
 14.78898      20
 14.8212       19
 14.85342      19
 14.88564      18
 14.91786      18
 14.95008      17
 14.9823       17
 14.9823       16
 15.01452      16
 15.04674      16
 15.07896      15
 15.11118      15
 15.1434       14
 15.17562      14
 15.20784      13
 15.20784      13
 15.24006      13
 15.27228      12
 15.3045       12
 15.33672      12
 15.36894      11
 15.40116      11
 15.40116      11
 15.43338      10
 15.4656       10
 15.49782      10
 15.53004      9
 15.56226      9
 15.59448      9
 15.59448      9
 15.6267       9
 15.65892      8
 15.69114      8
 15.72336      8
 15.75558      8
 15.7878       7
 15.82002      7
 15.82002      7
 15.85224      6
 15.88446      6
 15.91668      6
 15.9489       6
 15.98112      6
 16.01334      6
 16.01334      6
 16.04556      6
 16.07778      6
 16.11         6
 16.14222      6
 16.17444      6
 16.20666      6
 16.23888      6
 16.2711       6
 16.30332      6
 16.33554      6
 16.36776      6
 16.39998      7
 16.4322       7
 16.4322       7
 16.46442      8
 16.49664      8
 16.52886      9
 16.56108      9
 16.5933       10
 16.62552      11
 16.62552      11
 16.65774      12
 16.68996      13
 16.72218      14
 16.7544       14
 16.78662      15
 16.78662      16
 16.81884      17
 16.85106      18
 16.88328      19
 16.9155       21
 16.94772      23
 16.97994      24
 16.97994      25
 17.01216      26
 17.04438      27
 17.0766       28
 17.10882      29
 17.14104      30
 17.17326      31
 17.20548      32
 17.20548      33
 17.2377       35
 17.26992      36
 17.30214      37
 17.33436      38
 17.36658      39
 17.36658      40
 17.3988       41
 17.43102      42
 17.46324      44
 17.49546      44
 17.52768      45
 17.5599       47
 17.5599       48
 17.59212      49
 17.62434      50
 17.65656      51
 17.68878      52
 17.721        53
 17.75322      54
 17.75322      55
 17.78544      56
 17.81766      57
 17.84988      58
 17.8821       59
 17.91432      60
 17.91432      61
 17.94654      62
 17.97876      63
 18.01098      64
 18.0432       65
 18.07542      65
 18.10764      66
 18.10764      67
 18.13986      67
 18.17208      68
 18.2043       68
 18.23652      69
 18.26874      69
 18.30096      70
 18.30096      70
 18.33318      71
 18.3654       71
 18.39762      72
 18.42984      72
 18.46206      72
 18.46206      72
 18.49428      73
 18.5265       73
 18.55872      73
 18.59094      73
 18.62316      73
 18.65538      73
 18.65538      73
 18.6876       73
 18.71982      73
 18.75204      73
 18.78426      73
 18.81648      73
 18.81648      73
 18.8487       73
 18.88092      73
 18.91314      73
 18.94536      73
 18.97758      72
 18.97758      72
 19.0098       72
 19.04202      72
 19.07424      71
 19.10646      71
 19.13868      71
 19.1709       70
 19.1709       70
 19.20312      70
 19.23534      69
 19.26756      69
 19.29978      68
 19.332        68
 19.36422      68
 19.36422      67
 19.39644      67
 19.42866      66
 19.46088      66
 19.52532      65
 19.52532      65
 19.55754      64
 19.58976      64
 19.62198      63
 19.6542       62
 19.68642      62
 19.68642      61
 19.71864      60
 19.75086      60
 19.78308      59
 19.8153       59
 19.84752      58
 19.84752      57
 19.87974      57
 19.91196      56
 19.94418      55
 19.9764       55
 20.00862      54
 20.00862      54
 20.04084      53
 20.07306      52
 20.10528      52
 20.1375       51
 20.16972      50
 20.20194      50
 20.20194      49
 20.23416      48
 20.26638      48
 20.2986       47
 20.33082      47
 20.36304      46
 20.36304      45
 20.39526      45
 20.42748      44
 20.4597       43
 20.49192      43
 20.52414      42
 20.52414      41
 20.55636      41
 20.58858      40
 20.6208       39
 20.65302      39
 20.68524      38
 20.68524      38
 20.71746      37
 20.74968      37
 20.7819       36
 20.81412      36
 20.84634      35
 20.84634      35
 20.87856      34
 20.91078      34
 20.943        33
 20.97522      33
 20.97522      32
 21.00744      32
 21.03966      31
 21.07188      31
 21.1041       31
 21.13632      30
 21.13632      30
 21.16854      30
 21.20076      30
 21.23298      30
 21.2652       30
 21.29742      29
 21.29742      29
 21.32964      29
 21.36186      29
 21.39408      29
 21.4263       29
 21.45852      29
 21.45852      29
 21.49074      30
 21.52296      30
 21.55518      30
 21.5874       30
 21.61962      31
 21.61962      31
 21.65184      31
 21.68406      32
 21.71628      32
 21.7485       33
 21.78072      34
 21.78072      34
 21.81294      35
 21.84516      36
 21.87738      36
 21.9096       37
 21.94182      38
 21.94182      39
 21.97404      40
 22.00626      41
 22.03848      42
 22.0707       43
 22.0707       43
 22.10292      44
 22.13514      45
 22.16736      46
 22.19958      47
 22.2318       48
 22.2318       49
 22.26402      50
 22.29624      51
 22.32846      52
 22.36068      54
 22.3929       54
 22.3929       56
 22.42512      57
 22.45734      58
 22.48956      59
 22.52178      60
 22.52178      61
 22.554        62
 22.58622      63
 22.61844      64
 22.65066      65
 22.68288      66
 22.68288      67
 22.7151       68
 22.77954      69
 22.81176      70
 22.84398      71
 22.84398      72
 22.8762       73
 22.90842      74
 22.94064      74
 22.94064      75
 22.97286      76
 23.00508      77
 23.0373       78
 23.06952      79
 23.10174      80
 23.10174      80
 23.13396      81
 23.16618      82
 23.1984       83
 23.23062      83
 23.26284      84
 23.26284      85
 23.29506      86
 23.32728      86
 23.3595       87
 23.39172      87
 23.39172      88
 23.42394      89
 23.45616      89
 23.48838      90
 23.5206       90
 23.55282      91
 23.55282      91
 23.58504      92
 23.61726      92
 23.64948      93
 23.6817       93
 23.6817       94
 23.71392      94
 23.74614      94
 23.77836      95
 23.81058      95
 23.81058      95
 23.8428       96
 23.87502      96
 23.90724      96
 23.93946      96
 23.93946      97
 23.97168      97
 24.0039       97
 24.03612      97
 24.06834      97
 24.10056      98
 24.10056      98
 24.13278      98
 24.165        98
 24.19722      98
 24.19722      98
 24.22944      98
 24.26166      98
 24.29388      98
 24.3261       98
 24.35832      98
 24.35832      98
 24.39054      98
 24.42276      98
 24.45498      98
 24.4872       98
 24.4872       98
 24.51942      98
 24.55164      98
 24.58386      97
 24.61608      97
 24.61608      97
 24.6483       97
 24.68052      97
 24.71274      97
 24.74496      97
 24.74496      96
 24.77718      96
 24.8094       96
 24.84162      96
 24.87384      96
 24.87384      95
 24.90606      95
 24.93828      95
 24.9705       95
 25.00272      94
 25.00272      94
 25.03494      94
 25.06716      94
 25.09938      94
 25.1316       93
 25.1316       93
 25.16382      93
 25.19604      92
 25.22826      92
 25.26048      92
 25.26048      91
 25.2927       91
 25.32492      91
 25.35714      90
 25.38936      90
 25.38936      89
 25.42158      89
 25.4538       89
 25.48602      88
 25.51824      88
 25.51824      88
 25.55046      88
 25.58268      87
 25.6149       87
 25.64712      86
 25.64712      86
 25.67934      85
 25.71156      85
 25.74378      85
 25.776        84
 25.776        84
 25.80822      83
 25.84044      83
 25.87266      82
 25.90488      82
 25.90488      81
 25.9371       81
 25.96932      80
 26.03376      80
 26.03376      79
 26.06598      79
 26.0982       79
 26.13042      78
 26.16264      78
 26.16264      77
 26.19486      77
 26.22708      77
 26.2593       77
 26.29152      76
 26.29152      76
 26.32374      76
 26.35596      75
 26.38818      75
 26.38818      75
 26.4204       75
 26.45262      74
 26.48484      74
 26.51706      74
 26.51706      74
 26.54928      73
 26.5815       73
 26.61372      73
 26.64594      73
 26.64594      73
 26.67816      73
 26.71038      73
 26.7426       73
 26.7426       73
 26.77482      73
 26.80704      73
 26.83926      73
 26.87148      73
 26.87148      73
 26.9037       74
 26.93592      74
 26.96814      74
 27.00036      74
 27.00036      75
 27.03258      75
 27.0648       75
 27.09702      76
 27.09702      76
 27.12924      76
 27.16146      77
 27.19368      77
 27.2259       78
 27.2259       78
 27.25812      79
 27.29034      79
 27.32256      80
 27.32256      80
 27.35478      81
 27.387        81
 27.41922      82
 27.45144      82
 27.45144      60
 27.48366      28
 27.51588      0
 27.5481       0
 27.5481       0
 27.58032      0
 27.61254      0
 27.64476      0
 27.64476      0
 27.67698      0
 27.7092       0
 27.74142      0
 27.77364      0
 27.77364      0
 27.80586      0
 27.83808      0
 27.8703       0
 27.8703       0
 27.90252      0
 27.93474      0
 27.96696      0
 27.99918      0
 27.99918      0
 28.0314       0
 28.06362      0
 28.09584      0
 28.09584      0
 28.12806      0
 28.16028      0
 28.1925       0
 28.22472      0
 28.22472      0
 28.25694      0
 28.28916      0
 28.32138      0
 28.32138      0
 28.3536       0
