 0             0
 0             0
 0             0
 0             0
 0             0
 0             0
 0             0
 0             0
 0             0
 0             0
 3.222e-002    0
 6.444e-002    0
 6.444e-002    0
 9.666e-002    0
 0.12888       0
 0.1611        0
 0.19332       0
 0.19332       0
 0.22554       0
 0.25776       0
 0.28998       0
 0.3222        0
 0.3222        0
 0.35442       0
 0.38664       0
 0.41886       0
 0.45108       0
 0.4833        0
 0.4833        0
 0.51552       0
 0.54774       0
 0.57996       0
 0.61218       0
 0.6444        0
 0.67662       0
 0.70884       0
 0.70884       0
 0.74106       0
 0.77328       0
 0.8055        0
 0.83772       0
 0.86994       0
 0.90216       0
 0.90216       0
 0.9666        0
 0.9666        0
 0.99882       0
 1.03104       0
 1.06326       0
 1.09548       0
 1.1277        0
 1.1277        0
 1.19214       0
 1.19214       0
 1.22436       0
 1.25658       0
 1.2888        0
 1.32102       0
 1.35324       0
 1.38546       0
 1.38546       0
 1.41768       0
 1.4499        0
 1.48212       0
 1.51434       0
 1.54656       0
 1.57878       0
 1.611         0
 1.611         0
 1.67544       0
 1.67544       0
 1.70766       0
 1.73988       0
 1.7721        0
 1.80432       0
 1.83654       0
 1.86876       0
 1.90098       0
 1.9332        0
 1.9332        0
 1.99764       0
 1.99764       0
 2.02986       0
 2.06208       0
 2.0943        0
 2.12652       0
 2.15874       0
 2.19096       0
 2.22318       0
 2.2554        0
 2.2554        0
 2.28762       1
 2.31984       1
 2.35206       1
 2.38428       1
 2.4165        2
 2.44872       2
 2.48094       2
 2.51316       3
 2.54538       3
 2.5776        3
 2.60982       3
 2.60982       4
 2.64204       4
 2.67426       4
 2.70648       5
 2.7387        5
 2.77092       6
 2.80314       6
 2.83536       7
 2.86758       7
 2.8998        8
 2.93202       8
 2.96424       9
 2.99646       10
 2.99646       10
 3.02868       11
 3.0609        12
 3.09312       13
 3.12534       14
 3.15756       14
 3.18978       15
 3.25422       16
 3.28644       17
 3.31866       19
 3.35088       20
 3.35088       21
 3.3831        22
 3.41532       24
 3.44754       25
 3.47976       27
 3.51198       28
 3.5442        30
 3.57642       31
 3.60864       33
 3.64086       35
 3.67308       36
 3.7053        38
 3.7053        40
 3.73752       42
 3.76974       44
 3.80196       46
 3.83418       48
 3.8664        50
 3.89862       53
 3.93084       55
 3.96306       57
 3.99528       60
 4.0275        62
 4.05972       65
 4.09194       67
 4.09194       70
 4.12416       72
 4.15638       75
 4.1886        78
 4.22082       81
 4.25304       83
 4.28526       86
 4.31748       89
 4.3497        92
 4.38192       95
 4.41414       98
 4.44636       102
 4.44636       105
 4.47858       108
 4.5108        112
 4.54302       115
 4.57524       118
 4.60746       121
 4.63968       125
 4.6719        128
 4.70412       131
 4.73634       135
 4.76856       138
 4.80078       142
 4.80078       145
 4.833         149
 4.86522       152
 4.89744       155
 4.92966       159
 4.96188       162
 4.9941        165
 5.02632       169
 5.05854       173
 5.09076       177
 5.12298       180
 5.1552        185
 5.18742       189
 5.18742       192
 5.21964       197
 5.25186       201
 5.28408       205
 5.3163        209
 5.34852       214
 5.38074       218
 5.41296       222
 5.44518       226
 5.4774        230
 5.50962       234
 5.54184       238
 5.54184       242
 5.57406       247
 5.60628       251
 5.6385        255
 5.67072       259
 5.70294       264
 5.73516       268
 5.76738       272
 5.7996        276
 5.83182       281
 5.86404       285
 5.86404       290
 5.89626       294
 5.92848       298
 5.9607        303
 5.99292       308
 6.02514       312
 6.05736       317
 6.08958       321
 6.1218        326
 6.15402       330
 6.18624       335
 6.21846       339
 6.21846       343
 6.25068       346
 6.2829        351
 6.31512       355
 6.34734       360
 6.37956       364
 6.41178       369
 6.444         374
 6.50844       378
 6.54066       383
 6.54066       387
 6.57288       392
 6.6051        396
 6.63732       401
 6.66954       406
 6.70176       411
 6.73398       415
 6.7662        420
 6.79842       424
 6.83064       429
 6.86286       433
 6.89508       437
 6.89508       441
 6.9273        446
 6.95952       450
 6.99174       453
 7.02396       457
 7.05618       461
 7.0884        464
 7.12062       468
 7.15284       471
 7.18506       474
 7.21728       477
 7.21728       480
 7.2495        482
 7.28172       485
 7.31394       487
 7.34616       489
 7.37838       491
 7.4106        492
 7.44282       494
 7.47504       495
 7.50726       496
 7.53948       497
 7.53948       497
 7.5717        498
 7.60392       498
 7.63614       498
 7.66836       498
 7.70058       498
 7.7328        497
 7.76502       496
 7.79724       495
 7.82946       494
 7.82946       492
 7.86168       490
 7.8939        488
 7.92612       486
 7.95834       483
 7.99056       480
 8.02278       477
 8.055         474
 8.08722       471
 8.11944       467
 8.11944       463
 8.15166       459
 8.18388       455
 8.2161        450
 8.24832       445
 8.28054       440
 8.31276       435
 8.34498       430
 8.3772        424
 8.40942       418
 8.44164       412
 8.44164       406
 8.47386       399
 8.50608       392
 8.5383        385
 8.57052       378
 8.60274       371
 8.63496       363
 8.66718       355
 8.6994        347
 8.6994        340
 8.73162       331
 8.76384       319
 8.79606       310
 8.82828       303
 8.8605        296
 8.89272       291
 8.92494       287
 8.95716       282
 8.98938       279
 9.0216        276
 9.0216        273
 9.05382       270
 9.08604       268
 9.11826       267
 9.15048       265
 9.1827        264
 9.21492       263
 9.24714       263
 9.27936       263
 9.27936       263
 9.31158       263
 9.3438        263
 9.37602       264
 9.40824       265
 9.44046       266
 9.47268       267
 9.5049        269
 9.53712       270
 9.56934       272
 9.56934       274
 9.60156       275
 9.63378       278
 9.666         280
 9.69822       282
 9.76266       284
 9.79488       285
 9.8271        288
 9.8271        290
 9.85932       293
 9.89154       295
 9.92376       298
 9.95598       301
 9.9882        305
 10.02042      308
 10.05264      311
 10.08486      315
 10.11708      318
 10.11708      321
 10.1493       324
 10.18152      328
 10.21374      331
 10.24596      335
 10.27818      338
 10.3104       342
 10.34262      345
 10.37484      349
 10.37484      353
 10.40706      356
 10.43928      360
 10.4715       364
 10.50372      367
 10.53594      371
 10.56816      375
 10.60038      379
 10.60038      383
 10.6326       386
 10.66482      390
 10.69704      394
 10.72926      398
 10.76148      402
 10.7937       406
 10.82592      410
 10.85814      414
 10.85814      418
 10.89036      422
 10.92258      426
 10.9548       430
 10.98702      434
 11.01924      438
 11.05146      442
 11.08368      446
 11.1159       450
 11.14812      454
 11.14812      458
 11.18034      462
 11.21256      466
 11.24478      470
 11.277        475
 11.30922      479
 11.34144      483
 11.37366      487
 11.37366      491
 11.40588      495
 11.4381       499
 11.47032      503
 11.50254      508
 11.53476      512
 11.56698      516
 11.5992       520
 11.5992       524
 11.63142      528
 11.66364      532
 11.69586      537
 11.72808      540
 11.7603       544
 11.79252      548
 11.82474      552
 11.85696      556
 11.85696      560
 11.88918      563
 11.9214       567
 11.95362      571
 11.98584      574
 12.01806      578
 12.05028      581
 12.0825       584
 12.11472      588
 12.11472      591
 12.14694      594
 12.17916      597
 12.21138      600
 12.2436       603
 12.27582      607
 12.30804      609
 12.34026      612
 12.34026      615
 12.37248      617
 12.4047       620
 12.43692      622
 12.46914      624
 12.50136      627
 12.53358      629
 12.5658       631
 12.5658       633
 12.59802      634
 12.63024      636
 12.66246      638
 12.69468      639
 12.7269       640
 12.75912      642
 12.79134      643
 12.79134      644
 12.82356      645
 12.85578      645
 12.888        646
 12.92022      647
 12.95244      647
 13.01688      648
 13.01688      648
 13.0491       648
 13.08132      648
 13.11354      648
 13.14576      648
 13.17798      648
 13.2102       648
 13.24242      647
 13.27464      647
 13.27464      646
 13.30686      645
 13.33908      645
 13.3713       644
 13.40352      643
 13.43574      641
 13.46796      640
 13.46796      639
 13.50018      637
 13.5324       635
 13.56462      633
 13.59684      631
 13.62906      629
 13.66128      627
 13.6935       625
 13.6935       623
 13.72572      620
 13.75794      618
 13.79016      615
 13.82238      612
 13.8546       610
 13.88682      607
 13.91904      603
 13.91904      599
 13.95126      596
 13.98348      593
 14.0157       589
 14.04792      586
 14.08014      582
 14.11236      578
 14.14458      574
 14.14458      570
 14.1768       566
 14.20902      561
 14.24124      557
 14.27346      552
 14.30568      547
 14.3379       542
 14.3379       537
 14.37012      532
 14.40234      526
 14.43456      521
 14.46678      515
 14.499        510
 14.53122      503
 14.53122      497
 14.56344      492
 14.59566      486
 14.62788      480
 14.6601       475
 14.69232      470
 14.72454      466
 14.72454      462
 14.75676      458
 14.78898      455
 14.8212       452
 14.85342      450
 14.88564      448
 14.91786      446
 14.95008      444
 14.95008      443
 14.9823       443
 15.01452      442
 15.04674      442
 15.07896      442
 15.11118      442
 15.11118      442
 15.1434       443
 15.17562      444
 15.20784      445
 15.24006      446
 15.27228      447
 15.3045       449
 15.33672      450
 15.33672      452
 15.36894      454
 15.40116      455
 15.43338      457
 15.4656       460
 15.49782      462
 15.53004      464
 15.53004      467
 15.56226      469
 15.59448      472
 15.6267       474
 15.65892      477
 15.69114      480
 15.72336      482
 15.72336      485
 15.75558      488
 15.7878       491
 15.82002      494
 15.85224      497
 15.88446      500
 15.91668      503
 15.9489       507
 15.9489       510
 15.98112      513
 16.01334      516
 16.04556      519
 16.07778      523
 16.11         526
 16.11         529
 16.14222      532
 16.17444      536
 16.20666      539
 16.2711       542
 16.30332      546
 16.30332      549
 16.33554      553
 16.36776      556
 16.39998      559
 16.4322       563
 16.46442      566
 16.49664      570
 16.52886      573
 16.52886      576
 16.56108      580
 16.5933       583
 16.62552      586
 16.65774      590
 16.68996      593
 16.68996      626
 16.72218      637
 16.7544       661
 16.78662      666
 16.81884      664
 16.85106      660
 16.85106      657
 16.88328      655
 16.9155       654
 16.94772      653
 16.97994      653
 17.01216      652
 17.04438      653
 17.0766       653
 17.0766       654
 17.10882      655
 17.14104      656
 17.17326      658
 17.20548      659
 17.2377       661
 17.2377       663
 17.26992      665
 17.30214      666
 17.33436      668
 17.36658      670
 17.3988       672
 17.43102      674
 17.43102      676
 17.46324      678
 17.49546      680
 17.52768      682
 17.5599       684
 17.59212      686
 17.59212      688
 17.62434      690
 17.65656      692
 17.68878      693
 17.721        695
 17.75322      697
 17.78544      699
 17.78544      700
 17.81766      702
 17.84988      703
 17.8821       705
 17.91432      707
 17.94654      709
 17.94654      710
 17.97876      711
 18.01098      713
 18.0432       714
 18.07542      715
 18.10764      716
 18.10764      717
 18.13986      718
 18.17208      719
 18.2043       720
 18.23652      721
 18.26874      722
 18.30096      723
 18.30096      724
 18.33318      724
 18.3654       725
 18.39762      726
 18.42984      726
 18.46206      727
 18.46206      727
 18.49428      728
 18.5265       728
 18.55872      728
 18.59094      729
 18.62316      729
 18.65538      729
 18.65538      729
 18.6876       729
 18.71982      729
 18.75204      730
 18.78426      730
 18.81648      730
 18.81648      730
 18.8487       730
 18.88092      729
 18.91314      729
 18.94536      729
 18.97758      729
 18.97758      729
 19.0098       728
 19.04202      728
 19.07424      728
 19.10646      728
 19.13868      727
 19.13868      727
 19.1709       726
 19.20312      726
 19.23534      725
 19.26756      725
 19.29978      724
 19.332        724
 19.332        723
 19.36422      723
 19.39644      722
 19.42866      721
 19.46088      721
 19.4931       720
 19.52532      719
 19.55754      718
 19.58976      717
 19.62198      717
 19.6542       715
 19.6542       715
 19.68642      714
 19.71864      712
 19.75086      711
 19.78308      710
 19.8153       709
 19.8153       708
 19.84752      706
 19.87974      704
 19.91196      703
 19.94418      701
 19.9764       700
 19.9764       698
 20.00862      697
 20.04084      695
 20.07306      693
 20.10528      691
 20.1375       690
 20.1375       688
 20.16972      686
 20.20194      684
 20.23416      682
 20.26638      680
 20.2986       678
 20.2986       676
 20.33082      674
 20.36304      672
 20.39526      670
 20.42748      668
 20.4597       666
 20.4597       664
 20.49192      662
 20.52414      660
 20.55636      658
 20.58858      656
 20.6208       654
 20.6208       653
 20.65302      651
 20.68524      650
 20.71746      648
 20.74968      647
 20.7819       646
 20.7819       645
 20.81412      644
 20.84634      643
 20.87856      643
 20.91078      642
 20.91078      642
 20.943        641
 20.97522      641
 21.00744      641
 21.03966      641
 21.07188      642
 21.07188      642
 21.1041       642
 21.13632      643
 21.16854      643
 21.20076      644
 21.20076      645
 21.23298      645
 21.2652       646
 21.29742      647
 21.32964      648
 21.36186      650
 21.36186      651
 21.39408      652
 21.4263       653
 21.45852      655
 21.49074      656
 21.52296      658
 21.52296      659
 21.55518      661
 21.5874       662
 21.61962      664
 21.65184      666
 21.65184      667
 21.68406      669
 21.71628      665
 21.7485       643
 21.78072      623
 21.81294      605
 21.81294      588
 21.84516      574
 21.87738      562
 21.9096       551
 21.94182      541
 21.94182      533
 21.97404      525
 22.00626      518
 22.03848      513
 22.0707       507
 22.0707       502
 22.10292      498
 22.13514      495
 22.16736      492
 22.19958      489
 22.2318       486
 22.2318       484
 22.26402      482
 22.29624      481
 22.32846      479
 22.36068      478
 22.36068      477
 22.3929       476
 22.42512      475
 22.45734      475
 22.48956      474
 22.52178      474
 22.52178      473
 22.554        473
 22.58622      473
 22.61844      473
 22.65066      473
 22.65066      473
 22.68288      473
 22.7151       473
 22.77954      473
 22.81176      473
 22.81176      473
 22.84398      473
 22.8762       473
 22.90842      473
 22.90842      473
 22.94064      473
 22.97286      473
 23.00508      473
 23.0373       473
 23.06952      473
 23.06952      472
 23.10174      472
 23.13396      472
 23.16618      471
 23.1984       471
 23.1984       470
 23.23062      470
 23.26284      469
 23.29506      469
 23.32728      468
 23.32728      468
 23.3595       467
 23.39172      466
 23.42394      466
 23.45616      465
 23.48838      464
 23.48838      464
 23.5206       463
 23.55282      463
 23.58504      462
 23.61726      461
 23.61726      461
 23.64948      460
 23.6817       460
 23.71392      459
 23.74614      459
 23.74614      458
 23.77836      458
 23.81058      457
 23.8428       457
 23.87502      456
 23.87502      456
 23.90724      456
 23.93946      455
 23.97168      455
 24.0039       455
 24.0039       455
 24.03612      455
 24.06834      454
 24.10056      454
 24.13278      454
 24.13278      454
 24.165        454
 24.19722      454
 24.22944      453
 24.26166      453
 24.26166      453
 24.29388      453
 24.3261       453
 24.35832      453
 24.39054      453
 24.39054      453
 24.42276      452
 24.45498      452
 24.4872       452
 24.51942      452
 24.51942      452
 24.55164      452
 24.58386      452
 24.61608      451
 24.6483       451
 24.6483       451
 24.68052      451
 24.71274      450
 24.74496      450
 24.77718      449
 24.77718      449
 24.8094       448
 24.84162      447
 24.87384      447
 24.90606      446
 24.90606      445
 24.93828      444
 24.9705       443
 25.00272      442
 25.00272      441
 25.03494      440
 25.06716      439
 25.09938      439
 25.1316       438
 25.1316       437
 25.16382      436
 25.19604      435
 25.22826      434
 25.26048      433
 25.26048      432
 25.2927       431
 25.32492      430
 25.35714      429
 25.38936      428
 25.38936      427
 25.42158      426
 25.4538       425
 25.48602      425
 25.51824      424
 25.51824      423
 25.55046      422
 25.58268      421
 25.6149       420
 25.64712      420
 25.64712      419
 25.67934      418
 25.71156      418
 25.74378      417
 25.74378      417
 25.776        416
 25.80822      416
 25.84044      415
 25.87266      415
 25.87266      414
 25.90488      414
 25.9371       414
 25.96932      414
 26.00154      413
 26.03376      413
 26.06598      413
 26.0982       413
 26.13042      413
 26.13042      413
 26.16264      414
 26.19486      414
 26.22708      414
 26.2593       414
 26.2593       415
 26.29152      415
 26.32374      415
 26.35596      416
 26.35596      416
 26.38818      416
 26.4204       417
 26.45262      417
 26.48484      418
 26.48484      418
 26.51706      418
 26.54928      418
 26.5815       419
 26.5815       419
 26.61372      419
 26.64594      419
 26.67816      419
 26.71038      418
 26.71038      418
 26.7426       417
 26.77482      417
 26.80704      416
 26.83926      416
 26.83926      415
 26.87148      414
 26.9037       413
 26.93592      413
 26.93592      412
 26.96814      411
 27.00036      410
 27.03258      409
 27.0648       408
 27.0648       408
 27.09702      407
 27.12924      406
 27.16146      405
 27.16146      405
 27.19368      404
 27.2259       403
 27.25812      402
 27.25812      402
 27.29034      401
 27.32256      401
 27.35478      400
 27.387        400
 27.387        400
 27.41922      400
 27.45144      399
 27.48366      399
 27.48366      399
 27.51588      399
 27.5481       399
 27.58032      399
 27.61254      399
 27.61254      399
 27.64476      398
 27.67698      398
 27.7092       398
 27.7092       398
 27.74142      398
 27.77364      398
 27.80586      398
 27.80586      398
 27.83808      398
 27.8703       398
 27.90252      398
 27.93474      398
 27.93474      398
 27.96696      398
 27.99918      397
 28.0314       397
 28.0314       397
 28.06362      397
 28.09584      397
 28.12806      397
 28.12806      397
 28.16028      397
 28.1925       397
