 0             0
 0             0
 0             0
 0             0
 0             0
 0             0
 0             0
 0             0
 0             0
 0             0
 3.222e-002    0
 3.222e-002    0
 6.444e-002    0
 9.666e-002    0
 9.666e-002    0
 0.12888       0
 0.1611        0
 0.19332       0
 0.22554       0
 0.22554       0
 0.25776       0
 0.28998       0
 0.3222        0
 0.35442       0
 0.38664       0
 0.38664       0
 0.41886       0
 0.45108       0
 0.4833        0
 0.51552       0
 0.54774       0
 0.57996       0
 0.61218       0
 0.61218       0
 0.6444        0
 0.67662       0
 0.70884       0
 0.74106       0
 0.77328       0
 0.8055        0
 0.83772       0
 0.86994       0
 0.86994       0
 0.90216       0
 0.93438       0
 0.9666        0
 0.99882       0
 1.03104       0
 1.06326       0
 1.09548       0
 1.09548       0
 1.1277        0
 1.15992       0
 1.19214       0
 1.22436       0
 1.25658       0
 1.2888        0
 1.32102       0
 1.35324       0
 1.35324       0
 1.41768       0
 1.41768       0
 1.4499        0
 1.48212       0
 1.51434       0
 1.54656       0
 1.57878       0
 1.611         0
 1.64322       0
 1.67544       0
 1.67544       0
 1.73988       0
 1.73988       0
 1.7721        0
 1.80432       0
 1.83654       0
 1.86876       0
 1.90098       0
 1.9332        0
 1.96542       0
 1.99764       0
 2.02986       0
 2.06208       0
 2.06208       0
 2.0943        0
 2.12652       0
 2.15874       0
 2.19096       0
 2.22318       0
 2.2554        0
 2.28762       0
 2.31984       0
 2.35206       0
 2.38428       0
 2.4165        0
 2.4165        0
 2.48094       0
 2.48094       0
 2.51316       0
 2.54538       0
 2.5776        0
 2.60982       0
 2.64204       0
 2.67426       0
 2.70648       0
 2.7387        0
 2.77092       0
 2.80314       0
 2.83536       0
 2.83536       0
 2.8998        0
 2.8998        0
 2.93202       0
 2.96424       0
 2.99646       0
 3.02868       0
 3.0609        0
 3.09312       0
 3.12534       0
 3.15756       0
 3.18978       0
 3.25422       0
 3.25422       0
 3.28644       0
 3.31866       0
 3.35088       0
 3.3831        0
 3.41532       1
 3.44754       1
 3.47976       1
 3.51198       1
 3.5442        1
 3.57642       2
 3.60864       2
 3.64086       2
 3.67308       2
 3.67308       3
 3.7053        3
 3.73752       3
 3.76974       3
 3.80196       4
 3.83418       4
 3.8664        4
 3.89862       5
 3.93084       5
 3.96306       5
 3.99528       6
 4.0275        6
 4.05972       6
 4.09194       7
 4.12416       7
 4.12416       8
 4.15638       8
 4.1886        8
 4.22082       9
 4.25304       9
 4.28526       10
 4.31748       10
 4.3497        11
 4.38192       11
 4.41414       12
 4.44636       12
 4.47858       13
 4.5108        13
 4.5108        14
 4.54302       15
 4.57524       15
 4.60746       16
 4.63968       16
 4.6719        17
 4.70412       18
 4.73634       18
 4.76856       19
 4.80078       20
 4.833         21
 4.86522       21
 4.89744       22
 4.92966       23
 4.92966       23
 4.96188       24
 4.9941        25
 5.02632       26
 5.05854       27
 5.09076       28
 5.12298       28
 5.1552        29
 5.18742       30
 5.21964       31
 5.25186       32
 5.28408       33
 5.28408       34
 5.3163        34
 5.34852       35
 5.38074       36
 5.41296       37
 5.44518       38
 5.4774        39
 5.50962       41
 5.54184       42
 5.57406       43
 5.60628       44
 5.6385        45
 5.67072       47
 5.70294       48
 5.70294       49
 5.73516       50
 5.76738       52
 5.7996        53
 5.83182       54
 5.86404       56
 5.89626       57
 5.92848       59
 5.9607        60
 5.99292       62
 6.02514       63
 6.05736       65
 6.08958       66
 6.08958       67
 6.1218        69
 6.15402       70
 6.18624       72
 6.21846       73
 6.25068       75
 6.2829        76
 6.31512       78
 6.34734       79
 6.37956       81
 6.41178       82
 6.444         84
 6.444         85
 6.50844       87
 6.54066       88
 6.57288       90
 6.6051        91
 6.63732       93
 6.66954       94
 6.70176       95
 6.73398       96
 6.7662        98
 6.79842       99
 6.79842       100
 6.83064       101
 6.86286       102
 6.89508       103
 6.9273        103
 6.95952       103
 6.99174       104
 7.02396       104
 7.05618       103
 7.0884        103
 7.12062       102
 7.15284       102
 7.15284       101
 7.18506       99
 7.21728       98
 7.2495        97
 7.28172       95
 7.31394       94
 7.34616       92
 7.37838       91
 7.4106        89
 7.44282       87
 7.47504       85
 7.47504       84
 7.50726       82
 7.53948       80
 7.5717        78
 7.60392       76
 7.63614       74
 7.66836       73
 7.70058       71
 7.7328        69
 7.76502       67
 7.79724       65
 7.82946       64
 7.82946       62
 7.86168       60
 7.8939        59
 7.92612       57
 7.95834       56
 7.99056       55
 8.02278       53
 8.055         52
 8.08722       51
 8.11944       50
 8.15166       49
 8.18388       48
 8.18388       47
 8.2161        46
 8.24832       45
 8.28054       44
 8.31276       44
 8.34498       43
 8.3772        43
 8.40942       42
 8.44164       42
 8.47386       41
 8.50608       41
 8.50608       41
 8.5383        41
 8.57052       41
 8.60274       41
 8.63496       41
 8.66718       41
 8.6994        41
 8.73162       41
 8.76384       41
 8.79606       42
 8.79606       42
 8.82828       42
 8.8605        43
 8.89272       43
 8.92494       44
 8.95716       44
 8.98938       45
 9.0216        45
 9.05382       46
 9.08604       47
 9.11826       48
 9.11826       49
 9.15048       49
 9.1827        50
 9.21492       51
 9.24714       52
 9.27936       53
 9.31158       54
 9.3438        55
 9.37602       56
 9.40824       58
 9.40824       59
 9.44046       61
 9.47268       62
 9.5049        63
 9.53712       64
 9.56934       65
 9.60156       67
 9.63378       68
 9.666         69
 9.69822       71
 9.73044       72
 9.76266       73
 9.79488       75
 9.8271        76
 9.85932       78
 9.89154       79
 9.92376       81
 9.95598       82
 9.9882        84
 10.02042      85
 10.02042      87
 10.05264      88
 10.08486      90
 10.11708      92
 10.1493       93
 10.18152      95
 10.21374      97
 10.24596      98
 10.27818      101
 10.27818      103
 10.3104       104
 10.34262      106
 10.37484      108
 10.40706      110
 10.43928      112
 10.4715       114
 10.50372      115
 10.53594      117
 10.56816      119
 10.56816      121
 10.60038      123
 10.6326       125
 10.66482      127
 10.69704      129
 10.72926      131
 10.76148      133
 10.7937       135
 10.82592      137
 10.82592      139
 10.85814      142
 10.89036      144
 10.92258      146
 10.9548       148
 10.98702      150
 11.01924      152
 11.05146      154
 11.08368      157
 11.08368      159
 11.1159       161
 11.14812      163
 11.18034      165
 11.21256      167
 11.24478      170
 11.277        172
 11.30922      174
 11.34144      176
 11.37366      178
 11.37366      181
 11.40588      183
 11.4381       185
 11.47032      187
 11.50254      189
 11.53476      190
 11.56698      192
 11.5992       194
 11.63142      196
 11.63142      197
 11.66364      199
 11.69586      200
 11.72808      202
 11.7603       203
 11.79252      204
 11.82474      205
 11.85696      205
 11.88918      206
 11.88918      206
 11.9214       206
 11.95362      206
 11.98584      206
 12.01806      205
 12.05028      204
 12.0825       204
 12.11472      203
 12.14694      201
 12.14694      199
 12.17916      198
 12.21138      196
 12.2436       195
 12.27582      193
 12.30804      191
 12.34026      188
 12.37248      186
 12.4047       183
 12.4047       181
 12.43692      178
 12.46914      175
 12.50136      171
 12.53358      168
 12.5658       165
 12.59802      161
 12.63024      158
 12.63024      154
 12.66246      150
 12.69468      147
 12.7269       143
 12.75912      139
 12.79134      136
 12.82356      132
 12.85578      129
 12.888        126
 12.888        122
 12.92022      119
 12.95244      116
 13.01688      113
 13.0491       111
 13.08132      108
 13.11354      106
 13.11354      103
 13.14576      101
 13.17798      98
 13.2102       97
 13.24242      95
 13.27464      93
 13.30686      92
 13.33908      90
 13.3713       89
 13.3713       88
 13.40352      87
 13.43574      86
 13.46796      86
 13.50018      85
 13.5324       85
 13.56462      84
 13.59684      84
 13.59684      83
 13.62906      83
 13.66128      83
 13.6935       83
 13.72572      83
 13.75794      83
 13.79016      83
 13.82238      84
 13.82238      84
 13.8546       84
 13.88682      85
 13.91904      85
 13.95126      86
 13.98348      86
 14.0157       87
 14.04792      87
 14.04792      88
 14.08014      89
 14.11236      90
 14.14458      91
 14.1768       92
 14.20902      93
 14.24124      94
 14.27346      95
 14.27346      96
 14.30568      97
 14.3379       98
 14.37012      100
 14.40234      102
 14.43456      103
 14.46678      104
 14.499        106
 14.53122      107
 14.53122      109
 14.56344      110
 14.59566      111
 14.62788      113
 14.6601       115
 14.69232      116
 14.69232      118
 14.72454      119
 14.75676      121
 14.78898      123
 14.8212       125
 14.85342      126
 14.88564      128
 14.91786      130
 14.91786      132
 14.95008      134
 14.9823       136
 15.01452      138
 15.04674      140
 15.07896      141
 15.11118      143
 15.1434       145
 15.1434       147
 15.17562      149
 15.20784      151
 15.24006      153
 15.27228      156
 15.3045       158
 15.33672      160
 15.36894      162
 15.36894      164
 15.40116      166
 15.43338      168
 15.4656       170
 15.49782      173
 15.53004      175
 15.56226      177
 15.56226      179
 15.59448      182
 15.6267       184
 15.65892      186
 15.69114      188
 15.72336      191
 15.75558      193
 15.7878       195
 15.7878       198
 15.82002      200
 15.85224      203
 15.88446      206
 15.91668      208
 15.9489       210
 15.98112      213
 15.98112      215
 16.01334      218
 16.04556      220
 16.07778      222
 16.11         225
 16.14222      227
 16.17444      229
 16.17444      232
 16.20666      234
 16.2711       237
 16.30332      239
 16.33554      241
 16.36776      243
 16.39998      246
 16.39998      248
 16.4322       250
 16.46442      252
 16.49664      254
 16.52886      256
 16.56108      258
 16.5933       260
 16.5933       261
 16.62552      263
 16.65774      265
 16.68996      266
 16.72218      267
 16.7544       269
 16.78662      270
 16.78662      271
 16.81884      272
 16.85106      273
 16.88328      274
 16.9155       275
 16.94772      275
 16.97994      276
 16.97994      276
 17.01216      276
 17.04438      277
 17.0766       277
 17.10882      277
 17.14104      276
 17.17326      276
 17.17326      276
 17.20548      275
 17.2377       275
 17.26992      274
 17.30214      273
 17.33436      272
 17.36658      270
 17.36658      269
 17.3988       268
 17.43102      266
 17.46324      264
 17.49546      262
 17.52768      260
 17.5599       258
 17.5599       255
 17.59212      253
 17.62434      250
 17.65656      248
 17.68878      245
 17.721        242
 17.75322      239
 17.75322      236
 17.78544      233
 17.81766      230
 17.84988      226
 17.8821       223
 17.91432      220
 17.91432      216
 17.94654      213
 17.97876      209
 18.01098      206
 18.0432       202
 18.07542      198
 18.10764      195
 18.10764      192
 18.13986      189
 18.17208      186
 18.2043       185
 18.23652      183
 18.26874      181
 18.30096      178
 18.30096      176
 18.33318      173
 18.3654       170
 18.39762      168
 18.42984      166
 18.46206      163
 18.46206      161
 18.49428      159
 18.5265       157
 18.55872      156
 18.59094      154
 18.62316      153
 18.65538      152
 18.65538      151
 18.6876       150
 18.71982      149
 18.75204      148
 18.78426      147
 18.81648      147
 18.8487       146
 18.8487       146
 18.88092      146
 18.91314      145
 18.94536      145
 18.97758      145
 19.0098       144
 19.0098       144
 19.04202      144
 19.07424      145
 19.10646      145
 19.13868      145
 19.1709       146
 19.20312      146
 19.20312      146
 19.23534      147
 19.26756      148
 19.29978      148
 19.332        149
 19.36422      151
 19.36422      151
 19.39644      150
 19.42866      149
 19.46088      149
 19.52532      148
 19.55754      148
 19.55754      149
 19.58976      150
 19.62198      150
 19.6542       152
 19.68642      153
 19.71864      154
 19.71864      155
 19.75086      157
 19.78308      158
 19.8153       160
 19.84752      161
 19.87974      163
 19.87974      165
 19.91196      166
 19.94418      168
 19.9764       170
 20.00862      172
 20.04084      173
 20.07306      175
 20.07306      177
 20.10528      179
 20.1375       181
 20.16972      183
 20.20194      185
 20.20194      187
 20.23416      188
 20.26638      190
 20.2986       192
 20.33082      194
 20.36304      196
 20.39526      198
 20.39526      201
 20.42748      203
 20.4597       205
 20.49192      208
 20.52414      210
 20.55636      212
 20.55636      214
 20.58858      216
 20.6208       218
 20.65302      220
 20.68524      222
 20.71746      225
 20.71746      227
 20.74968      229
 20.7819       231
 20.81412      233
 20.84634      236
 20.84634      238
 20.87856      240
 20.91078      242
 20.943        245
 20.97522      247
 21.00744      249
 21.03966      251
 21.03966      253
 21.07188      256
 21.1041       258
 21.13632      260
 21.16854      262
 21.20076      265
 21.20076      267
 21.23298      269
 21.2652       271
 21.29742      273
 21.32964      275
 21.36186      277
 21.36186      279
 21.39408      281
 21.4263       283
 21.45852      285
 21.49074      287
 21.49074      289
 21.52296      291
 21.55518      292
 21.5874       294
 21.61962      296
 21.65184      297
 21.65184      299
 21.68406      301
 21.71628      303
 21.7485       304
 21.78072      306
 21.81294      307
 21.81294      308
 21.84516      310
 21.87738      311
 21.9096       312
 21.94182      313
 21.97404      314
 21.97404      315
 22.00626      316
 22.03848      316
 22.0707       317
 22.10292      318
 22.10292      318
 22.13514      319
 22.16736      319
 22.19958      319
 22.2318       320
 22.26402      320
 22.26402      320
 22.29624      320
 22.32846      320
 22.36068      319
 22.3929       319
 22.42512      319
 22.42512      319
 22.45734      318
 22.48956      318
 22.52178      317
 22.554        316
 22.58622      316
 22.58622      315
 22.61844      314
 22.65066      313
 22.68288      312
 22.7151       311
 22.7151       310
 22.77954      309
 22.81176      308
 22.84398      306
 22.8762       305
 22.8762       304
 22.90842      301
 22.94064      300
 22.97286      298
 23.00508      297
 23.00508      295
 23.0373       293
 23.06952      292
 23.10174      290
 23.13396      288
 23.16618      287
 23.16618      285
 23.1984       283
 23.23062      282
 23.26284      280
 23.29506      278
 23.29506      276
 23.32728      275
 23.3595       273
 23.39172      271
 23.42394      269
 23.42394      267
 23.45616      265
 23.48838      264
 23.5206       262
 23.55282      260
 23.58504      259
 23.58504      257
 23.61726      256
 23.64948      254
 23.6817       253
 23.71392      251
 23.71392      250
 23.74614      249
 23.77836      248
 23.81058      246
 23.8428       245
 23.8428       244
 23.87502      243
 23.90724      242
 23.93946      241
 23.97168      240
 24.0039       239
 24.0039       239
 24.03612      238
 24.06834      237
 24.10056      236
 24.13278      236
 24.13278      235
 24.165        234
 24.19722      234
 24.22944      233
 24.26166      233
 24.29388      232
 24.29388      232
 24.3261       232
 24.35832      232
 24.39054      232
 24.42276      231
 24.42276      231
 24.45498      231
 24.4872       231
 24.51942      231
 24.55164      231
 24.55164      231
 24.58386      231
 24.61608      231
 24.6483       232
 24.68052      232
 24.68052      232
 24.71274      232
 24.74496      233
 24.77718      233
 24.8094       234
 24.8094       234
 24.84162      235
 24.87384      235
 24.90606      236
 24.93828      237
 24.93828      238
 24.9705       239
 25.00272      239
 25.03494      241
 25.06716      241
 25.06716      242
 25.09938      243
 25.1316       244
 25.16382      245
 25.19604      246
 25.19604      247
 25.22826      248
 25.26048      250
 25.2927       251
 25.32492      252
 25.32492      253
 25.35714      255
 25.38936      256
 25.42158      257
 25.4538       259
 25.4538       260
 25.48602      262
 25.51824      263
 25.55046      264
 25.58268      266
 25.58268      267
 25.6149       269
 25.64712      271
 25.67934      272
 25.71156      274
 25.71156      275
 25.74378      277
 25.776        279
 25.80822      280
 25.84044      282
 25.84044      284
 25.87266      285
 25.90488      287
 25.9371       289
 25.96932      290
 25.96932      292
 26.03376      294
 26.06598      296
 26.0982       297
 26.0982       299
 26.13042      301
 26.16264      303
 26.19486      305
 26.22708      307
 26.22708      308
 26.2593       310
 26.29152      312
 26.32374      313
 26.32374      315
 26.35596      317
 26.38818      318
 26.4204       320
 26.45262      321
 26.45262      323
 26.48484      325
 26.51706      326
 26.54928      328
 26.5815       329
 26.5815       331
 26.61372      332
 26.64594      334
 26.67816      335
 26.71038      337
 26.71038      338
 26.7426       339
 26.77482      341
 26.80704      342
 26.83926      343
 26.83926      345
 26.87148      346
 26.9037       347
 26.93592      348
 26.96814      349
 26.96814      350
 27.00036      352
 27.03258      353
 27.0648       354
 27.0648       355
 27.09702      356
 27.12924      356
 27.16146      357
 27.19368      358
 27.19368      359
 27.2259       360
 27.25812      360
 27.29034      361
 27.29034      362
 27.32256      362
 27.35478      363
 27.387        364
 27.41922      364
 27.41922      365
 27.45144      365
 27.48366      366
 27.51588      366
 27.5481       367
 27.5481       367
 27.58032      367
 27.61254      367
 27.64476      368
 27.64476      368
 27.67698      368
 27.7092       368
 27.74142      368
 27.74142      368
 27.77364      368
 27.80586      368
 27.83808      368
 27.8703       368
 27.8703       368
 27.90252      368
 27.93474      368
 27.96696      368
 27.96696      368
 27.99918      368
 28.0314       368
 28.06362      368
 28.09584      367
 28.09584      367
 28.12806      367
 28.16028      367
 28.1925       367
 28.1925       366
 28.22472      366
 28.25694      366
 28.28916      365
 28.32138      365
 28.32138      365
 28.3536       364
 28.38582      364
 28.41804      363
