 0             0
 0             0
 0             0
 0             0
 0             0
 0             0
 0             0
 0             0
 0             0
 3.222e-002    0
 3.222e-002    0
 6.444e-002    0
 6.444e-002    0
 9.666e-002    0
 0.12888       0
 0.1611        0
 0.19332       0
 0.22554       0
 0.22554       0
 0.25776       0
 0.28998       0
 0.3222        0
 0.35442       0
 0.35442       0
 0.38664       0
 0.41886       0
 0.45108       0
 0.4833        0
 0.51552       0
 0.51552       0
 0.54774       0
 0.57996       0
 0.61218       0
 0.6444        0
 0.67662       0
 0.70884       0
 0.74106       0
 0.74106       0
 0.77328       0
 0.8055        0
 0.83772       0
 0.86994       0
 0.90216       0
 0.93438       0
 0.9666        0
 0.99882       0
 0.99882       0
 1.03104       0
 1.06326       0
 1.09548       0
 1.1277        0
 1.15992       0
 1.19214       0
 1.22436       0
 1.22436       0
 1.25658       0
 1.2888        0
 1.32102       0
 1.35324       0
 1.38546       0
 1.41768       0
 1.4499        0
 1.48212       0
 1.48212       0
 1.51434       0
 1.54656       0
 1.57878       0
 1.611         0
 1.64322       0
 1.67544       0
 1.70766       0
 1.73988       0
 1.7721        0
 1.7721        0
 1.80432       0
 1.83654       0
 1.86876       0
 1.90098       0
 1.9332        0
 1.96542       0
 1.99764       0
 2.02986       0
 2.06208       0
 2.0943        0
 2.0943        0
 2.12652       0
 2.15874       0
 2.19096       0
 2.22318       0
 2.2554        0
 2.28762       0
 2.31984       0
 2.35206       0
 2.38428       0
 2.4165        0
 2.44872       0
 2.44872       0
 2.48094       0
 2.51316       0
 2.54538       0
 2.5776        0
 2.60982       0
 2.64204       0
 2.67426       0
 2.70648       0
 2.7387        0
 2.77092       0
 2.77092       0
 2.80314       0
 2.83536       0
 2.86758       0
 2.8998        0
 2.93202       0
 2.96424       0
 2.99646       0
 3.02868       0
 3.0609        0
 3.09312       0
 3.12534       0
 3.15756       0
 3.18978       0
 3.18978       0
 3.25422       0
 3.28644       0
 3.31866       0
 3.35088       0
 3.3831        0
 3.41532       0
 3.44754       0
 3.47976       0
 3.51198       0
 3.5442        0
 3.5442        0
 3.57642       0
 3.60864       0
 3.64086       0
 3.67308       0
 3.7053        0
 3.73752       0
 3.76974       0
 3.80196       0
 3.83418       0
 3.8664        0
 3.89862       0
 3.93084       0
 3.96306       0
 3.99528       0
 3.99528       0
 4.0275        0
 4.05972       0
 4.09194       0
 4.12416       0
 4.15638       0
 4.1886        0
 4.22082       0
 4.25304       0
 4.28526       0
 4.31748       0
 4.3497        0
 4.3497        0
 4.41414       0
 4.41414       0
 4.44636       0
 4.47858       0
 4.5108        0
 4.54302       0
 4.57524       0
 4.60746       0
 4.63968       0
 4.6719        0
 4.70412       0
 4.73634       0
 4.76856       0
 4.76856       0
 4.80078       0
 4.833         0
 4.86522       0
 4.89744       0
 4.92966       0
 4.96188       0
 4.9941        0
 5.02632       0
 5.05854       0
 5.09076       0
 5.12298       0
 5.1552        0
 5.1552        0
 5.18742       0
 5.21964       0
 5.25186       0
 5.28408       0
 5.3163        0
 5.34852       0
 5.38074       0
 5.41296       0
 5.44518       0
 5.4774        0
 5.50962       1
 5.50962       1
 5.54184       2
 5.57406       2
 5.60628       3
 5.6385        4
 5.67072       5
 5.70294       6
 5.73516       6
 5.76738       7
 5.7996        8
 5.83182       9
 5.86404       11
 5.89626       12
 5.89626       13
 5.92848       14
 5.9607        16
 5.99292       17
 6.02514       19
 6.05736       20
 6.08958       22
 6.1218        23
 6.15402       25
 6.18624       27
 6.21846       29
 6.25068       31
 6.25068       33
 6.2829        35
 6.31512       37
 6.34734       39
 6.37956       41
 6.41178       43
 6.444         45
 6.50844       48
 6.54066       50
 6.57288       52
 6.6051        55
 6.6051        57
 6.63732       60
 6.66954       62
 6.70176       65
 6.73398       68
 6.7662        70
 6.79842       73
 6.83064       75
 6.86286       78
 6.89508       81
 6.9273        83
 6.9273        86
 6.95952       88
 6.99174       91
 7.02396       93
 7.05618       95
 7.0884        98
 7.12062       101
 7.15284       103
 7.18506       105
 7.21728       107
 7.2495        109
 7.28172       111
 7.28172       113
 7.31394       115
 7.34616       116
 7.37838       118
 7.4106        119
 7.44282       120
 7.47504       122
 7.50726       123
 7.53948       124
 7.5717        125
 7.60392       126
 7.60392       126
 7.63614       127
 7.66836       128
 7.70058       128
 7.7328        128
 7.76502       129
 7.79724       129
 7.82946       129
 7.86168       129
 7.8939        129
 7.92612       128
 7.92612       128
 7.95834       127
 7.99056       127
 8.02278       126
 8.055         125
 8.08722       125
 8.11944       124
 8.15166       123
 8.18388       122
 8.2161        121
 8.24832       120
 8.24832       118
 8.28054       117
 8.31276       116
 8.34498       114
 8.3772        113
 8.40942       111
 8.44164       110
 8.47386       108
 8.50608       106
 8.50608       105
 8.5383        103
 8.57052       102
 8.60274       99
 8.63496       97
 8.66718       95
 8.6994        94
 8.73162       92
 8.76384       90
 8.79606       88
 8.82828       86
 8.82828       85
 8.8605        83
 8.89272       81
 8.92494       79
 8.95716       77
 8.98938       75
 9.0216        73
 9.05382       72
 9.08604       70
 9.11826       68
 9.11826       66
 9.15048       64
 9.1827        63
 9.21492       61
 9.24714       59
 9.27936       57
 9.31158       56
 9.3438        54
 9.37602       53
 9.40824       51
 9.40824       49
 9.44046       48
 9.47268       46
 9.5049        45
 9.53712       43
 9.56934       42
 9.60156       41
 9.63378       39
 9.666         38
 9.69822       37
 9.69822       36
 9.76266       35
 9.79488       33
 9.8271        32
 9.85932       31
 9.89154       30
 9.92376       29
 9.95598       28
 9.9882        27
 9.9882        27
 10.02042      26
 10.05264      25
 10.08486      25
 10.11708      24
 10.1493       24
 10.18152      24
 10.21374      23
 10.24596      23
 10.27818      23
 10.27818      23
 10.3104       24
 10.34262      24
 10.37484      24
 10.40706      25
 10.43928      26
 10.4715       26
 10.50372      27
 10.53594      28
 10.53594      29
 10.56816      30
 10.60038      32
 10.6326       33
 10.66482      34
 10.69704      36
 10.72926      38
 10.76148      39
 10.7937       41
 10.7937       43
 10.82592      45
 10.85814      47
 10.89036      49
 10.92258      51
 10.9548       53
 10.98702      56
 11.01924      58
 11.05146      60
 11.05146      63
 11.08368      65
 11.1159       68
 11.14812      70
 11.18034      73
 11.21256      76
 11.24478      78
 11.277        81
 11.30922      84
 11.30922      86
 11.34144      89
 11.37366      92
 11.40588      95
 11.4381       97
 11.47032      101
 11.50254      104
 11.53476      107
 11.56698      110
 11.56698      113
 11.5992       116
 11.63142      119
 11.66364      122
 11.69586      126
 11.72808      129
 11.7603       132
 11.79252      135
 11.82474      138
 11.82474      141
 11.85696      144
 11.88918      146
 11.9214       149
 11.95362      152
 11.98584      155
 12.01806      158
 12.05028      161
 12.0825       163
 12.0825       166
 12.11472      168
 12.14694      171
 12.17916      174
 12.21138      176
 12.2436       178
 12.27582      181
 12.30804      183
 12.30804      185
 12.34026      187
 12.37248      189
 12.4047       191
 12.43692      193
 12.46914      195
 12.50136      197
 12.53358      199
 12.53358      201
 12.5658       203
 12.59802      205
 12.63024      206
 12.66246      207
 12.69468      209
 12.7269       210
 12.75912      211
 12.79134      212
 12.79134      213
 12.82356      214
 12.85578      215
 12.888        216
 12.92022      217
 12.95244      217
 12.98466      218
 13.01688      218
 13.0491       219
 13.08132      219
 13.11354      220
 13.14576      220
 13.17798      220
 13.2102       220
 13.24242      220
 13.27464      220
 13.27464      220
 13.30686      220
 13.33908      219
 13.3713       219
 13.40352      219
 13.43574      218
 13.46796      218
 13.50018      217
 13.50018      216
 13.5324       215
 13.56462      214
 13.59684      213
 13.62906      213
 13.66128      211
 13.6935       210
 13.6935       209
 13.72572      208
 13.75794      207
 13.79016      205
 13.82238      204
 13.8546       202
 13.88682      200
 13.91904      198
 13.95126      197
 13.95126      195
 13.98348      193
 14.0157       192
 14.04792      190
 14.08014      188
 14.11236      186
 14.14458      184
 14.1768       182
 14.1768       180
 14.20902      178
 14.24124      176
 14.27346      174
 14.30568      172
 14.3379       170
 14.37012      168
 14.37012      166
 14.40234      164
 14.43456      161
 14.46678      159
 14.499        157
 14.53122      155
 14.56344      152
 14.59566      150
 14.59566      147
 14.62788      145
 14.6601       143
 14.69232      140
 14.72454      138
 14.75676      106
 14.78898      54
 14.78898      25
 14.8212       6
 14.85342      0
 14.88564      0
 14.91786      0
 14.95008      0
 14.9823       0
 15.01452      0
 15.01452      0
 15.04674      0
 15.07896      0
 15.11118      0
 15.1434       0
 15.17562      0
 15.20784      0
 15.24006      1
 15.24006      2
 15.27228      4
 15.3045       5
 15.33672      7
 15.36894      8
 15.40116      9
 15.43338      11
 15.43338      13
 15.4656       14
 15.49782      16
 15.53004      17
 15.56226      19
 15.59448      21
 15.6267       22
 15.6267       24
 15.65892      26
 15.69114      28
 15.72336      30
 15.75558      32
 15.7878       33
 15.82002      35
 15.82002      37
 15.85224      39
 15.88446      41
 15.91668      43
 15.9489       45
 15.98112      47
 16.01334      49
 16.01334      51
 16.04556      53
 16.07778      55
 16.11         58
 16.14222      60
 16.17444      62
 16.20666      64
 16.23888      67
 16.2711       69
 16.30332      72
 16.33554      73
 16.36776      76
 16.39998      69
 16.4322       65
 16.4322       66
 16.46442      69
 16.49664      73
 16.52886      77
 16.56108      81
 16.5933       85
 16.62552      89
 16.62552      93
 16.65774      96
 16.68996      99
 16.72218      103
 16.7544       106
 16.78662      109
 16.81884      111
 16.81884      114
 16.85106      117
 16.88328      119
 16.9155       122
 16.94772      124
 16.97994      126
 16.97994      128
 17.01216      131
 17.04438      133
 17.0766       135
 17.10882      137
 17.14104      139
 17.17326      140
 17.20548      142
 17.20548      144
 17.2377       146
 17.26992      147
 17.30214      136
 17.33436      134
 17.36658      135
 17.36658      137
 17.3988       140
 17.43102      142
 17.46324      145
 17.49546      147
 17.52768      149
 17.5599       151
 17.5599       153
 17.59212      154
 17.62434      155
 17.65656      157
 17.68878      158
 17.721        158
 17.75322      159
 17.75322      160
 17.78544      160
 17.81766      160
 17.84988      161
 17.8821       161
 17.91432      161
 17.91432      161
 17.94654      161
 17.97876      161
 18.01098      161
 18.0432       160
 18.07542      160
 18.10764      159
 18.10764      159
 18.13986      158
 18.17208      157
 18.2043       156
 18.23652      155
 18.26874      154
 18.30096      153
 18.30096      152
 18.33318      151
 18.3654       149
 18.39762      148
 18.42984      147
 18.46206      145
 18.46206      144
 18.49428      142
 18.5265       140
 18.55872      139
 18.59094      137
 18.62316      135
 18.62316      134
 18.65538      132
 18.6876       130
 18.71982      128
 18.75204      126
 18.78426      124
 18.81648      122
 18.81648      120
 18.8487       118
 18.88092      116
 18.91314      114
 18.94536      112
 18.97758      110
 18.97758      108
 19.0098       106
 19.04202      104
 19.07424      102
 19.10646      99
 19.13868      97
 19.13868      95
 19.1709       93
 19.20312      91
 19.23534      89
 19.26756      87
 19.29978      85
 19.332        83
 19.332        81
 19.36422      79
 19.39644      78
 19.42866      76
 19.46088      74
 19.4931       72
 19.52532      70
 19.55754      69
 19.58976      67
 19.62198      65
 19.6542       64
 19.68642      62
 19.68642      60
 19.71864      59
 19.75086      57
 19.78308      56
 19.8153       54
 19.84752      53
 19.84752      52
 19.87974      50
 19.91196      49
 19.94418      48
 19.9764       47
 20.00862      46
 20.00862      45
 20.04084      44
 20.07306      44
 20.10528      43
 20.1375       43
 20.16972      42
 20.16972      42
 20.20194      41
 20.23416      41
 20.26638      41
 20.2986       41
 20.33082      41
 20.33082      42
 20.36304      42
 20.39526      42
 20.42748      43
 20.4597       43
 20.49192      44
 20.49192      45
 20.52414      45
 20.55636      46
 20.58858      47
 20.6208       48
 20.65302      49
 20.68524      50
 20.68524      51
 20.71746      53
 20.74968      54
 20.7819       55
 20.81412      57
 20.81412      58
 20.84634      60
 20.87856      62
 20.91078      63
 20.943        65
 20.97522      67
 20.97522      68
 21.00744      70
 21.03966      72
 21.07188      74
 21.1041       76
 21.13632      78
 21.13632      80
 21.16854      82
 21.20076      85
 21.23298      87
 21.2652       89
 21.2652       91
 21.29742      93
 21.32964      95
 21.36186      97
 21.39408      99
 21.4263       102
 21.4263       104
 21.45852      106
 21.49074      108
 21.52296      110
 21.55518      112
 21.5874       114
 21.5874       116
 21.61962      119
 21.65184      121
 21.68406      123
 21.71628      125
 21.7485       127
 21.7485       129
 21.78072      131
 21.81294      133
 21.84516      135
 21.87738      137
 21.87738      139
 21.9096       141
 21.94182      143
 21.97404      145
 22.00626      147
 22.03848      148
 22.03848      150
 22.0707       152
 22.10292      153
 22.13514      155
 22.16736      157
 22.19958      158
 22.19958      160
 22.2318       161
 22.26402      162
 22.29624      164
 22.32846      165
 22.32846      167
 22.36068      168
 22.3929       169
 22.42512      170
 22.45734      172
 22.48956      173
 22.48956      174
 22.52178      174
 22.554        175
 22.58622      176
 22.61844      177
 22.61844      177
 22.65066      178
 22.68288      179
 22.7151       180
 22.77954      181
 22.77954      181
 22.81176      182
 22.84398      182
 22.8762       183
 22.90842      183
 22.90842      184
 22.94064      184
 22.97286      184
 23.00508      185
 23.0373       185
 23.0373       185
 23.06952      185
 23.10174      185
 23.13396      185
 23.16618      185
 23.1984       185
 23.1984       185
 23.23062      185
 23.26284      184
 23.29506      184
 23.32728      184
 23.32728      184
 23.3595       184
 23.39172      184
 23.42394      183
 23.45616      182
 23.45616      182
 23.48838      181
 23.5206       180
 23.55282      180
 23.58504      179
 23.61726      178
 23.61726      177
 23.64948      177
 23.6817       176
 23.71392      175
 23.74614      174
 23.74614      173
 23.77836      172
 23.81058      171
 23.8428       170
 23.87502      169
 23.90724      168
 23.90724      167
 23.93946      166
 23.97168      164
 24.0039       163
 24.0039       162
 24.03612      161
 24.06834      160
 24.10056      158
 24.13278      157
 24.165        156
 24.165        155
 24.19722      153
 24.22944      152
 24.26166      151
 24.29388      149
 24.29388      147
 24.3261       146
 24.35832      144
 24.39054      143
 24.42276      141
 24.42276      140
 24.45498      139
 24.4872       137
 24.51942      136
 24.55164      135
 24.55164      133
 24.58386      132
 24.61608      130
 24.6483       129
 24.68052      127
 24.68052      126
 24.71274      124
 24.74496      123
 24.77718      122
 24.8094       120
 24.8094       119
 24.84162      117
 24.87384      116
 24.90606      114
 24.93828      113
 24.93828      112
 24.9705       110
 25.00272      109
 25.03494      108
 25.06716      106
 25.06716      105
 25.09938      104
 25.1316       102
 25.16382      101
 25.19604      99
 25.19604      98
 25.22826      97
 25.26048      96
 25.2927       95
 25.32492      95
 25.32492      95
 25.35714      108
 25.38936      114
 25.42158      115
 25.4538       115
 25.4538       113
 25.48602      111
 25.51824      110
 25.55046      107
 25.58268      105
 25.58268      104
 25.6149       103
 25.64712      101
 25.67934      100
 25.71156      99
 25.71156      98
 25.74378      98
 25.776        97
 25.80822      97
 25.84044      97
 25.84044      97
 25.87266      97
 25.90488      98
 25.9371       98
 25.9371       99
 25.96932      99
 26.03376      101
 26.06598      102
 26.0982       102
 26.0982       103
 26.13042      105
 26.16264      106
 26.19486      107
 26.19486      108
 26.22708      109
 26.2593       111
 26.29152      112
 26.32374      113
 26.32374      115
 26.35596      116
 26.38818      117
 26.4204       119
 26.45262      120
 26.45262      122
 26.48484      123
 26.51706      125
 26.54928      126
 26.5815       128
 26.5815       130
 26.61372      131
 26.64594      133
 26.67816      134
 26.71038      136
 26.71038      138
 26.7426       139
 26.77482      141
 26.80704      142
 26.80704      144
 26.83926      146
 26.87148      147
 26.9037       149
 26.93592      150
 26.93592      152
 26.96814      153
 27.00036      154
 27.03258      156
 27.03258      157
 27.0648       159
 27.09702      160
 27.12924      162
 27.16146      163
 27.16146      165
 27.19368      166
 27.2259       167
 27.25812      169
 27.29034      170
 27.29034      171
 27.32256      173
 27.35478      174
 27.387        175
 27.387        176
 27.41922      177
 27.45144      178
 27.48366      180
 27.51588      181
 27.51588      182
 27.5481       183
 27.58032      184
 27.61254      185
 27.61254      186
 27.64476      187
 27.67698      188
 27.7092       188
 27.7092       189
 27.74142      190
 27.77364      191
 27.80586      191
 27.83808      192
 27.83808      193
 27.8703       193
 27.90252      194
 27.93474      195
 27.93474      195
 27.96696      196
 27.99918      196
 28.0314       197
 28.06362      197
 28.06362      198
 28.09584      198
 28.12806      199
 28.16028      199
 28.16028      199
 28.1925       200
 28.22472      200
 28.25694      200
 28.25694      200
 28.28916      201
 28.32138      202
