 0             0
 0             0
 0             0
 0             0
 0             0
 0             0
 0             0
 0             0
 0             0
 3.222e-002    0
 3.222e-002    0
 6.444e-002    0
 9.666e-002    0
 9.666e-002    0
 0.12888       0
 0.1611        0
 0.1611        0
 0.19332       0
 0.22554       0
 0.25776       0
 0.28998       0
 0.3222        0
 0.3222        0
 0.35442       0
 0.38664       0
 0.41886       0
 0.45108       0
 0.4833        0
 0.4833        0
 0.54774       0
 0.54774       0
 0.57996       0
 0.61218       0
 0.6444        0
 0.67662       0
 0.70884       0
 0.70884       0
 0.74106       0
 0.77328       0
 0.8055        0
 0.83772       0
 0.86994       0
 0.90216       0
 0.93438       0
 0.93438       0
 0.9666        0
 0.99882       0
 1.03104       0
 1.06326       0
 1.09548       0
 1.1277        0
 1.15992       0
 1.15992       0
 1.19214       0
 1.22436       0
 1.25658       0
 1.2888        0
 1.32102       0
 1.35324       0
 1.38546       0
 1.41768       0
 1.41768       0
 1.4499        0
 1.48212       0
 1.51434       0
 1.54656       0
 1.57878       0
 1.611         0
 1.64322       0
 1.67544       0
 1.67544       0
 1.73988       0
 1.73988       0
 1.7721        0
 1.80432       0
 1.83654       0
 1.86876       0
 1.90098       0
 1.9332        0
 1.96542       0
 1.99764       0
 1.99764       0
 2.02986       0
 2.06208       0
 2.0943        0
 2.12652       0
 2.15874       0
 2.19096       0
 2.22318       0
 2.2554        0
 2.28762       0
 2.31984       0
 2.31984       0
 2.35206       0
 2.38428       0
 2.4165        0
 2.44872       0
 2.48094       0
 2.51316       0
 2.54538       0
 2.5776        0
 2.60982       0
 2.64204       0
 2.67426       0
 2.70648       0
 2.70648       0
 2.7387        0
 2.77092       0
 2.80314       0
 2.83536       0
 2.86758       0
 2.8998        0
 2.93202       0
 2.96424       0
 2.99646       0
 3.02868       0
 3.0609        0
 3.0609        0
 3.09312       0
 3.12534       0
 3.15756       0
 3.18978       0
 3.25422       0
 3.28644       0
 3.31866       0
 3.35088       0
 3.3831        0
 3.41532       0
 3.41532       0
 3.44754       0
 3.47976       0
 3.51198       0
 3.5442        0
 3.57642       0
 3.60864       0
 3.64086       0
 3.67308       0
 3.7053        0
 3.73752       0
 3.76974       0
 3.80196       0
 3.80196       0
 3.83418       0
 3.8664        0
 3.89862       0
 3.93084       0
 3.96306       0
 3.99528       0
 4.0275        0
 4.05972       0
 4.09194       0
 4.12416       0
 4.15638       0
 4.15638       0
 4.1886        1
 4.22082       1
 4.25304       2
 4.28526       2
 4.31748       3
 4.3497        3
 4.38192       4
 4.41414       5
 4.44636       6
 4.47858       6
 4.5108        7
 4.54302       8
 4.57524       9
 4.57524       10
 4.60746       10
 4.63968       11
 4.6719        12
 4.70412       13
 4.73634       15
 4.76856       16
 4.80078       17
 4.833         18
 4.86522       19
 4.89744       21
 4.92966       22
 4.96188       24
 4.96188       25
 4.9941        27
 5.02632       28
 5.05854       30
 5.09076       31
 5.12298       33
 5.1552        35
 5.18742       37
 5.21964       39
 5.25186       41
 5.28408       43
 5.3163        45
 5.3163        47
 5.34852       49
 5.38074       51
 5.41296       53
 5.44518       56
 5.4774        58
 5.50962       60
 5.54184       63
 5.57406       65
 5.60628       68
 5.6385        70
 5.6385        73
 5.67072       75
 5.70294       78
 5.73516       80
 5.76738       83
 5.7996        86
 5.83182       89
 5.86404       91
 5.89626       94
 5.92848       97
 5.9607        101
 5.99292       104
 6.02514       107
 6.02514       110
 6.05736       113
 6.08958       116
 6.1218        119
 6.15402       122
 6.18624       125
 6.21846       129
 6.25068       132
 6.2829        135
 6.31512       139
 6.34734       142
 6.37956       145
 6.37956       149
 6.41178       152
 6.444         156
 6.50844       159
 6.54066       163
 6.57288       166
 6.6051        170
 6.63732       173
 6.66954       177
 6.66954       180
 6.70176       184
 6.73398       187
 6.7662        191
 6.79842       194
 6.83064       198
 6.86286       202
 6.89508       206
 6.9273        209
 6.95952       212
 6.99174       216
 7.02396       219
 7.05618       222
 7.0884        226
 7.12062       229
 7.15284       232
 7.15284       235
 7.18506       237
 7.21728       240
 7.2495        242
 7.28172       244
 7.31394       246
 7.34616       248
 7.37838       250
 7.4106        251
 7.44282       253
 7.47504       254
 7.47504       255
 7.50726       256
 7.53948       257
 7.5717        258
 7.60392       258
 7.63614       259
 7.66836       259
 7.70058       259
 7.7328        259
 7.76502       259
 7.79724       258
 7.79724       258
 7.82946       257
 7.86168       256
 7.8939        255
 7.92612       254
 7.95834       252
 7.99056       251
 8.02278       249
 8.055         247
 8.08722       245
 8.08722       243
 8.11944       241
 8.15166       238
 8.18388       236
 8.2161        233
 8.24832       231
 8.28054       228
 8.31276       225
 8.34498       222
 8.3772        219
 8.3772        215
 8.40942       212
 8.44164       209
 8.47386       205
 8.50608       201
 8.5383        197
 8.57052       193
 8.60274       190
 8.63496       186
 8.66718       182
 8.6994        178
 8.6994        174
 8.73162       170
 8.76384       166
 8.79606       162
 8.82828       158
 8.8605        154
 8.89272       150
 8.92494       146
 8.95716       142
 8.98938       138
 8.98938       134
 9.0216        130
 9.05382       127
 9.08604       123
 9.11826       120
 9.15048       116
 9.1827        113
 9.21492       110
 9.24714       107
 9.24714       105
 9.27936       103
 9.31158       101
 9.3438        98
 9.37602       97
 9.40824       95
 9.44046       94
 9.47268       93
 9.5049        93
 9.53712       92
 9.56934       92
 9.56934       92
 9.60156       92
 9.63378       92
 9.666         93
 9.69822       94
 9.76266       94
 9.79488       95
 9.8271        97
 9.8271        98
 9.85932       99
 9.89154       101
 9.92376       103
 9.95598       105
 9.9882        106
 10.02042      108
 10.05264      110
 10.08486      112
 10.08486      115
 10.11708      117
 10.1493       119
 10.18152      121
 10.21374      124
 10.24596      126
 10.27818      129
 10.3104       131
 10.34262      134
 10.37484      137
 10.37484      140
 10.40706      142
 10.43928      145
 10.4715       148
 10.50372      151
 10.53594      154
 10.56816      157
 10.60038      160
 10.6326       163
 10.6326       166
 10.66482      169
 10.69704      172
 10.72926      176
 10.76148      179
 10.7937       182
 10.82592      185
 10.85814      189
 10.89036      192
 10.89036      195
 10.92258      199
 10.9548       203
 10.98702      206
 11.01924      210
 11.05146      213
 11.08368      217
 11.1159       220
 11.14812      224
 11.14812      227
 11.18034      231
 11.21256      234
 11.24478      238
 11.277        242
 11.30922      245
 11.34144      249
 11.37366      253
 11.40588      256
 11.40588      260
 11.4381       264
 11.47032      267
 11.50254      271
 11.53476      275
 11.56698      278
 11.5992       282
 11.63142      286
 11.63142      290
 11.66364      293
 11.69586      297
 11.72808      301
 11.7603       305
 11.79252      308
 11.82474      312
 11.85696      316
 11.88918      319
 11.88918      323
 11.9214       326
 11.95362      329
 11.98584      333
 12.01806      336
 12.05028      339
 12.0825       342
 12.11472      345
 12.14694      348
 12.14694      351
 12.17916      354
 12.21138      357
 12.2436       360
 12.27582      363
 12.30804      365
 12.34026      368
 12.37248      371
 12.37248      373
 12.4047       375
 12.43692      378
 12.46914      380
 12.50136      382
 12.53358      384
 12.5658       386
 12.59802      388
 12.59802      389
 12.63024      391
 12.66246      393
 12.69468      394
 12.7269       395
 12.75912      397
 12.79134      398
 12.82356      399
 12.85578      400
 12.85578      400
 12.888        401
 12.92022      402
 12.95244      402
 13.01688      403
 13.0491       404
 13.0491       404
 13.08132      404
 13.11354      404
 13.14576      404
 13.17798      404
 13.2102       403
 13.24242      402
 13.27464      402
 13.30686      401
 13.30686      400
 13.33908      400
 13.3713       399
 13.40352      397
 13.43574      396
 13.46796      395
 13.50018      394
 13.5324       392
 13.5324       390
 13.56462      389
 13.59684      387
 13.62906      385
 13.66128      383
 13.6935       381
 13.72572      379
 13.75794      376
 13.75794      374
 13.79016      372
 13.82238      369
 13.8546       366
 13.88682      364
 13.91904      361
 13.95126      357
 13.95126      359
 13.98348      360
 14.0157       354
 14.04792      348
 14.08014      343
 14.11236      338
 14.14458      334
 14.1768       329
 14.1768       324
 14.20902      320
 14.24124      315
 14.27346      311
 14.30568      306
 14.3379       301
 14.37012      296
 14.40234      291
 14.40234      287
 14.43456      282
 14.46678      277
 14.499        273
 14.53122      268
 14.56344      263
 14.59566      258
 14.59566      254
 14.62788      249
 14.6601       245
 14.69232      241
 14.72454      237
 14.75676      233
 14.78898      229
 14.78898      226
 14.8212       223
 14.85342      221
 14.88564      219
 14.91786      217
 14.95008      215
 14.9823       214
 15.01452      213
 15.01452      212
 15.04674      211
 15.07896      211
 15.11118      211
 15.1434       211
 15.17562      211
 15.20784      212
 15.20784      213
 15.24006      214
 15.27228      215
 15.3045       216
 15.33672      217
 15.36894      218
 15.40116      220
 15.43338      222
 15.43338      224
 15.4656       226
 15.49782      227
 15.53004      230
 15.56226      232
 15.59448      234
 15.59448      236
 15.6267       239
 15.65892      241
 15.69114      244
 15.72336      246
 15.75558      249
 15.7878       252
 15.82002      254
 15.82002      257
 15.85224      260
 15.88446      263
 15.91668      266
 15.9489       269
 15.98112      271
 16.01334      275
 16.01334      278
 16.04556      281
 16.07778      284
 16.11         287
 16.14222      290
 16.17444      293
 16.20666      296
 16.20666      299
 16.2711       303
 16.30332      307
 16.33554      310
 16.36776      313
 16.39998      316
 16.39998      320
 16.4322       323
 16.46442      326
 16.49664      329
 16.52886      333
 16.56108      336
 16.5933       339
 16.62552      342
 16.62552      346
 16.65774      349
 16.68996      352
 16.72218      355
 16.7544       358
 16.78662      361
 16.78662      365
 16.81884      368
 16.85106      371
 16.88328      374
 16.9155       377
 16.94772      380
 16.94772      383
 16.97994      386
 17.01216      388
 17.04438      391
 17.0766       394
 17.10882      397
 17.14104      400
 17.14104      402
 17.17326      406
 17.20548      408
 17.2377       411
 17.26992      414
 17.30214      416
 17.33436      418
 17.33436      421
 17.36658      423
 17.3988       426
 17.43102      428
 17.46324      430
 17.49546      432
 17.52768      434
 17.52768      436
 17.5599       439
 17.59212      440
 17.62434      442
 17.65656      444
 17.68878      446
 17.68878      448
 17.721        449
 17.75322      451
 17.78544      453
 17.81766      454
 17.84988      456
 17.8821       457
 17.8821       459
 17.91432      460
 17.94654      461
 17.97876      462
 18.01098      464
 18.0432       465
 18.07542      466
 18.07542      467
 18.10764      468
 18.13986      469
 18.17208      470
 18.2043       471
 18.23652      471
 18.23652      472
 18.26874      473
 18.30096      473
 18.33318      474
 18.3654       474
 18.39762      475
 18.39762      475
 18.42984      476
 18.46206      476
 18.49428      476
 18.5265       476
 18.55872      476
 18.59094      477
 18.59094      477
 18.62316      477
 18.65538      477
 18.6876       476
 18.71982      476
 18.75204      476
 18.75204      476
 18.78426      476
 18.81648      476
 18.8487       475
 18.88092      475
 18.91314      475
 18.91314      474
 18.94536      474
 18.97758      473
 19.0098       473
 19.04202      472
 19.07424      472
 19.10646      471
 19.10646      470
 19.13868      470
 19.1709       469
 19.20312      468
 19.23534      467
 19.26756      467
 19.26756      466
 19.29978      465
 19.332        464
 19.36422      463
 19.39644      462
 19.42866      461
 19.42866      460
 19.46088      459
 19.52532      458
 19.55754      457
 19.58976      456
 19.62198      455
 19.62198      453
 19.6542       452
 19.68642      451
 19.71864      450
 19.75086      448
 19.78308      447
 19.78308      445
 19.8153       444
 19.84752      442
 19.87974      441
 19.91196      439
 19.94418      437
 19.94418      435
 19.9764       434
 20.00862      432
 20.04084      430
 20.07306      429
 20.10528      427
 20.10528      425
 20.1375       422
 20.16972      420
 20.20194      418
 20.23416      416
 20.26638      413
 20.26638      411
 20.2986       408
 20.33082      406
 20.36304      404
 20.39526      401
 20.42748      399
 20.42748      396
 20.4597       394
 20.49192      392
 20.52414      390
 20.55636      388
 20.58858      387
 20.58858      385
 20.6208       383
 20.65302      382
 20.68524      381
 20.71746      380
 20.71746      379
 20.74968      378
 20.7819       377
 20.81412      377
 20.84634      376
 20.87856      376
 20.87856      376
 20.91078      375
 20.943        376
 20.97522      376
 21.00744      376
 21.03966      377
 21.03966      377
 21.07188      378
 21.1041       378
 21.13632      379
 21.16854      380
 21.20076      381
 21.20076      382
 21.23298      383
 21.2652       384
 21.29742      386
 21.32964      387
 21.36186      388
 21.36186      390
 21.39408      391
 21.4263       393
 21.45852      394
 21.49074      396
 21.49074      398
 21.52296      399
 21.55518      401
 21.5874       404
 21.61962      405
 21.65184      407
 21.65184      406
 21.68406      408
 21.71628      410
 21.7485       413
 21.78072      415
 21.81294      417
 21.81294      419
 21.84516      421
 21.87738      424
 21.9096       426
 21.94182      428
 21.94182      430
 21.97404      432
 22.00626      434
 22.03848      436
 22.0707       438
 22.10292      441
 22.10292      443
 22.13514      445
 22.16736      447
 22.19958      449
 22.2318       451
 22.2318       452
 22.26402      454
 22.29624      456
 22.32846      458
 22.36068      460
 22.3929       462
 22.3929       464
 22.42512      466
 22.45734      467
 22.48956      469
 22.52178      471
 22.52178      473
 22.554        475
 22.58622      476
 22.61844      478
 22.65066      480
 22.65066      481
 22.68288      483
 22.7151       484
 22.77954      486
 22.81176      488
 22.81176      489
 22.84398      491
 22.8762       492
 22.90842      493
 22.94064      492
 22.94064      468
 22.97286      444
 23.00508      422
 23.0373       402
 23.06952      384
 23.06952      369
 23.10174      355
 23.13396      343
 23.16618      332
 23.1984       322
 23.1984       313
 23.23062      304
 23.26284      296
 23.29506      290
 23.32728      284
 23.3595       279
 23.3595       274
 23.39172      269
 23.42394      265
 23.45616      261
 23.48838      258
 23.48838      254
 23.5206       252
 23.55282      249
 23.58504      246
 23.61726      244
 23.61726      242
 23.64948      240
 23.6817       238
 23.71392      236
 23.74614      235
 23.77836      233
 23.77836      232
 23.81058      230
 23.8428       229
 23.87502      228
 23.90724      227
 23.90724      226
 23.93946      225
 23.97168      224
 24.0039       223
 24.03612      222
 24.03612      221
 24.06834      221
 24.10056      220
 24.13278      219
 24.165        219
 24.165        218
 24.19722      218
 24.22944      217
 24.26166      217
 24.29388      216
 24.29388      216
 24.3261       216
 24.35832      215
 24.39054      215
 24.42276      214
 24.42276      214
 24.45498      214
 24.4872       213
 24.51942      213
 24.55164      213
 24.55164      212
 24.58386      212
 24.61608      211
 24.6483       211
 24.68052      210
 24.68052      210
 24.71274      209
 24.74496      208
 24.77718      208
 24.8094       207
 24.8094       206
 24.84162      205
 24.87384      204
 24.90606      203
 24.93828      202
 24.93828      201
 24.9705       199
 25.00272      198
 25.03494      197
 25.06716      196
 25.06716      195
 25.09938      194
 25.1316       192
 25.16382      191
 25.16382      190
 25.19604      189
 25.22826      188
 25.26048      187
 25.2927       186
 25.2927       185
 25.32492      184
 25.35714      182
 25.38936      181
 25.42158      180
 25.42158      179
 25.4538       178
 25.48602      177
 25.51824      176
 25.55046      175
 25.55046      174
 25.58268      173
 25.6149       172
 25.64712      171
 25.67934      170
 25.67934      170
 25.71156      169
 25.74378      168
 25.776        167
 25.80822      167
 25.80822      166
 25.84044      166
 25.87266      165
 25.90488      165
 25.9371       165
 25.9371       164
 25.96932      164
 26.03376      164
 26.03376      164
 26.06598      164
 26.0982       164
 26.13042      164
 26.16264      164
 26.16264      164
 26.19486      164
 26.22708      165
 26.2593       165
 26.29152      165
 26.29152      166
 26.32374      166
 26.35596      166
 26.38818      167
 26.4204       167
 26.4204       168
 26.45262      168
 26.48484      169
 26.51706      169
 26.51706      169
 26.54928      167
 26.5815       167
 26.61372      168
 26.64594      168
 26.64594      169
 26.67816      169
 26.71038      169
 26.7426       168
 26.77482      168
 26.77482      168
 26.80704      167
 26.83926      167
 26.87148      166
 26.87148      166
 26.9037       165
 26.93592      164
 26.96814      164
 26.96814      163
 27.00036      162
 27.03258      161
 27.0648       161
 27.09702      160
 27.09702      159
 27.12924      159
 27.16146      158
 27.19368      158
 27.2259       157
 27.2259       157
 27.25812      156
 27.29034      156
 27.32256      156
 27.32256      155
 27.35478      155
 27.387        155
 27.41922      155
 27.45144      155
 27.45144      155
 27.48366      155
 27.51588      155
 27.5481       155
 27.5481       155
 27.58032      155
 27.61254      155
 27.64476      155
 27.67698      155
 27.67698      155
 27.7092       155
 27.74142      155
 27.77364      155
 27.77364      155
 27.80586      155
 27.83808      155
 27.8703       155
 27.8703       155
 27.90252      155
 27.93474      155
 27.96696      155
 27.96696      155
 27.99918      155
 28.0314       155
 28.06362      155
 28.09584      155
 28.09584      155
 28.12806      155
 28.16028      155
 28.1925       155
 28.1925       155
 28.22472      156
 28.25694      156
