 0             0
 0             0
 0             0
 0             0
 0             0
 0             0
 0             0
 0             0
 0             0
 0             0
 0             0
 3.222e-002    0
 6.444e-002    0
 6.444e-002    0
 0.12888       0
 0.12888       0
 0.1611        0
 0.19332       0
 0.19332       0
 0.22554       0
 0.25776       0
 0.28998       0
 0.3222        0
 0.35442       0
 0.38664       0
 0.41886       0
 0.41886       0
 0.45108       0
 0.4833        0
 0.51552       0
 0.54774       0
 0.57996       0
 0.61218       0
 0.6444        0
 0.6444        0
 0.67662       0
 0.70884       0
 0.74106       0
 0.77328       0
 0.8055        0
 0.83772       0
 0.86994       0
 0.90216       0
 0.90216       0
 0.93438       0
 0.9666        0
 0.99882       0
 1.03104       0
 1.06326       0
 1.09548       0
 1.1277        0
 1.1277        0
 1.15992       0
 1.19214       0
 1.22436       0
 1.25658       0
 1.2888        0
 1.32102       0
 1.35324       0
 1.38546       0
 1.41768       0
 1.4499        0
 1.4499        0
 1.48212       0
 1.51434       0
 1.54656       0
 1.57878       0
 1.611         0
 1.64322       0
 1.67544       0
 1.70766       0
 1.73988       0
 1.7721        0
 1.80432       0
 1.80432       0
 1.83654       0
 1.86876       0
 1.90098       0
 1.9332        0
 1.96542       0
 1.99764       0
 2.02986       0
 2.06208       0
 2.0943        0
 2.12652       0
 2.12652       0
 2.15874       0
 2.19096       0
 2.22318       0
 2.2554        0
 2.28762       0
 2.31984       0
 2.35206       0
 2.38428       0
 2.4165        0
 2.44872       0
 2.48094       0
 2.51316       0
 2.54538       0
 2.54538       0
 2.5776        0
 2.60982       0
 2.64204       0
 2.67426       0
 2.70648       0
 2.7387        0
 2.77092       0
 2.80314       0
 2.83536       0
 2.86758       0
 2.8998        0
 2.93202       0
 2.96424       0
 2.96424       0
 2.99646       0
 3.02868       0
 3.0609        0
 3.09312       1
 3.12534       1
 3.15756       1
 3.18978       2
 3.25422       2
 3.28644       2
 3.31866       3
 3.35088       3
 3.35088       3
 3.3831        4
 3.41532       4
 3.44754       5
 3.47976       5
 3.51198       6
 3.5442        6
 3.57642       7
 3.60864       7
 3.64086       8
 3.67308       9
 3.7053        9
 3.73752       10
 3.76974       11
 3.80196       11
 3.83418       12
 3.83418       13
 3.8664        14
 3.89862       14
 3.93084       15
 3.96306       16
 3.99528       17
 4.0275        18
 4.05972       19
 4.09194       19
 4.12416       20
 4.15638       21
 4.1886        22
 4.22082       24
 4.25304       24
 4.25304       26
 4.28526       27
 4.31748       28
 4.3497        29
 4.38192       30
 4.41414       31
 4.44636       33
 4.47858       34
 4.5108        35
 4.54302       37
 4.57524       38
 4.60746       40
 4.63968       41
 4.6719        43
 4.6719        44
 4.70412       46
 4.73634       48
 4.76856       49
 4.80078       51
 4.833         53
 4.86522       55
 4.89744       56
 4.92966       58
 4.96188       60
 4.9941        62
 5.02632       64
 5.05854       65
 5.09076       68
 5.09076       70
 5.12298       72
 5.1552        74
 5.18742       76
 5.21964       78
 5.25186       80
 5.28408       82
 5.3163        84
 5.34852       87
 5.38074       89
 5.41296       91
 5.44518       94
 5.4774        96
 5.4774        98
 5.50962       102
 5.54184       104
 5.57406       107
 5.60628       109
 5.6385        112
 5.67072       114
 5.70294       117
 5.73516       120
 5.76738       122
 5.7996        125
 5.83182       128
 5.86404       131
 5.89626       133
 5.89626       136
 5.92848       139
 5.9607        142
 5.99292       145
 6.02514       148
 6.05736       151
 6.08958       154
 6.1218        157
 6.15402       160
 6.18624       162
 6.21846       163
 6.25068       166
 6.2829        169
 6.31512       172
 6.31512       175
 6.34734       179
 6.37956       183
 6.41178       186
 6.444         190
 6.50844       193
 6.54066       197
 6.57288       201
 6.6051        205
 6.63732       208
 6.66954       212
 6.66954       215
 6.70176       219
 6.73398       222
 6.7662        225
 6.79842       228
 6.83064       231
 6.86286       234
 6.89508       237
 6.9273        239
 6.95952       242
 6.99174       244
 7.02396       246
 7.02396       249
 7.05618       250
 7.0884        252
 7.12062       254
 7.15284       255
 7.18506       256
 7.21728       257
 7.2495        257
 7.28172       257
 7.31394       257
 7.34616       257
 7.34616       256
 7.37838       256
 7.4106        255
 7.44282       253
 7.47504       252
 7.50726       250
 7.53948       249
 7.5717        246
 7.60392       244
 7.63614       242
 7.66836       239
 7.70058       236
 7.7328        233
 7.7328        230
 7.76502       227
 7.79724       223
 7.82946       220
 7.86168       216
 7.8939        212
 7.92612       208
 7.95834       204
 7.99056       199
 8.02278       194
 8.055         190
 8.055         186
 8.08722       181
 8.11944       177
 8.15166       173
 8.18388       169
 8.2161        165
 8.24832       161
 8.28054       157
 8.31276       154
 8.34498       150
 8.34498       147
 8.3772        144
 8.40942       141
 8.44164       139
 8.47386       136
 8.50608       134
 8.5383        132
 8.57052       130
 8.60274       128
 8.63496       126
 8.66718       125
 8.6994        124
 8.6994        122
 8.73162       121
 8.76384       121
 8.79606       120
 8.82828       119
 8.8605        119
 8.89272       119
 8.92494       119
 8.95716       119
 8.98938       119
 8.98938       119
 9.0216        120
 9.05382       120
 9.08604       121
 9.11826       122
 9.15048       123
 9.1827        124
 9.21492       125
 9.24714       126
 9.27936       127
 9.31158       129
 9.31158       130
 9.3438        132
 9.37602       133
 9.40824       135
 9.44046       137
 9.47268       138
 9.5049        140
 9.53712       142
 9.56934       144
 9.60156       146
 9.63378       148
 9.63378       151
 9.666         153
 9.69822       155
 9.76266       157
 9.79488       160
 9.8271        162
 9.85932       165
 9.89154       167
 9.92376       170
 9.92376       172
 9.95598       175
 9.9882        178
 10.02042      181
 10.05264      183
 10.08486      186
 10.11708      189
 10.1493       192
 10.18152      195
 10.21374      198
 10.21374      201
 10.24596      204
 10.27818      207
 10.3104       210
 10.34262      214
 10.37484      217
 10.40706      220
 10.43928      223
 10.4715       226
 10.4715       229
 10.50372      233
 10.53594      236
 10.56816      239
 10.60038      242
 10.6326       246
 10.66482      249
 10.69704      252
 10.72926      256
 10.76148      259
 10.7937       263
 10.7937       266
 10.82592      270
 10.85814      273
 10.89036      276
 10.92258      280
 10.9548       283
 10.98702      287
 11.01924      291
 11.05146      294
 11.05146      298
 11.08368      301
 11.1159       306
 11.14812      309
 11.18034      313
 11.21256      317
 11.24478      320
 11.277        324
 11.30922      328
 11.34144      331
 11.34144      335
 11.37366      338
 11.40588      342
 11.4381       346
 11.47032      349
 11.50254      353
 11.53476      356
 11.56698      360
 11.5992       364
 11.5992       367
 11.63142      370
 11.66364      374
 11.69586      377
 11.72808      380
 11.7603       383
 11.79252      386
 11.82474      389
 11.85696      392
 11.85696      395
 11.88918      397
 11.9214       399
 11.95362      402
 11.98584      404
 12.01806      406
 12.05028      409
 12.0825       412
 12.11472      401
 12.11472      385
 12.14694      381
 12.17916      382
 12.21138      385
 12.2436       388
 12.27582      391
 12.30804      394
 12.34026      396
 12.37248      398
 12.37248      399
 12.4047       400
 12.43692      401
 12.46914      401
 12.50136      401
 12.53358      401
 12.5658       400
 12.59802      399
 12.63024      397
 12.63024      396
 12.66246      394
 12.69468      391
 12.7269       389
 12.75912      386
 12.79134      382
 12.82356      379
 12.85578      375
 12.888        371
 12.888        367
 12.92022      363
 12.95244      358
 13.01688      353
 13.0491       348
 13.08132      342
 13.11354      337
 13.14576      331
 13.14576      325
 13.17798      319
 13.2102       312
 13.24242      305
 13.27464      298
 13.30686      291
 13.33908      284
 13.3713       277
 13.3713       271
 13.40352      264
 13.43574      257
 13.46796      251
 13.50018      245
 13.5324       239
 13.56462      234
 13.59684      229
 13.59684      224
 13.62906      220
 13.66128      216
 13.6935       212
 13.72572      209
 13.75794      205
 13.79016      203
 13.82238      200
 13.8546       198
 13.8546       196
 13.88682      194
 13.91904      193
 13.95126      192
 13.98348      191
 14.0157       191
 14.04792      190
 14.08014      190
 14.08014      190
 14.11236      190
 14.14458      191
 14.1768       191
 14.20902      192
 14.24124      193
 14.27346      194
 14.30568      194
 14.30568      196
 14.3379       197
 14.37012      198
 14.40234      200
 14.43456      202
 14.46678      203
 14.499        205
 14.53122      207
 14.53122      209
 14.56344      211
 14.59566      213
 14.62788      215
 14.6601       217
 14.69232      219
 14.72454      221
 14.72454      224
 14.75676      226
 14.78898      228
 14.8212       231
 14.85342      233
 14.88564      236
 14.91786      239
 14.95008      241
 14.9823       244
 14.9823       247
 15.01452      249
 15.04674      252
 15.07896      255
 15.11118      258
 15.1434       261
 15.17562      264
 15.20784      267
 15.20784      270
 15.24006      273
 15.27228      276
 15.3045       279
 15.33672      282
 15.36894      285
 15.40116      288
 15.40116      291
 15.43338      295
 15.4656       298
 15.49782      301
 15.53004      305
 15.56226      308
 15.59448      312
 15.6267       315
 15.6267       318
 15.65892      322
 15.69114      325
 15.72336      328
 15.75558      332
 15.7878       335
 15.82002      339
 15.82002      342
 15.85224      345
 15.88446      349
 15.91668      352
 15.9489       356
 15.98112      359
 16.01334      363
 16.04556      366
 16.04556      370
 16.07778      373
 16.11         377
 16.14222      380
 16.17444      384
 16.20666      387
 16.23888      391
 16.2711       394
 16.30332      398
 16.33554      401
 16.36776      406
 16.39998      409
 16.4322       413
 16.46442      416
 16.46442      419
 16.49664      423
 16.52886      426
 16.56108      429
 16.5933       432
 16.62552      435
 16.65774      439
 16.65774      442
 16.68996      445
 16.72218      448
 16.7544       450
 16.78662      453
 16.81884      456
 16.85106      458
 16.85106      461
 16.88328      463
 16.9155       466
 16.94772      468
 16.97994      470
 17.01216      472
 17.04438      474
 17.04438      476
 17.0766       478
 17.10882      480
 17.14104      481
 17.17326      483
 17.20548      485
 17.2377       486
 17.2377       487
 17.26992      488
 17.30214      489
 17.33436      490
 17.36658      491
 17.3988       492
 17.43102      493
 17.43102      493
 17.46324      493
 17.49546      493
 17.52768      493
 17.5599       493
 17.59212      493
 17.62434      493
 17.62434      492
 17.65656      492
 17.68878      491
 17.721        490
 17.75322      489
 17.78544      488
 17.81766      487
 17.81766      485
 17.84988      484
 17.8821       482
 17.91432      480
 17.94654      479
 17.97876      477
 18.01098      474
 18.01098      472
 18.0432       469
 18.07542      467
 18.10764      464
 18.13986      461
 18.17208      458
 18.2043       455
 18.2043       451
 18.23652      448
 18.26874      444
 18.30096      440
 18.33318      436
 18.3654       432
 18.3654       428
 18.39762      424
 18.42984      419
 18.46206      415
 18.49428      410
 18.5265       406
 18.55872      400
 18.55872      395
 18.59094      390
 18.62316      385
 18.65538      380
 18.6876       375
 18.71982      370
 18.75204      365
 18.75204      360
 18.78426      355
 18.81648      350
 18.8487       345
 18.88092      340
 18.91314      336
 18.91314      331
 18.94536      327
 18.97758      323
 19.0098       319
 19.04202      316
 19.07424      312
 19.10646      309
 19.10646      306
 19.13868      304
 19.1709       301
 19.20312      299
 19.23534      297
 19.26756      295
 19.26756      293
 19.29978      292
 19.332        291
 19.36422      290
 19.39644      289
 19.42866      288
 19.46088      288
 19.4931       288
 19.52532      288
 19.55754      288
 19.58976      288
 19.62198      288
 19.6542       288
 19.6542       289
 19.68642      290
 19.71864      290
 19.75086      291
 19.78308      292
 19.8153       293
 19.8153       295
 19.84752      296
 19.87974      297
 19.91196      299
 19.94418      300
 19.9764       302
 20.00862      304
 20.00862      306
 20.04084      308
 20.07306      310
 20.10528      311
 20.1375       314
 20.16972      315
 20.16972      318
 20.20194      320
 20.23416      322
 20.26638      324
 20.2986       327
 20.33082      329
 20.33082      331
 20.36304      334
 20.39526      335
 20.42748      338
 20.4597       340
 20.49192      343
 20.49192      346
 20.52414      348
 20.55636      351
 20.58858      354
 20.6208       357
 20.65302      360
 20.68524      362
 20.68524      365
 20.71746      368
 20.74968      371
 20.7819       374
 20.81412      377
 20.81412      380
 20.84634      383
 20.87856      386
 20.91078      389
 20.943        392
 20.97522      395
 20.97522      398
 21.00744      401
 21.03966      405
 21.07188      408
 21.1041       411
 21.13632      414
 21.13632      417
 21.16854      420
 21.20076      423
 21.23298      426
 21.2652       429
 21.29742      432
 21.29742      435
 21.32964      439
 21.36186      441
 21.39408      445
 21.4263       448
 21.45852      450
 21.45852      453
 21.49074      456
 21.52296      459
 21.55518      462
 21.5874       465
 21.61962      468
 21.61962      470
 21.65184      473
 21.68406      475
 21.71628      478
 21.7485       480
 21.78072      483
 21.78072      485
 21.81294      488
 21.84516      490
 21.87738      493
 21.9096       495
 21.94182      497
 21.94182      499
 21.97404      501
 22.00626      503
 22.03848      506
 22.0707       508
 22.10292      510
 22.10292      512
 22.13514      514
 22.16736      515
 22.19958      517
 22.2318       519
 22.26402      520
 22.26402      521
 22.29624      523
 22.32846      524
 22.36068      525
 22.3929       527
 22.3929       528
 22.42512      529
 22.45734      530
 22.48956      530
 22.52178      531
 22.554        532
 22.554        532
 22.58622      533
 22.61844      534
 22.65066      534
 22.68288      535
 22.7151       535
 22.7151       535
 22.77954      535
 22.81176      535
 22.84398      535
 22.8762       536
 22.8762       535
 22.90842      535
 22.94064      535
 22.97286      535
 22.97286      534
 23.00508      534
 23.0373       533
 23.06952      533
 23.10174      532
 23.13396      531
 23.13396      531
 23.16618      530
 23.1984       529
 23.23062      528
 23.26284      527
 23.29506      526
 23.29506      525
 23.32728      524
 23.3595       523
 23.39172      522
 23.42394      521
 23.42394      520
 23.45616      518
 23.48838      517
 23.5206       516
 23.55282      514
 23.58504      513
 23.58504      511
 23.61726      509
 23.64948      508
 23.6817       506
 23.71392      505
 23.71392      502
 23.74614      500
 23.77836      498
 23.81058      497
 23.8428       495
 23.8428       493
 23.87502      491
 23.90724      489
 23.93946      487
 23.97168      485
 24.0039       483
 24.0039       481
 24.03612      479
 24.06834      477
 24.10056      475
 24.13278      473
 24.13278      471
 24.165        469
 24.19722      467
 24.22944      464
 24.26166      462
 24.29388      460
 24.29388      458
 24.3261       455
 24.35832      453
 24.39054      451
 24.42276      448
 24.42276      446
 24.45498      444
 24.4872       442
 24.51942      440
 24.55164      438
 24.55164      436
 24.58386      434
 24.61608      432
 24.6483       430
 24.68052      428
 24.71274      427
 24.71274      425
 24.74496      423
 24.77718      422
 24.8094       421
 24.84162      419
 24.84162      418
 24.87384      417
 24.90606      416
 24.93828      415
 24.9705       415
 24.9705       414
 25.00272      413
 25.03494      413
 25.06716      412
 25.09938      412
 25.09938      412
 25.1316       412
 25.16382      412
 25.19604      412
 25.22826      413
 25.22826      413
 25.26048      413
 25.2927       414
 25.32492      415
 25.35714      415
 25.35714      416
 25.38936      417
 25.42158      418
 25.4538       419
 25.4538       420
 25.48602      421
 25.51824      422
 25.55046      423
 25.58268      425
 25.6149       426
 25.6149       427
 25.64712      429
 25.67934      430
 25.71156      432
 25.74378      433
 25.74378      435
 25.776        437
 25.80822      439
 25.84044      440
 25.87266      442
 25.87266      444
 25.90488      446
 25.9371       448
 25.96932      450
 26.00154      451
 26.03376      453
 26.06598      455
 26.0982       457
 26.13042      459
 26.13042      461
 26.16264      463
 26.19486      465
 26.22708      467
 26.2593       469
 26.2593       472
 26.29152      474
 26.32374      476
 26.35596      478
 26.38818      480
 26.38818      482
 26.4204       484
 26.45262      486
 26.48484      488
 26.48484      491
 26.51706      493
 26.54928      495
 26.5815       497
 26.61372      499
 26.61372      501
 26.64594      503
 26.67816      506
 26.71038      508
 26.7426       510
 26.7426       512
 26.77482      514
 26.80704      516
 26.83926      518
 26.87148      520
 26.87148      521
 26.9037       523
 26.93592      525
 26.96814      527
 26.96814      529
 27.00036      530
 27.03258      532
 27.0648       534
 27.09702      535
 27.09702      537
 27.12924      539
 27.16146      540
 27.19368      542
 27.2259       543
 27.2259       545
 27.25812      546
 27.29034      548
 27.32256      549
 27.32256      550
 27.35478      552
 27.387        553
 27.41922      554
 27.45144      555
 27.45144      556
 27.48366      558
 27.51588      559
 27.5481       560
 27.58032      561
 27.58032      562
 27.61254      563
 27.64476      564
 27.67698      565
 27.7092       566
 27.7092       566
 27.74142      567
 27.77364      568
 27.80586      569
 27.80586      570
 27.83808      570
 27.8703       571
 27.90252      571
 27.90252      572
 27.93474      573
 27.96696      573
 27.99918      574
 28.0314       574
 28.0314       575
 28.06362      575
 28.09584      576
 28.12806      576
 28.12806      577
 28.16028      577
 28.1925       577
 28.22472      578
 28.25694      578
 28.25694      578
 28.28916      579
 28.32138      579
 28.3536       580
 28.3536       580
 28.38582      580
 28.41804      580
 28.45026      581
 28.48248      581
