 0             0
 0             0
 0             0
 0             0
 0             0
 0             0
 0             0
 0             0
 0             0
 0             0
 3.222e-002    0
 3.222e-002    0
 6.444e-002    0
 9.666e-002    0
 9.666e-002    0
 0.12888       0
 0.1611        0
 0.19332       0
 0.22554       0
 0.25776       0
 0.25776       0
 0.28998       0
 0.3222        0
 0.35442       0
 0.38664       0
 0.41886       0
 0.45108       0
 0.4833        0
 0.4833        0
 0.51552       0
 0.54774       0
 0.57996       0
 0.61218       0
 0.6444        0
 0.6444        0
 0.70884       0
 0.70884       0
 0.74106       0
 0.77328       0
 0.8055        0
 0.83772       0
 0.86994       0
 0.90216       0
 0.93438       0
 0.93438       0
 0.9666        0
 0.99882       0
 1.03104       0
 1.06326       0
 1.09548       0
 1.1277        0
 1.15992       0
 1.19214       0
 1.19214       0
 1.25658       0
 1.25658       0
 1.2888        0
 1.32102       0
 1.35324       0
 1.38546       0
 1.41768       0
 1.4499        0
 1.48212       0
 1.51434       0
 1.51434       0
 1.54656       0
 1.57878       0
 1.611         0
 1.64322       0
 1.67544       0
 1.70766       0
 1.73988       0
 1.7721        0
 1.80432       0
 1.83654       0
 1.86876       0
 1.90098       0
 1.90098       0
 1.9332        0
 1.96542       0
 1.99764       0
 2.02986       0
 2.06208       0
 2.0943        0
 2.12652       0
 2.15874       0
 2.19096       0
 2.22318       0
 2.2554        0
 2.28762       0
 2.31984       0
 2.31984       0
 2.35206       0
 2.38428       0
 2.4165        0
 2.44872       0
 2.48094       0
 2.51316       0
 2.54538       0
 2.5776        0
 2.60982       0
 2.64204       0
 2.67426       0
 2.70648       0
 2.7387        0
 2.7387        0
 2.77092       0
 2.80314       0
 2.83536       0
 2.86758       0
 2.8998        0
 2.93202       0
 2.96424       0
 2.99646       0
 3.02868       0
 3.0609        0
 3.09312       0
 3.12534       0
 3.15756       0
 3.15756       1
 3.222         1
 3.25422       1
 3.28644       1
 3.31866       2
 3.35088       2
 3.3831        2
 3.41532       2
 3.44754       3
 3.47976       3
 3.51198       3
 3.5442        4
 3.57642       4
 3.60864       4
 3.60864       5
 3.64086       5
 3.67308       6
 3.7053        6
 3.73752       7
 3.76974       7
 3.80196       7
 3.83418       8
 3.8664        8
 3.89862       9
 3.93084       10
 3.96306       10
 3.99528       11
 4.0275        11
 4.05972       12
 4.05972       13
 4.09194       13
 4.12416       14
 4.15638       15
 4.1886        16
 4.22082       16
 4.25304       17
 4.28526       18
 4.31748       19
 4.3497        20
 4.38192       20
 4.41414       21
 4.44636       22
 4.47858       23
 4.5108        24
 4.5108        25
 4.54302       26
 4.57524       27
 4.60746       28
 4.63968       29
 4.6719        31
 4.70412       32
 4.73634       33
 4.76856       34
 4.80078       35
 4.833         37
 4.86522       38
 4.89744       39
 4.92966       41
 4.92966       42
 4.96188       43
 4.9941        45
 5.02632       46
 5.05854       47
 5.09076       49
 5.12298       50
 5.1552        52
 5.18742       53
 5.21964       55
 5.25186       57
 5.28408       58
 5.3163        60
 5.34852       61
 5.34852       63
 5.38074       65
 5.41296       67
 5.44518       68
 5.4774        70
 5.50962       72
 5.54184       74
 5.57406       76
 5.60628       78
 5.6385        80
 5.67072       82
 5.70294       84
 5.73516       86
 5.76738       88
 5.76738       90
 5.7996        92
 5.83182       94
 5.86404       97
 5.89626       99
 5.92848       102
 5.9607        104
 5.99292       106
 6.02514       109
 6.05736       111
 6.08958       113
 6.1218        116
 6.15402       118
 6.18624       121
 6.18624       123
 6.21846       126
 6.25068       128
 6.2829        131
 6.31512       133
 6.34734       136
 6.37956       138
 6.41178       141
 6.444         144
 6.50844       146
 6.50844       149
 6.54066       152
 6.57288       154
 6.6051        157
 6.63732       159
 6.66954       162
 6.70176       164
 6.73398       167
 6.7662        169
 6.79842       172
 6.83064       174
 6.86286       176
 6.89508       178
 6.89508       180
 6.9273        182
 6.95952       184
 6.99174       185
 7.02396       186
 7.05618       187
 7.0884        188
 7.12062       188
 7.15284       188
 7.18506       188
 7.21728       188
 7.2495        187
 7.2495        186
 7.28172       185
 7.31394       184
 7.34616       183
 7.37838       182
 7.4106        180
 7.44282       178
 7.47504       176
 7.50726       174
 7.53948       172
 7.5717        169
 7.60392       167
 7.63614       164
 7.63614       161
 7.66836       158
 7.70058       155
 7.7328        152
 7.76502       149
 7.79724       146
 7.82946       142
 7.86168       139
 7.8939        136
 7.92612       133
 7.95834       129
 7.95834       126
 7.99056       123
 8.02278       120
 8.055         117
 8.08722       114
 8.11944       111
 8.15166       109
 8.18388       106
 8.2161        104
 8.24832       102
 8.28054       99
 8.31276       97
 8.31276       95
 8.34498       93
 8.3772        91
 8.40942       91
 8.44164       90
 8.47386       89
 8.50608       88
 8.5383        87
 8.57052       86
 8.60274       85
 8.63496       84
 8.66718       84
 8.66718       83
 8.6994        82
 8.73162       82
 8.76384       82
 8.79606       82
 8.82828       82
 8.8605        82
 8.89272       82
 8.92494       82
 8.95716       83
 8.98938       83
 8.98938       84
 9.0216        84
 9.05382       85
 9.08604       86
 9.11826       87
 9.15048       88
 9.1827        89
 9.21492       90
 9.24714       91
 9.27936       92
 9.31158       94
 9.31158       95
 9.3438        96
 9.37602       98
 9.40824       99
 9.44046       102
 9.47268       103
 9.5049        105
 9.53712       107
 9.56934       109
 9.60156       110
 9.60156       112
 9.63378       114
 9.666         116
 9.69822       118
 9.76266       120
 9.79488       122
 9.8271        124
 9.85932       126
 9.89154       129
 9.89154       131
 9.92376       133
 9.95598       135
 9.9882        138
 10.02042      140
 10.05264      142
 10.08486      145
 10.11708      147
 10.1493       150
 10.18152      152
 10.21374      155
 10.21374      157
 10.24596      160
 10.27818      162
 10.3104       165
 10.34262      167
 10.37484      170
 10.40706      173
 10.43928      176
 10.4715       178
 10.50372      181
 10.50372      184
 10.53594      187
 10.56816      190
 10.60038      192
 10.6326       195
 10.66482      198
 10.69704      202
 10.72926      205
 10.76148      208
 10.7937       211
 10.7937       214
 10.82592      217
 10.85814      220
 10.89036      223
 10.92258      226
 10.9548       229
 10.98702      232
 11.01924      235
 11.05146      238
 11.08368      241
 11.08368      244
 11.1159       247
 11.14812      250
 11.18034      254
 11.21256      257
 11.24478      260
 11.277        263
 11.30922      266
 11.34144      269
 11.34144      273
 11.37366      276
 11.40588      279
 11.4381       282
 11.47032      285
 11.50254      288
 11.53476      291
 11.56698      294
 11.5992       297
 11.5992       300
 11.63142      303
 11.66364      306
 11.69586      309
 11.72808      311
 11.7603       314
 11.79252      316
 11.82474      318
 11.85696      320
 11.88918      322
 11.88918      323
 11.9214       325
 11.95362      326
 11.98584      328
 12.01806      329
 12.05028      329
 12.0825       330
 12.11472      330
 12.14694      331
 12.14694      331
 12.17916      330
 12.21138      330
 12.2436       330
 12.27582      329
 12.30804      328
 12.34026      327
 12.37248      326
 12.4047       324
 12.4047       323
 12.43692      321
 12.46914      319
 12.50136      317
 12.53358      307
 12.5658       294
 12.59802      286
 12.63024      280
 12.63024      277
 12.66246      274
 12.69468      271
 12.7269       269
 12.75912      266
 12.79134      263
 12.82356      260
 12.85578      256
 12.888        253
 12.92022      249
 12.92022      244
 12.95244      240
 13.01688      235
 13.0491       230
 13.08132      225
 13.11354      220
 13.14576      215
 13.14576      210
 13.17798      204
 13.2102       199
 13.24242      194
 13.27464      189
 13.30686      185
 13.33908      180
 13.3713       176
 13.40352      173
 13.40352      169
 13.43574      166
 13.46796      163
 13.50018      161
 13.5324       158
 13.56462      156
 13.59684      154
 13.62906      152
 13.62906      150
 13.66128      148
 13.6935       147
 13.72572      146
 13.75794      145
 13.79016      144
 13.82238      144
 13.8546       143
 13.8546       143
 13.88682      143
 13.91904      143
 13.95126      143
 13.98348      143
 14.0157       143
 14.04792      144
 14.08014      144
 14.11236      145
 14.11236      146
 14.14458      146
 14.1768       147
 14.20902      149
 14.24124      150
 14.27346      151
 14.30568      152
 14.3379       153
 14.3379       155
 14.37012      156
 14.40234      158
 14.43456      160
 14.46678      161
 14.499        164
 14.53122      167
 14.56344      169
 14.56344      171
 14.59566      173
 14.62788      174
 14.6601       176
 14.69232      178
 14.72454      180
 14.75676      182
 14.78898      184
 14.78898      186
 14.8212       188
 14.85342      190
 14.88564      193
 14.91786      195
 14.95008      197
 14.9823       200
 15.01452      203
 15.01452      205
 15.04674      208
 15.07896      210
 15.11118      213
 15.1434       216
 15.17562      218
 15.20784      221
 15.24006      224
 15.24006      226
 15.27228      229
 15.3045       232
 15.33672      234
 15.36894      237
 15.40116      240
 15.43338      243
 15.43338      246
 15.4656       248
 15.49782      251
 15.53004      254
 15.56226      257
 15.59448      260
 15.6267       263
 15.65892      266
 15.65892      269
 15.69114      272
 15.72336      275
 15.75558      278
 15.7878       281
 15.82002      284
 15.85224      288
 15.88446      291
 15.88446      294
 15.91668      297
 15.9489       300
 15.98112      304
 16.01334      307
 16.04556      310
 16.07778      313
 16.07778      317
 16.11         320
 16.14222      323
 16.17444      326
 16.20666      329
 16.2711       332
 16.30332      336
 16.30332      339
 16.33554      342
 16.36776      345
 16.39998      348
 16.4322       351
 16.46442      354
 16.49664      357
 16.52886      360
 16.52886      363
 16.56108      365
 16.5933       368
 16.62552      371
 16.65774      373
 16.68996      376
 16.68996      378
 16.72218      381
 16.7544       383
 16.78662      385
 16.81884      387
 16.85106      389
 16.88328      391
 16.88328      393
 16.9155       395
 16.94772      397
 16.97994      399
 17.01216      400
 17.04438      401
 17.0766       402
 17.0766       404
 17.10882      405
 17.14104      406
 17.17326      407
 17.20548      407
 17.2377       408
 17.26992      408
 17.30214      409
 17.30214      409
 17.33436      409
 17.36658      409
 17.3988       409
 17.43102      409
 17.46324      408
 17.49546      407
 17.49546      407
 17.52768      406
 17.5599       405
 17.59212      403
 17.62434      401
 17.65656      400
 17.68878      398
 17.68878      396
 17.721        394
 17.75322      392
 17.78544      390
 17.81766      388
 17.84988      385
 17.8821       383
 17.8821       380
 17.91432      377
 17.94654      374
 17.97876      371
 18.01098      367
 18.0432       364
 18.07542      360
 18.07542      356
 18.10764      353
 18.13986      348
 18.17208      344
 18.2043       340
 18.23652      336
 18.23652      331
 18.26874      327
 18.30096      322
 18.33318      318
 18.3654       313
 18.39762      308
 18.42984      304
 18.42984      299
 18.46206      294
 18.49428      290
 18.5265       285
 18.55872      281
 18.59094      277
 18.62316      273
 18.62316      269
 18.65538      265
 18.6876       262
 18.71982      258
 18.75204      255
 18.78426      252
 18.78426      249
 18.81648      247
 18.8487       244
 18.88092      242
 18.91314      240
 18.94536      238
 18.97758      236
 18.97758      235
 19.0098       233
 19.04202      232
 19.07424      231
 19.10646      230
 19.13868      230
 19.1709       229
 19.1709       229
 19.20312      228
 19.23534      228
 19.26756      228
 19.29978      228
 19.332        228
 19.36422      228
 19.36422      228
 19.39644      229
 19.42866      229
 19.46088      230
 19.52532      230
 19.52532      231
 19.55754      232
 19.58976      233
 19.62198      234
 19.6542       235
 19.68642      236
 19.71864      237
 19.71864      238
 19.75086      239
 19.78308      241
 19.8153       242
 19.84752      244
 19.87974      245
 19.87974      247
 19.91196      248
 19.94418      250
 19.9764       252
 20.00862      254
 20.04084      255
 20.04084      257
 20.07306      259
 20.10528      261
 20.1375       263
 20.16972      265
 20.20194      267
 20.23416      270
 20.23416      272
 20.26638      274
 20.2986       276
 20.33082      278
 20.36304      281
 20.39526      283
 20.39526      286
 20.42748      288
 20.4597       290
 20.49192      293
 20.52414      296
 20.55636      298
 20.55636      301
 20.58858      304
 20.6208       307
 20.65302      309
 20.68524      312
 20.71746      314
 20.71746      317
 20.74968      320
 20.7819       323
 20.81412      325
 20.84634      328
 20.87856      331
 20.91078      334
 20.91078      336
 20.943        339
 20.97522      342
 21.00744      345
 21.03966      348
 21.07188      350
 21.07188      353
 21.1041       356
 21.13632      359
 21.16854      361
 21.20076      364
 21.23298      367
 21.23298      370
 21.2652       373
 21.29742      375
 21.32964      379
 21.36186      382
 21.36186      383
 21.39408      384
 21.4263       386
 21.45852      387
 21.49074      390
 21.52296      392
 21.55518      394
 21.55518      397
 21.5874       399
 21.61962      401
 21.65184      405
 21.68406      407
 21.71628      409
 21.71628      412
 21.7485       414
 21.78072      416
 21.81294      418
 21.84516      420
 21.84516      423
 21.87738      425
 21.9096       426
 21.94182      428
 21.97404      430
 22.00626      432
 22.00626      434
 22.03848      435
 22.0707       437
 22.10292      438
 22.13514      440
 22.16736      440
 22.16736      441
 22.19958      444
 22.2318       439
 22.26402      438
 22.29624      439
 22.32846      440
 22.32846      442
 22.36068      443
 22.3929       444
 22.42512      445
 22.45734      446
 22.48956      447
 22.48956      448
 22.52178      448
 22.554        449
 22.58622      449
 22.61844      449
 22.65066      450
 22.65066      450
 22.68288      450
 22.7151       450
 22.77954      449
 22.77954      449
 22.81176      449
 22.84398      448
 22.8762       448
 22.90842      447
 22.90842      447
 22.94064      446
 22.97286      445
 23.00508      444
 23.0373       443
 23.06952      442
 23.06952      441
 23.10174      440
 23.13396      438
 23.16618      437
 23.1984       436
 23.1984       435
 23.23062      433
 23.26284      432
 23.29506      430
 23.32728      429
 23.3595       427
 23.3595       426
 23.39172      424
 23.42394      422
 23.45616      421
 23.48838      419
 23.5206       418
 23.5206       416
 23.55282      414
 23.58504      412
 23.61726      410
 23.64948      407
 23.64948      405
 23.6817       402
 23.71392      400
 23.74614      398
 23.77836      396
 23.81058      394
 23.81058      391
 23.8428       389
 23.87502      387
 23.90724      385
 23.93946      383
 23.93946      381
 23.97168      379
 24.0039       377
 24.03612      375
 24.06834      373
 24.06834      371
 24.10056      369
 24.13278      367
 24.165        365
 24.19722      363
 24.22944      362
 24.22944      360
 24.26166      358
 24.29388      356
 24.3261       355
 24.35832      353
 24.35832      352
 24.39054      350
 24.42276      349
 24.45498      347
 24.4872       346
 24.4872       345
 24.51942      344
 24.55164      343
 24.58386      342
 24.61608      341
 24.61608      340
 24.6483       340
 24.68052      339
 24.71274      339
 24.74496      338
 24.74496      338
 24.77718      338
 24.8094       337
 24.84162      337
 24.87384      337
 24.90606      337
 24.90606      337
 24.93828      337
 24.9705       337
 25.00272      338
 25.00272      338
 25.03494      339
 25.06716      339
 25.09938      340
 25.1316       340
 25.1316       341
 25.16382      342
 25.19604      343
 25.22826      344
 25.26048      345
 25.26048      346
 25.2927       347
 25.32492      348
 25.35714      349
 25.38936      350
 25.38936      352
 25.42158      353
 25.4538       354
 25.48602      356
 25.51824      357
 25.55046      359
 25.55046      360
 25.58268      362
 25.6149       363
 25.64712      365
 25.67934      367
 25.67934      368
 25.71156      370
 25.74378      372
 25.776        374
 25.776        376
 25.80822      378
 25.84044      379
 25.87266      381
 25.90488      383
 25.9371       385
 25.9371       387
 25.96932      389
 26.03376      391
 26.06598      393
 26.06598      395
 26.0982       397
 26.13042      399
 26.16264      401
 26.19486      404
 26.19486      406
 26.22708      408
 26.2593       410
 26.29152      412
 26.32374      414
 26.32374      416
 26.35596      418
 26.38818      420
 26.4204       422
 26.45262      424
 26.45262      426
 26.48484      428
 26.51706      430
 26.54928      432
 26.5815       433
 26.5815       435
 26.61372      437
 26.64594      439
 26.67816      441
 26.67816      443
 26.71038      445
 26.7426       446
 26.77482      448
 26.80704      450
 26.80704      452
 26.83926      453
 26.87148      455
 26.9037       457
 26.93592      458
 26.93592      460
 26.96814      462
 27.00036      463
 27.03258      465
 27.0648       466
 27.0648       468
 27.09702      469
 27.12924      470
 27.16146      472
 27.16146      473
 27.19368      474
 27.2259       476
 27.25812      477
 27.29034      478
 27.29034      479
 27.32256      480
 27.35478      481
 27.387        482
 27.41922      483
 27.41922      484
 27.45144      485
 27.48366      486
 27.51588      487
 27.51588      488
 27.5481       489
 27.58032      490
 27.61254      490
 27.64476      491
 27.64476      492
 27.67698      493
 27.7092       493
 27.74142      494
 27.74142      494
 27.77364      495
 27.80586      495
 27.83808      496
 27.8703       496
 27.8703       496
 27.90252      497
 27.93474      497
 27.96696      497
 27.96696      498
 27.99918      498
 28.0314       498
 28.06362      499
 28.09584      499
 28.09584      499
 28.12806      499
 28.16028      499
 28.1925       500
 28.1925       500
 28.22472      500
 28.25694      500
 28.28916      500
 28.28916      500
 28.32138      500
 28.3536       500
 28.38582      500
 28.41804      500
 28.41804      500
 28.45026      500
 28.48248      500
 28.5147       500
