 0             0
 0             0
 0             0
 0             0
 0             0
 0             0
 0             0
 0             0
 0             0
 0             0
 0             0
 0             0
 0             0
 0             0
 3.222e-002    0
 3.222e-002    0
 6.444e-002    0
 9.666e-002    0
 0.12888       0
 0.12888       0
 0.1611        0
 0.19332       0
 0.22554       0
 0.25776       0
 0.25776       0
 0.28998       0
 0.3222        0
 0.35442       0
 0.38664       0
 0.41886       0
 0.45108       0
 0.4833        0
 0.51552       0
 0.51552       0
 0.54774       0
 0.57996       0
 0.61218       0
 0.6444        0
 0.67662       0
 0.70884       0
 0.74106       0
 0.77328       0
 0.8055        0
 0.83772       0
 0.83772       0
 0.86994       0
 0.90216       0
 0.93438       0
 0.9666        0
 0.99882       0
 1.03104       0
 1.06326       0
 1.09548       0
 1.1277        0
 1.15992       0
 1.19214       0
 1.22436       0
 1.22436       0
 1.25658       0
 1.2888        0
 1.32102       0
 1.35324       0
 1.38546       0
 1.41768       0
 1.4499        0
 1.48212       0
 1.51434       0
 1.54656       0
 1.57878       0
 1.611         0
 1.611         0
 1.64322       0
 1.67544       0
 1.70766       0
 1.73988       0
 1.7721        0
 1.80432       0
 1.83654       0
 1.86876       0
 1.90098       0
 1.9332        0
 1.96542       0
 1.99764       0
 2.02986       0
 2.02986       0
 2.06208       0
 2.0943        0
 2.12652       0
 2.15874       0
 2.19096       0
 2.22318       0
 2.2554        0
 2.28762       0
 2.31984       0
 2.35206       0
 2.38428       0
 2.4165        0
 2.44872       0
 2.44872       0
 2.48094       0
 2.51316       0
 2.54538       0
 2.5776        0
 2.60982       0
 2.64204       0
 2.67426       0
 2.70648       0
 2.7387        0
 2.77092       0
 2.80314       0
 2.83536       0
 2.83536       0
 2.86758       0
 2.8998        0
 2.93202       0
 2.96424       0
 2.99646       0
 3.02868       0
 3.0609        0
 3.09312       0
 3.12534       0
 3.15756       0
 3.18978       0
 3.222         0
 3.25422       0
 3.28644       0
 3.31866       0
 3.35088       0
 3.3831        0
 3.41532       0
 3.44754       0
 3.47976       0
 3.51198       0
 3.5442        0
 3.57642       0
 3.60864       0
 3.60864       0
 3.64086       0
 3.67308       0
 3.7053        0
 3.73752       0
 3.76974       0
 3.80196       0
 3.83418       0
 3.8664        0
 3.89862       0
 3.93084       0
 3.96306       0
 3.96306       0
 3.99528       0
 4.0275        0
 4.05972       0
 4.09194       0
 4.12416       0
 4.15638       0
 4.1886        0
 4.22082       0
 4.25304       0
 4.28526       0
 4.31748       0
 4.31748       0
 4.3497        0
 4.38192       0
 4.41414       0
 4.44636       0
 4.47858       0
 4.5108        0
 4.54302       0
 4.57524       0
 4.60746       0
 4.63968       0
 4.6719        0
 4.6719        0
 4.70412       0
 4.73634       0
 4.76856       0
 4.80078       0
 4.833         0
 4.86522       0
 4.89744       0
 4.92966       0
 4.96188       0
 4.9941        0
 5.02632       0
 5.02632       0
 5.05854       0
 5.09076       0
 5.12298       0
 5.1552        0
 5.18742       0
 5.21964       0
 5.25186       0
 5.28408       0
 5.3163        0
 5.34852       0
 5.34852       0
 5.38074       0
 5.41296       0
 5.44518       0
 5.4774        0
 5.50962       0
 5.54184       0
 5.57406       0
 5.60628       0
 5.6385        0
 5.67072       0
 5.70294       0
 5.70294       0
 5.73516       0
 5.76738       0
 5.7996        0
 5.83182       0
 5.86404       0
 5.89626       0
 5.92848       0
 5.9607        0
 5.99292       0
 6.02514       0
 6.02514       0
 6.05736       0
 6.08958       0
 6.1218        0
 6.15402       0
 6.18624       0
 6.21846       0
 6.25068       0
 6.2829        0
 6.31512       0
 6.34734       0
 6.34734       0
 6.37956       0
 6.41178       0
 6.444         0
 6.50844       0
 6.54066       0
 6.57288       0
 6.6051        0
 6.63732       0
 6.63732       0
 6.66954       0
 6.70176       0
 6.73398       0
 6.7662        0
 6.79842       0
 6.83064       0
 6.86286       0
 6.89508       0
 6.9273        0
 6.95952       0
 6.95952       0
 6.99174       0
 7.02396       0
 7.05618       0
 7.0884        0
 7.12062       0
 7.15284       0
 7.18506       0
 7.21728       0
 7.2495        0
 7.2495        0
 7.28172       0
 7.31394       0
 7.34616       0
 7.37838       0
 7.4106        0
 7.44282       0
 7.47504       0
 7.50726       0
 7.53948       0
 7.53948       0
 7.5717        0
 7.60392       0
 7.63614       0
 7.66836       0
 7.70058       0
 7.7328        0
 7.76502       0
 7.79724       0
 7.82946       0
 7.82946       0
 7.86168       0
 7.8939        0
 7.92612       0
 7.95834       0
 7.99056       0
 8.02278       0
 8.055         0
 8.08722       0
 8.08722       0
 8.11944       0
 8.15166       0
 8.18388       0
 8.2161        0
 8.24832       0
 8.28054       0
 8.31276       0
 8.34498       0
 8.3772        0
 8.3772        0
 8.40942       0
 8.44164       0
 8.47386       0
 8.50608       0
 8.5383        0
 8.57052       0
 8.60274       0
 8.63496       0
 8.66718       0
 8.66718       0
 8.6994        0
 8.73162       0
 8.76384       0
 8.79606       0
 8.82828       0
 8.8605        0
 8.89272       0
 8.92494       0
 8.92494       0
 8.95716       0
 8.98938       0
 9.0216        0
 9.05382       0
 9.08604       0
 9.11826       0
 9.15048       0
 9.1827        0
 9.1827        0
 9.21492       0
 9.24714       0
 9.27936       0
 9.31158       0
 9.3438        0
 9.37602       0
 9.40824       0
 9.44046       0
 9.44046       0
 9.47268       0
 9.5049        0
 9.53712       0
 9.56934       0
 9.60156       0
 9.63378       0
 9.666         0
 9.69822       0
 9.73044       0
 9.76266       0
 9.79488       0
 9.8271        0
 9.85932       0
 9.89154       0
 9.92376       0
 9.95598       0
 9.95598       0
 9.9882        0
 10.02042      0
 10.05264      0
 10.08486      0
 10.11708      0
 10.1493       0
 10.18152      0
 10.21374      0
 10.21374      0
 10.24596      0
 10.27818      0
 10.3104       0
 10.34262      0
 10.37484      0
 10.40706      0
 10.43928      0
 10.43928      0
 10.4715       0
 10.50372      0
 10.53594      0
 10.56816      0
 10.60038      0
 10.6326       0
 10.66482      0
 10.69704      0
 10.69704      0
 10.72926      0
 10.76148      0
 10.7937       0
 10.82592      0
 10.85814      0
 10.89036      0
 10.92258      0
 10.92258      0
 10.9548       0
 10.98702      0
 11.01924      0
 11.05146      0
 11.08368      0
 11.1159       0
 11.14812      0
 11.18034      0
 11.18034      0
 11.21256      0
 11.24478      0
 11.277        0
 11.30922      0
 11.34144      0
 11.37366      0
 11.40588      0
 11.40588      0
 11.4381       0
 11.47032      0
 11.50254      0
 11.53476      0
 11.56698      0
 11.5992       0
 11.5992       0
 11.63142      0
 11.66364      0
 11.69586      0
 11.72808      0
 11.7603       0
 11.79252      0
 11.82474      0
 11.85696      0
 11.85696      0
 11.88918      0
 11.9214       0
 11.95362      0
 11.98584      0
 12.01806      0
 12.05028      0
 12.0825       0
 12.0825       0
 12.11472      0
 12.14694      0
 12.17916      0
 12.21138      0
 12.2436       0
 12.27582      0
 12.30804      0
 12.30804      0
 12.34026      0
 12.37248      0
 12.4047       0
 12.43692      0
 12.46914      0
 12.50136      0
 12.50136      0
 12.53358      0
 12.5658       0
 12.59802      0
 12.63024      0
 12.66246      0
 12.69468      0
 12.7269       0
 12.7269       0
 12.75912      0
 12.79134      0
 12.82356      0
 12.85578      0
 12.888        0
 12.92022      0
 12.95244      1
 12.95244      1
 13.01688      1
 13.0491       2
 13.08132      2
 13.11354      3
 13.14576      3
 13.17798      4
 13.17798      4
 13.2102       5
 13.24242      5
 13.27464      6
 13.30686      7
 13.33908      7
 13.3713       8
 13.3713       9
 13.40352      10
 13.43574      10
 13.46796      11
 13.50018      12
 13.5324       13
 13.56462      14
 13.56462      15
 13.59684      16
 13.62906      17
 13.66128      18
 13.6935       19
 13.72572      20
 13.75794      21
 13.79016      22
 13.79016      23
 13.82238      24
 13.8546       26
 13.88682      27
 13.91904      28
 13.95126      30
 13.98348      31
 14.0157       32
 14.0157       34
 14.04792      35
 14.08014      37
 14.11236      38
 14.14458      40
 14.1768       41
 14.20902      43
 14.20902      45
 14.24124      46
 14.27346      48
 14.30568      50
 14.3379       52
 14.37012      54
 14.40234      56
 14.43456      58
 14.43456      60
 14.46678      62
 14.499        64
 14.53122      66
 14.56344      68
 14.59566      70
 14.59566      72
 14.62788      75
 14.6601       77
 14.69232      79
 14.72454      82
 14.75676      84
 14.78898      87
 14.78898      90
 14.8212       92
 14.85342      95
 14.88564      98
 14.91786      101
 14.95008      104
 14.9823       107
 14.9823       111
 15.01452      114
 15.04674      118
 15.07896      123
 15.11118      197
 15.1434       333
 15.17562      455
 15.17562      563
 15.20784      659
 15.24006      744
 15.27228      820
 15.3045       888
 15.33672      948
 15.33672      1002
 15.36894      1033
 15.40116      1033
 15.43338      1033
 15.4656       1033
 15.49782      1033
 15.53004      1033
 15.56226      1033
 15.56226      1033
 15.59448      1033
 15.6267       1033
 15.65892      1033
 15.69114      1033
 15.72336      1033
 15.72336      1033
 15.75558      1033
 15.7878       1033
 15.82002      1033
 15.85224      1033
 15.88446      1033
 15.91668      1033
 15.91668      1033
 15.9489       1033
 15.98112      1033
 16.01334      1033
 16.04556      1033
 16.07778      1033
 16.07778      1033
 16.11         1033
 16.14222      1033
 16.17444      1033
 16.20666      1033
 16.2711       1033
 16.2711       1033
 16.30332      1033
 16.33554      1033
 16.36776      1033
 16.39998      1033
 16.4322       1033
 16.46442      1033
 16.46442      1033
 16.49664      1033
 16.52886      1033
 16.56108      1033
 16.5933       1033
 16.62552      1033
 16.62552      1033
 16.65774      1033
 16.68996      1033
 16.72218      1033
 16.7544       1033
 16.78662      1033
 16.78662      1033
 16.81884      1033
 16.85106      1033
 16.88328      1033
 16.9155       1033
 16.94772      1033
 16.97994      1033
 16.97994      1033
 17.01216      1033
 17.04438      1033
 17.0766       1033
 17.10882      1033
 17.14104      1033
 17.14104      1033
 17.17326      1033
 17.20548      1033
 17.2377       1033
 17.26992      1033
 17.30214      1033
 17.33436      1033
 17.33436      1033
 17.36658      1033
 17.3988       1033
 17.43102      1033
 17.46324      1033
 17.46324      1033
 17.49546      1033
 17.52768      1033
 17.5599       1033
 17.59212      1033
 17.62434      1033
 17.65656      1033
 17.65656      1033
 17.68878      1033
 17.721        1033
 17.75322      1033
 17.78544      1033
 17.81766      1033
 17.81766      1033
 17.84988      1033
 17.8821       1033
 17.91432      1033
 17.94654      1033
 17.97876      1033
 17.97876      1033
 18.01098      1033
 18.0432       1033
 18.07542      1033
 18.10764      1033
 18.13986      1033
 18.13986      1033
 18.17208      1033
 18.2043       1033
 18.23652      1033
 18.26874      1033
 18.30096      1033
 18.30096      1033
 18.33318      1033
 18.3654       1033
 18.39762      1033
 18.42984      1033
 18.46206      1033
 18.46206      1033
 18.49428      1033
 18.5265       1033
 18.55872      1033
 18.59094      1033
 18.62316      1033
 18.62316      1033
 18.65538      1033
 18.6876       1033
 18.71982      1033
 18.75204      1033
 18.78426      1033
 18.78426      1033
 18.81648      1033
 18.8487       1033
 18.88092      1033
 18.91314      1033
 18.94536      1033
 18.94536      1033
 18.97758      1033
 19.0098       1033
 19.04202      1033
 19.07424      1033
 19.10646      1033
 19.10646      1033
 19.13868      1033
 19.1709       1033
 19.20312      1033
 19.23534      1033
 19.26756      1033
 19.26756      1033
 19.29978      1033
 19.332        1033
 19.36422      1033
 19.39644      1033
 19.39644      1033
 19.42866      1033
 19.46088      1033
 19.52532      1033
 19.55754      1033
 19.55754      1033
 19.58976      1033
 19.62198      1033
 19.6542       1033
 19.68642      1033
 19.71864      1033
 19.71864      1033
 19.75086      1033
 19.78308      1033
 19.8153       1033
 19.84752      1033
 19.87974      1033
 19.87974      1033
 19.91196      1033
 19.94418      1033
 19.9764       1033
 20.00862      1033
 20.04084      1033
 20.04084      1033
 20.07306      1033
 20.10528      1033
 20.1375       1033
 20.16972      1033
 20.16972      1033
 20.20194      1033
 20.23416      1033
 20.26638      1033
 20.2986       1033
 20.33082      1033
 20.33082      1033
 20.36304      1033
 20.39526      1033
 20.42748      1033
 20.4597       1033
 20.4597       1033
 20.49192      1033
 20.52414      1033
 20.55636      1033
 20.58858      1033
 20.6208       1033
 20.6208       1033
 20.65302      1033
 20.68524      1033
 20.71746      1033
 20.74968      1033
 20.7819       1033
 20.7819       1033
 20.81412      1033
 20.84634      1033
 20.87856      1033
 20.91078      1033
 20.91078      1033
 20.943        1033
 20.97522      1033
 21.00744      1033
 21.03966      1033
 21.07188      1033
 21.07188      1033
 21.1041       1033
 21.13632      1033
 21.16854      1033
 21.20076      1033
 21.20076      1033
 21.23298      1033
 21.2652       1033
 21.29742      1033
 21.32964      1033
 21.36186      1033
 21.36186      1033
 21.39408      1033
 21.4263       1033
 21.45852      1033
 21.49074      1033
 21.49074      1033
 21.52296      1033
 21.55518      1033
 21.5874       1033
 21.61962      1033
 21.61962      1033
 21.65184      1033
 21.68406      1033
 21.71628      1033
 21.7485       1033
 21.78072      1033
 21.78072      1033
 21.81294      1033
 21.84516      1033
 21.87738      1033
 21.9096       1033
 21.9096       1033
 21.94182      1033
 21.97404      1033
 22.00626      1033
 22.03848      1033
 22.03848      1033
 22.0707       1033
 22.10292      1033
 22.13514      1033
 22.16736      1033
 22.16736      1033
 22.19958      1033
 22.2318       1033
 22.26402      1033
 22.29624      1033
 22.29624      1033
 22.32846      1033
 22.36068      1033
 22.3929       1033
 22.42512      1033
 22.45734      1033
 22.45734      1033
 22.48956      1033
 22.52178      1033
 22.554        1033
 22.58622      1033
 22.58622      1033
 22.61844      1033
 22.65066      1033
 22.68288      1033
 22.7151       1033
 22.7151       1033
 22.77954      1033
 22.81176      1033
 22.84398      1033
 22.84398      1033
 22.8762       1033
 22.90842      1033
 22.94064      1033
 22.97286      1033
 22.97286      1033
 23.00508      1033
 23.0373       1033
 23.06952      1033
 23.10174      1033
 23.10174      1033
 23.13396      1033
 23.16618      1033
 23.1984       1033
 23.23062      1033
 23.23062      1033
 23.26284      1033
 23.29506      1033
 23.32728      1033
 23.3595       1033
 23.3595       1033
 23.39172      1033
 23.42394      1033
 23.45616      1033
 23.48838      1033
 23.48838      1033
 23.5206       1033
 23.55282      1033
 23.58504      1033
 23.61726      1033
 23.61726      1033
 23.64948      1033
 23.6817       1033
 23.71392      1033
 23.74614      1033
 23.74614      1033
 23.77836      1033
 23.81058      1033
 23.8428       1033
 23.87502      1033
 23.87502      1033
 23.90724      1033
 23.93946      1033
 23.97168      1033
 24.0039       1033
 24.0039       1033
 24.03612      1033
 24.06834      1033
 24.10056      1033
 24.13278      1033
 24.13278      1033
 24.165        1033
 24.19722      1033
 24.22944      1033
 24.26166      1033
 24.26166      1033
 24.29388      1033
 24.3261       1033
 24.35832      1033
 24.35832      1033
 24.39054      1033
 24.42276      1033
 24.45498      1033
 24.4872       1033
 24.4872       1033
 24.51942      1033
 24.55164      1033
 24.58386      1033
 24.61608      1033
 24.61608      1033
 24.6483       1033
 24.68052      1033
 24.71274      1033
 24.74496      1033
 24.74496      1033
 24.77718      1033
 24.8094       1033
 24.84162      1033
 24.84162      1033
 24.87384      1033
 24.90606      1033
 24.93828      1033
 24.9705       1033
 24.9705       1033
 25.00272      1033
 25.03494      1033
 25.06716      1033
 25.09938      1033
 25.09938      1033
 25.1316       1033
 25.16382      1033
 25.19604      1033
 25.19604      1033
 25.22826      1033
 25.26048      1033
 25.2927       1033
 25.32492      1033
 25.32492      1033
 25.35714      1033
 25.38936      1033
 25.42158      1033
 25.42158      1033
 25.4538       1033
 25.48602      1033
 25.51824      1033
 25.55046      1033
 25.55046      1033
 25.58268      1033
 25.6149       1033
 25.64712      1033
 25.67934      1033
 25.67934      1033
 25.71156      1033
 25.74378      1033
 25.776        1033
 25.80822      1033
 25.80822      1033
 25.84044      1033
 25.87266      1033
 25.90488      1033
 25.90488      1033
 25.9371       1033
 25.96932      1033
 26.03376      1033
 26.06598      1033
 26.06598      1033
 26.0982       1033
 26.13042      1033
 26.16264      1033
 26.16264      1033
 26.19486      1033
 26.22708      1033
 26.2593       1033
 26.29152      1033
 26.29152      1033
 26.32374      1033
 26.35596      1033
 26.38818      1033
 26.38818      1033
 26.4204       1033
 26.45262      1033
 26.48484      1033
 26.51706      1033
 26.51706      1033
 26.54928      1033
 26.5815       1033
 26.61372      1033
 26.61372      1033
 26.64594      1033
 26.67816      1033
 26.71038      1033
 26.71038      1033
 26.7426       1033
 26.77482      1033
 26.80704      1033
 26.83926      1033
 26.83926      1033
 26.87148      1033
 26.9037       1033
 26.93592      1033
 26.93592      1033
 26.96814      1033
 27.00036      1033
 27.03258      1033
 27.03258      1033
 27.0648       1033
 27.09702      1033
 27.12924      1033
 27.16146      1033
 27.16146      1033
 27.19368      1033
 27.2259       1033
 27.25812      1033
 27.25812      1033
 27.29034      1033
 27.32256      1033
 27.35478      1033
 27.35478      1033
 27.387        1033
 27.41922      1033
 27.45144      1033
 27.45144      1033
 27.48366      1033
 27.51588      1033
 27.5481       1033
 27.58032      1033
 27.58032      1033
 27.61254      1033
 27.64476      1033
 27.67698      1033
 27.7092       1033
 27.74142      1033
 27.74142      1033
 27.77364      1033
 27.80586      1033
 27.83808      1033
 27.83808      1033
 27.8703       1033
 27.90252      1033
 27.93474      1033
 27.93474      1033
 27.96696      1033
 27.99918      1033
