 0             0
 0             0
 0             0
 0             0
 0             0
 0             0
 0             0
 0             0
 0             0
 0             0
 0             0
 0             0
 0             0
 0             0
 3.222e-002    0
 3.222e-002    0
 6.444e-002    0
 9.666e-002    0
 0.12888       0
 0.1611        0
 0.1611        0
 0.19332       0
 0.22554       0
 0.25776       0
 0.28998       0
 0.3222        0
 0.3222        0
 0.35442       0
 0.38664       0
 0.41886       0
 0.45108       0
 0.4833        0
 0.51552       0
 0.54774       0
 0.54774       0
 0.57996       0
 0.61218       0
 0.6444        0
 0.67662       0
 0.70884       0
 0.74106       0
 0.77328       0
 0.8055        0
 0.83772       0
 0.86994       0
 0.90216       0
 0.93438       0
 0.93438       0
 0.9666        0
 0.99882       0
 1.03104       0
 1.06326       0
 1.09548       0
 1.1277        0
 1.15992       0
 1.19214       0
 1.22436       0
 1.25658       0
 1.2888        0
 1.32102       0
 1.32102       0
 1.35324       0
 1.38546       0
 1.41768       0
 1.4499        0
 1.48212       0
 1.51434       0
 1.54656       0
 1.57878       0
 1.611         0
 1.64322       0
 1.67544       0
 1.70766       0
 1.73988       0
 1.7721        0
 1.7721        0
 1.80432       0
 1.83654       0
 1.86876       0
 1.90098       0
 1.9332        0
 1.96542       0
 1.99764       0
 2.02986       0
 2.06208       0
 2.0943        0
 2.12652       0
 2.15874       0
 2.19096       0
 2.22318       0
 2.22318       0
 2.2554        0
 2.28762       0
 2.31984       0
 2.35206       0
 2.38428       0
 2.4165        0
 2.44872       0
 2.48094       0
 2.51316       0
 2.54538       0
 2.5776        0
 2.60982       0
 2.64204       0
 2.64204       0
 2.67426       0
 2.70648       0
 2.7387        0
 2.77092       0
 2.80314       0
 2.83536       0
 2.86758       0
 2.8998        0
 2.93202       0
 2.96424       0
 2.99646       0
 3.02868       0
 3.0609        0
 3.0609        0
 3.09312       0
 3.12534       0
 3.15756       0
 3.18978       0
 3.25422       0
 3.28644       0
 3.31866       0
 3.35088       0
 3.3831        0
 3.41532       0
 3.41532       0
 3.44754       0
 3.47976       0
 3.51198       0
 3.5442        0
 3.57642       0
 3.60864       0
 3.64086       0
 3.67308       0
 3.7053        0
 3.73752       0
 3.76974       0
 3.80196       0
 3.83418       0
 3.8664        0
 3.8664        0
 3.89862       0
 3.93084       0
 3.96306       0
 3.99528       0
 4.0275        0
 4.05972       0
 4.09194       0
 4.12416       0
 4.15638       0
 4.1886        0
 4.22082       0
 4.25304       0
 4.25304       0
 4.28526       0
 4.31748       0
 4.3497        0
 4.38192       0
 4.41414       0
 4.44636       0
 4.47858       0
 4.5108        0
 4.54302       0
 4.57524       0
 4.60746       0
 4.63968       0
 4.63968       0
 4.6719        0
 4.70412       0
 4.73634       0
 4.76856       0
 4.80078       0
 4.833         0
 4.86522       0
 4.89744       0
 4.92966       0
 4.96188       0
 4.9941        0
 4.9941        0
 5.02632       0
 5.05854       0
 5.09076       0
 5.12298       0
 5.1552        0
 5.18742       0
 5.21964       0
 5.25186       0
 5.28408       0
 5.3163        0
 5.34852       0
 5.34852       0
 5.38074       0
 5.41296       0
 5.44518       0
 5.4774        0
 5.50962       0
 5.54184       0
 5.57406       0
 5.60628       0
 5.6385        0
 5.67072       0
 5.70294       0
 5.70294       0
 5.73516       0
 5.76738       0
 5.7996        0
 5.83182       0
 5.86404       0
 5.89626       0
 5.92848       0
 5.9607        0
 5.99292       0
 6.02514       0
 6.05736       0
 6.05736       0
 6.08958       0
 6.1218        0
 6.15402       0
 6.18624       0
 6.21846       0
 6.25068       0
 6.2829        0
 6.31512       0
 6.34734       0
 6.37956       0
 6.37956       0
 6.41178       0
 6.444         0
 6.50844       0
 6.54066       0
 6.57288       0
 6.6051        0
 6.63732       0
 6.66954       0
 6.70176       0
 6.70176       0
 6.73398       0
 6.7662        0
 6.79842       0
 6.83064       0
 6.86286       0
 6.89508       0
 6.9273        0
 6.95952       0
 6.99174       0
 7.02396       0
 7.02396       0
 7.05618       0
 7.0884        0
 7.12062       0
 7.15284       0
 7.18506       0
 7.21728       0
 7.2495        0
 7.28172       0
 7.31394       0
 7.31394       0
 7.34616       0
 7.37838       0
 7.4106        0
 7.44282       0
 7.47504       0
 7.50726       0
 7.53948       0
 7.5717        0
 7.60392       0
 7.63614       0
 7.63614       0
 7.66836       0
 7.70058       0
 7.7328        0
 7.76502       0
 7.79724       0
 7.82946       0
 7.86168       0
 7.8939        0
 7.92612       0
 7.92612       0
 7.95834       0
 7.99056       0
 8.02278       0
 8.055         0
 8.08722       0
 8.11944       0
 8.15166       0
 8.18388       0
 8.2161        0
 8.2161        0
 8.24832       0
 8.28054       0
 8.31276       0
 8.34498       0
 8.3772        0
 8.40942       0
 8.44164       0
 8.47386       0
 8.50608       0
 8.50608       0
 8.5383        0
 8.57052       0
 8.60274       0
 8.63496       0
 8.66718       0
 8.6994        0
 8.73162       0
 8.76384       0
 8.79606       0
 8.79606       0
 8.82828       0
 8.8605        0
 8.89272       0
 8.92494       0
 8.95716       0
 8.98938       0
 9.0216        0
 9.05382       0
 9.08604       0
 9.08604       0
 9.11826       0
 9.15048       0
 9.1827        0
 9.21492       0
 9.24714       0
 9.27936       0
 9.31158       0
 9.3438        0
 9.3438        0
 9.37602       0
 9.40824       0
 9.44046       0
 9.47268       0
 9.5049        0
 9.53712       0
 9.56934       0
 9.60156       0
 9.60156       0
 9.63378       0
 9.666         0
 9.69822       0
 9.76266       0
 9.79488       0
 9.8271        0
 9.85932       0
 9.85932       0
 9.89154       0
 9.92376       0
 9.95598       0
 9.9882        0
 10.02042      0
 10.05264      0
 10.08486      0
 10.11708      0
 10.1493       0
 10.1493       0
 10.18152      0
 10.21374      0
 10.24596      0
 10.27818      0
 10.3104       0
 10.34262      0
 10.37484      0
 10.37484      0
 10.40706      0
 10.43928      0
 10.4715       0
 10.50372      0
 10.53594      0
 10.56816      0
 10.60038      0
 10.6326       0
 10.6326       0
 10.66482      0
 10.69704      0
 10.72926      0
 10.76148      0
 10.7937       0
 10.82592      0
 10.85814      0
 10.89036      0
 10.89036      0
 10.92258      0
 10.9548       0
 10.98702      0
 11.01924      0
 11.05146      0
 11.08368      0
 11.1159       0
 11.14812      0
 11.14812      0
 11.18034      0
 11.21256      0
 11.24478      0
 11.277        0
 11.30922      0
 11.34144      0
 11.37366      0
 11.37366      0
 11.40588      0
 11.4381       0
 11.47032      0
 11.50254      0
 11.53476      0
 11.56698      0
 11.5992       0
 11.5992       0
 11.63142      0
 11.66364      0
 11.69586      0
 11.72808      0
 11.7603       0
 11.79252      0
 11.82474      0
 11.85696      0
 11.85696      0
 11.88918      0
 11.9214       0
 11.95362      0
 11.98584      0
 12.01806      0
 12.05028      0
 12.0825       0
 12.0825       0
 12.11472      0
 12.14694      0
 12.17916      0
 12.21138      0
 12.2436       0
 12.27582      0
 12.30804      0
 12.30804      0
 12.34026      0
 12.37248      0
 12.4047       0
 12.43692      0
 12.46914      0
 12.50136      0
 12.53358      0
 12.53358      0
 12.5658       0
 12.59802      0
 12.63024      0
 12.66246      0
 12.69468      0
 12.7269       0
 12.75912      0
 12.75912      0
 12.79134      0
 12.82356      0
 12.85578      0
 12.888        0
 12.92022      0
 12.95244      1
 12.98466      1
 13.01688      2
 13.0491       2
 13.08132      2
 13.11354      3
 13.14576      3
 13.17798      4
 13.2102       4
 13.2102       5
 13.24242      6
 13.27464      6
 13.30686      7
 13.33908      7
 13.3713       8
 13.40352      9
 13.43574      10
 13.43574      10
 13.46796      11
 13.50018      12
 13.5324       13
 13.56462      13
 13.59684      14
 13.62906      15
 13.66128      16
 13.66128      17
 13.6935       18
 13.72572      19
 13.75794      19
 13.79016      20
 13.82238      22
 13.8546       23
 13.8546       24
 13.88682      25
 13.91904      26
 13.95126      27
 13.98348      28
 14.0157       29
 14.04792      30
 14.04792      32
 14.08014      33
 14.11236      34
 14.14458      36
 14.1768       37
 14.20902      38
 14.24124      40
 14.27346      41
 14.27346      43
 14.30568      44
 14.3379       46
 14.37012      47
 14.40234      49
 14.43456      50
 14.46678      52
 14.46678      53
 14.499        55
 14.53122      57
 14.56344      59
 14.59566      60
 14.62788      62
 14.6601       64
 14.6601       66
 14.69232      68
 14.72454      70
 14.75676      72
 14.78898      74
 14.8212       76
 14.85342      79
 14.85342      82
 14.88564      193
 14.91786      334
 14.95008      459
 14.9823       570
 15.01452      669
 15.04674      757
 15.04674      836
 15.07896      908
 15.11118      973
 15.1434       1029
 15.17562      1033
 15.20784      1033
 15.24006      1033
 15.24006      1033
 15.27228      1033
 15.3045       1033
 15.33672      1033
 15.36894      1033
 15.40116      1033
 15.43338      1033
 15.4656       1033
 15.4656       1033
 15.49782      1033
 15.53004      1033
 15.56226      1033
 15.59448      1033
 15.6267       1033
 15.6267       1033
 15.65892      1033
 15.69114      1033
 15.72336      1033
 15.75558      1033
 15.7878       1033
 15.82002      1033
 15.82002      1033
 15.85224      1033
 15.88446      1033
 15.91668      1033
 15.9489       1033
 15.98112      1033
 16.01334      1033
 16.01334      1033
 16.04556      1033
 16.07778      1033
 16.11         1033
 16.14222      1033
 16.17444      1033
 16.20666      1033
 16.20666      1033
 16.2711       1033
 16.30332      1033
 16.33554      1033
 16.36776      1033
 16.39998      1033
 16.39998      1033
 16.4322       1033
 16.46442      1033
 16.49664      1033
 16.52886      1033
 16.56108      1033
 16.56108      1033
 16.5933       1033
 16.62552      1033
 16.65774      1033
 16.68996      1033
 16.72218      1033
 16.7544       1033
 16.7544       1033
 16.78662      1033
 16.81884      1033
 16.85106      1033
 16.88328      1033
 16.9155       1033
 16.9155       1033
 16.94772      1033
 16.97994      1033
 17.01216      1033
 17.04438      1033
 17.0766       1033
 17.10882      1033
 17.10882      1033
 17.14104      1033
 17.17326      1033
 17.20548      1033
 17.2377       1033
 17.26992      1033
 17.30214      1033
 17.30214      1033
 17.33436      1033
 17.36658      1033
 17.3988       1033
 17.43102      1033
 17.46324      1033
 17.46324      1033
 17.49546      1033
 17.52768      1033
 17.5599       1033
 17.59212      1033
 17.62434      1033
 17.62434      1033
 17.65656      1033
 17.68878      1033
 17.721        1033
 17.75322      1033
 17.78544      1033
 17.81766      1033
 17.81766      1033
 17.84988      1033
 17.8821       1033
 17.91432      1033
 17.94654      1033
 17.97876      1033
 17.97876      1033
 18.01098      1033
 18.0432       1033
 18.07542      1033
 18.10764      1033
 18.13986      1033
 18.13986      1033
 18.17208      1033
 18.2043       1033
 18.23652      1033
 18.26874      1033
 18.30096      1033
 18.30096      1033
 18.33318      1033
 18.3654       1033
 18.39762      1033
 18.42984      1033
 18.46206      1033
 18.46206      1033
 18.49428      1033
 18.5265       1033
 18.55872      1033
 18.59094      1033
 18.62316      1033
 18.62316      1033
 18.65538      1033
 18.6876       1033
 18.71982      1033
 18.75204      1033
 18.78426      1033
 18.78426      1033
 18.81648      1033
 18.8487       1033
 18.88092      1033
 18.91314      1033
 18.94536      1033
 18.94536      1033
 18.97758      1033
 19.0098       1033
 19.04202      1033
 19.07424      1033
 0             0
 0             0
 0             0
 0             0
 0             0
 0             0
 0             0
 0             0
 0             0
 0             0
 0             0
 0             0
 0             0
 0             0
 0             0
 0             0
 0             0
 0             0
 0             0
 0             0
 0             0
 0             0
 0             0
 0             0
 0             0
 0             0
 0             0
 0             0
 0             0
 0             0
 0             0
 0             0
 0             0
 0             0
 0             0
 0             0
 0             0
 0             0
 0             0
 0             0
 0             0
 0             0
 0             0
 0             0
 0             0
 0             0
 0             0
 0             0
 0             0
 0             0
 0             0
 0             0
 0             0
 0             0
 0             0
 0             0
 0             0
 0             0
 0             0
 0             0
 0             0
 0             0
 0             0
 0             0
 0             0
 0             0
 0             0
 0             0
 0             0
 0             0
 0             0
 0             0
 0             0
 0             0
 0             0
 0             0
 0             0
 0             0
 0             0
 0             0
 0             0
 0             0
 0             0
 0             0
 0             0
 0             0
 0             0
 0             0
 0             0
 0             0
 0             0
 0             0
 0             0
 0             0
 0             0
 0             0
 0             0
 0             0
 0             0
 0             0
 0             0
 0             0
 0             0
 0             0
 0             0
 0             0
 0             0
 0             0
 0             0
 0             0
 0             0
 0             0
 0             0
 0             0
 0             0
 0             0
 0             0
 0             0
 0             0
 0             0
 0             0
 0             0
 0             0
 0             0
 0             0
 0             0
 0             0
 0             0
 0             0
 0             0
 0             0
 0             0
 0             0
 0             0
 0             0
 0             0
 0             0
 0             0
 0             0
 0             0
 0             0
 0             0
 0             0
 0             0
 0             0
 0             0
 0             0
 0             0
 0             0
 0             0
 0             0
 0             0
 0             0
 0             0
 0             0
 0             0
 0             0
 0             0
 0             0
 0             0
 0             0
 0             0
 0             0
 0             0
 0             0
 0             0
 0             0
 0             0
 0             0
 0             0
 0             0
 0             0
 0             0
 0             0
 0             0
 0             0
 0             0
 0             0
 0             0
 0             0
 0             0
 0             0
 0             0
 0             0
 0             0
 0             0
 0             0
 0             0
 0             0
 0             0
 0             0
 0             0
 0             0
 0             0
 0             0
 0             0
 0             0
 0             0
 0             0
 0             0
 0             0
 0             0
 0             0
 0             0
 0             0
 0             0
 0             0
 0             0
 0             0
 0             0
 0             0
 0             0
 0             0
 0             0
 0             0
 0             0
 0             0
 0             0
 0             0
 0             0
 0             0
 0             0
 0             0
 0             0
 0             0
 0             0
 0             0
 0             0
 0             0
 0             0
 0             0
 0             0
 0             0
 0             0
 0             0
 0             0
 0             0
 0             0
 0             0
 0             0
 0             0
 0             0
 0             0
 0             0
 0             0
 0             0
 0             0
 0             0
 0             0
 0             0
 0             0
 0             0
 0             0
 0             0
 0             0
 0             0
 0             0
 0             0
 0             0
 0             0
 0             0
 0             0
 0             0
 0             0
 0             0
 0             0
 0             0
 0             0
 0             0
 0             0
 0             0
 0             0
 0             0
 0             0
 0             0
 0             0
 0             0
 0             0
 0             0
 0             0
 0             0
 0             0
 0             0
 0             0
 0             0
 0             0
 0             0
 0             0
 0             0
 0             0
 0             0
 0             0
 0             0
 0             0
 0             0
 0             0
 0             0
 0             0
 0             0
 0             0
 0             0
 0             0
 0             0
 0             0
 0             0
 0             0
 0             0
 0             0
 0             0
 0             0
 0             0
 0             0
 0             0
 0             0
 0             0
 0             0
 0             0
 0             0
 0             0
 0             0
 0             0
 0             0
 0             0
 0             0
 0             0
 0             0
 0             0
 0             0
 0             0
 0             0
 0             0
 0             0
 0             0
 0             0
 0             0
 0             0
 0             0
 0             0
 0             0
 0             0
 0             0
 0             0
 0             0
 0             0
 0             0
 0             0
 0             0
