345,22	1202,16
345,44	1202,16
345,66	1202,16
345,88	1259,50
346,10	1282,03
346,32	1501,16
346,54	1417,19
346,75	1449,96
346,97	1402,86
347,19	1429,48
347,41	1462,25
347,63	1433,58
347,85	1388,52
348,07	1419,24
348,29	1480,68
348,51	1433,58
348,73	1460,20
348,95	1402,86
349,16	1423,34
349,38	1439,72
349,60	1535,98
349,82	1478,63
350,04	1484,78
350,26	1593,32
350,48	1564,65
350,70	1525,74
350,92	1638,38
351,14	1560,55
351,35	1531,88
351,57	1474,54
351,79	1535,98
352,01	1419,24
352,23	1464,30
352,45	1492,97
352,67	1486,83
352,89	1464,30
353,10	1507,30
353,32	1480,68
353,54	1421,29
353,76	1513,45
353,98	1607,66
354,20	1603,56
354,42	1560,55
354,64	1562,60
354,85	1572,84
355,07	1476,59
355,29	1488,87
355,51	1425,39
355,73	1523,69
355,95	1468,39
356,17	1521,64
356,38	1517,54
356,60	1527,78
356,82	1578,98
357,04	1527,78
357,26	1462,25
357,48	1544,17
357,69	1474,54
357,91	1474,54
358,13	1535,98
358,35	1490,92
358,57	1581,03
358,79	1560,55
359,01	1550,31
359,22	1599,46
359,44	1595,37
359,66	1556,46
359,88	1482,73
360,10	1470,44
360,32	1499,11
360,53	1599,46
360,75	1548,26
360,97	1572,84
361,19	1468,39
361,41	1578,98
361,62	1517,54
361,84	1576,94
362,06	1507,30
362,28	1540,07
362,50	1535,98
362,72	1587,18
362,93	1470,44
363,15	1490,92
363,37	1570,79
363,59	1523,69
363,81	1452,01
364,02	1587,18
364,24	1482,73
364,46	1591,27
364,68	1484,78
364,90	1615,85
365,11	1509,35
365,33	1531,88
365,55	1443,82
365,77	1544,17
365,99	1511,40
366,20	1687,53
366,42	1523,69
366,64	1439,72
366,86	1488,87
367,07	1511,40
367,29	1449,96
367,51	1490,92
367,73	1437,67
367,95	1509,35
368,16	1605,61
368,38	1599,46
368,60	1546,22
368,82	1531,88
369,03	1638,38
369,25	1515,50
369,47	1486,83
369,69	1544,17
369,91	1558,50
370,12	1546,22
370,34	1488,87
370,56	1523,69
370,78	1476,59
370,99	1587,18
371,21	1486,83
371,43	1458,15
371,65	1482,73
371,86	1509,35
372,08	1562,60
372,30	1542,12
372,52	1478,63
372,73	1517,54
372,95	1505,26
373,17	1497,07
373,39	1437,67
373,60	1443,82
373,82	1585,13
374,04	1474,54
374,26	1484,78
374,47	1529,83
374,69	1470,44
374,91	1609,70
375,12	1546,22
375,34	1503,21
375,56	1521,64
375,78	1513,45
375,99	1474,54
376,21	1570,79
376,43	1525,74
376,65	1523,69
376,86	1570,79
377,08	1472,49
377,30	1535,98
377,51	1503,21
377,73	1511,40
377,95	1452,01
378,17	1501,16
378,38	1542,12
378,60	1624,04
378,82	1535,98
379,03	1529,83
379,25	1507,30
379,47	1646,57
379,68	1443,82
379,90	1439,72
380,12	1492,97
380,34	1521,64
380,55	1515,50
380,77	1570,79
380,99	1505,26
381,20	1626,09
381,42	1566,70
381,64	1435,63
381,85	1511,40
382,07	1591,27
382,29	1495,02
382,50	1576,94
382,72	1574,89
382,94	1531,88
383,15	1497,07
383,37	1535,98
383,59	1492,97
383,80	1443,82
384,02	1519,59
384,24	1578,98
384,45	1589,22
384,67	1548,26
384,89	1505,26
385,10	1505,26
385,32	1535,98
385,54	1501,16
385,75	1507,30
385,97	1603,56
386,19	1556,46
386,40	1525,74
386,62	1535,98
386,84	1517,54
387,05	1550,31
387,27	1501,16
387,49	1562,60
387,70	1503,21
387,92	1550,31
388,14	1462,25
388,35	1460,20
388,57	1513,45
388,79	1591,27
389,00	1529,83
389,22	1509,35
389,43	1581,03
389,65	1550,31
389,87	1570,79
390,08	1454,06
390,30	1626,09
390,52	1538,02
390,73	1560,55
390,95	1480,68
391,17	1505,26
391,38	1533,93
391,60	1578,98
391,81	1531,88
392,03	1529,83
392,25	1525,74
392,46	1445,87
392,68	1554,41
392,89	1474,54
393,11	1578,98
393,33	1562,60
393,54	1626,09
393,76	1574,89
393,98	1613,80
394,19	1447,91
394,41	1474,54
394,62	1462,25
394,84	1533,93
395,06	1501,16
395,27	1544,17
395,49	1484,78
395,70	1648,61
395,92	1478,63
396,13	1523,69
396,35	1562,60
396,57	1484,78
396,78	1513,45
397,00	1503,21
397,21	1572,84
397,43	1538,02
397,65	1544,17
397,86	1574,89
398,08	1544,17
398,29	1525,74
398,51	1480,68
398,72	1513,45
398,94	1593,32
399,16	1615,85
399,37	1556,46
399,59	1560,55
399,80	1501,16
400,02	1542,12
400,23	1505,26
400,45	1613,80
400,67	1576,94
400,88	1632,23
401,10	1538,02
401,31	1529,83
401,53	1380,33
401,74	1576,94
401,96	1576,94
402,17	1484,78
402,39	1529,83
402,61	1435,63
402,82	1511,40
403,04	1521,64
403,25	1531,88
403,47	1597,42
403,68	1513,45
403,90	1652,71
404,11	1525,74
404,33	1474,54
404,54	1562,60
404,76	1531,88
404,97	1540,07
405,19	1689,57
405,41	1531,88
405,62	1490,92
405,84	1519,59
406,05	1562,60
406,27	1458,15
406,48	1533,93
406,70	1505,26
406,91	1566,70
407,13	1531,88
407,34	1566,70
407,56	1591,27
407,77	1519,59
407,99	1574,89
408,20	1722,34
408,42	1542,12
408,63	1603,56
408,85	1581,03
409,06	1578,98
409,28	1658,85
409,49	1591,27
409,71	1587,18
409,92	1572,84
410,14	1464,30
410,35	1703,91
410,57	1566,70
410,78	1505,26
411,00	1632,23
411,21	1656,81
411,43	1593,32
411,64	1576,94
411,86	1544,17
412,07	1650,66
412,29	1562,60
412,50	1615,85
412,72	1628,14
412,93	1697,77
413,15	1689,57
413,36	1521,64
413,58	1644,52
413,79	1550,31
414,01	1658,85
414,22	1576,94
414,43	1613,80
414,65	1597,42
414,86	1542,12
415,08	1615,85
415,29	1605,61
415,51	1564,65
415,72	1595,37
415,94	1554,41
416,15	1607,66
416,37	1658,85
416,58	1581,03
416,80	1615,85
417,01	1628,14
417,22	1640,42
417,44	1662,95
417,65	1591,27
417,87	1558,50
418,08	1720,29
418,30	1609,70
418,51	1640,42
418,73	1587,18
418,94	1589,22
419,15	1554,41
419,37	1658,85
419,58	1601,51
419,80	1646,57
420,01	1699,81
420,23	1660,90
420,44	1736,68
420,65	1628,14
420,87	1699,81
421,08	1703,91
421,30	1701,86
421,51	1636,33
421,73	1619,94
421,94	1648,61
422,15	1685,48
422,37	1677,29
422,58	1593,32
422,80	1662,95
423,01	1642,47
423,22	1726,44
423,44	1667,05
423,65	1667,05
423,87	1621,99
424,08	1814,50
424,29	1708,01
424,51	1662,95
424,72	1732,58
424,94	1718,25
425,15	1685,48
425,36	1712,10
425,58	1773,54
425,79	1783,78
426,01	1875,94
426,22	1794,02
426,43	1810,40
426,65	1683,43
426,86	1859,56
427,08	1849,32
427,29	1732,58
427,50	1820,64
427,72	1765,35
427,93	1783,78
428,14	1871,84
428,36	1892,32
428,57	1894,37
428,79	1908,71
429,00	1951,71
429,21	2011,11
429,43	1937,38
429,64	1945,57
429,85	1791,97
430,07	1982,43
430,28	1908,71
430,49	1996,77
430,71	2074,59
430,92	2011,11
431,14	2025,44
431,35	2144,22
431,56	2095,07
431,78	2058,21
431,99	2205,66
432,20	2248,67
432,42	2140,13
432,63	2299,87
432,84	2172,89
433,06	2228,19
433,27	2209,76
433,48	2396,12
433,70	2287,58
433,91	2342,88
434,12	2293,72
434,34	2467,80
434,55	2478,04
434,76	2424,80
434,98	2496,47
435,19	2535,39
435,40	2504,67
435,62	2537,43
435,83	2697,17
436,04	2602,97
436,26	2768,85
436,47	2746,33
436,68	2652,12
436,90	2822,10
437,11	2918,36
437,32	2926,55
437,54	3088,34
437,75	2934,74
437,96	3129,30
438,17	3172,30
438,39	3178,45
438,60	3330,00
438,81	3223,50
439,03	3454,92
439,24	3577,80
439,45	3555,27
439,67	3633,10
439,88	3563,47
440,09	3592,14
440,30	3672,01
440,52	3766,21
440,73	3862,47
440,94	3928,00
441,16	3977,16
441,37	4016,07
441,58	4126,66
441,80	4388,80
442,01	4347,84
442,22	4530,11
442,43	4513,72
442,65	4691,90
442,86	4642,75
443,07	4837,30
443,28	4761,53
443,50	5187,50
443,71	5259,18
443,92	5214,13
444,14	5226,42
444,35	5519,28
444,56	5617,58
444,77	5869,48
444,99	5777,32
445,20	5949,35
445,41	6086,56
445,62	6223,78
445,84	6530,97
446,05	6676,38
446,26	6989,72
446,47	6801,30
446,69	6819,74
446,90	7616,40
447,11	7409,55
447,32	7268,24
447,54	7579,53
447,75	7769,99
447,96	7837,58
448,17	8245,12
448,39	8789,88
448,60	8570,75
448,81	9052,02
449,02	9045,88
449,23	9424,75
449,45	10133,35
449,66	9893,74
449,87	10305,38
450,08	10684,25
450,30	10731,36
450,51	11425,62
450,72	11597,65
450,93	12087,11
451,15	12369,73
451,36	12212,04
451,57	12656,45
451,78	12947,26
451,99	14030,63
452,21	14577,44
452,42	14333,73
452,63	14448,42
452,84	14630,69
453,05	15626,00
453,27	16172,81
453,48	16729,86
453,69	16832,26
453,90	17645,30
454,11	18222,83
454,33	18181,87
454,54	19052,25
454,75	20160,20
454,96	20711,11
455,17	20645,57
455,39	21184,19
455,60	22689,45
455,81	23244,45
456,02	22877,86
456,23	22730,41
456,45	24702,60
456,66	24350,35
456,87	24827,53
457,08	26783,34
457,29	27227,74
457,50	27151,97
457,72	27571,80
457,93	27981,40
458,14	30207,54
458,35	30852,65
458,56	30602,80
458,77	30617,13
458,99	32007,70
459,20	31305,25
459,41	33248,77
459,62	32179,73
459,83	33572,35
460,04	35567,07
460,26	35866,08
460,47	35409,38
460,68	34977,26
460,89	36070,87
461,10	35732,96
461,31	37496,26
461,52	37656,00
461,74	37230,02
461,95	37952,96
462,16	39261,61
462,37	39425,45
462,58	38528,44
462,79	39073,20
463,00	39884,19
463,22	40732,05
463,43	39130,54
463,64	39226,79
463,85	39538,08
464,06	41178,51
464,27	39884,19
464,48	40304,02
464,70	41033,10
464,91	41381,26
465,12	41672,07
465,33	42597,75
465,54	40459,67
465,75	41510,28
465,96	42532,22
466,17	41135,50
466,38	41524,61
466,60	40742,29
466,81	40142,24
467,02	42433,91
467,23	40349,08
467,44	38993,32
467,65	39124,40
467,86	39099,82
468,07	41317,77
468,28	40105,37
468,50	37983,68
468,71	38495,67
468,92	38284,73
469,13	37127,63
469,34	36996,56
469,55	37475,78
469,76	37357,00
469,97	36670,93
470,18	36697,55
470,39	36988,36
470,60	35497,44
470,82	34278,90
471,03	34082,30
471,24	34614,77
471,45	33682,94
471,66	34315,76
471,87	33783,29
472,08	32855,56
472,29	32132,63
472,50	32945,67
472,71	32538,13
472,92	31366,69
473,13	31680,03
473,34	30770,73
473,55	31288,87
473,77	30893,61
473,98	30668,33
474,19	30875,18
474,40	30266,93
474,61	29847,10
474,82	28714,57
475,03	28380,75
475,24	28532,30
475,45	28616,27
475,66	28278,35
475,87	27889,24
476,08	28055,12
476,29	27465,31
476,50	27373,15
476,71	27440,73
476,92	26685,03
477,13	26607,21
477,34	26488,43
477,55	26111,60
477,76	26150,51
477,97	25388,67
478,18	25890,42
478,40	25413,24
478,61	25656,95
478,82	25572,99
479,03	24727,17
479,24	24252,05
479,45	24653,45
479,66	23727,77
479,87	23830,16
480,08	23070,37
480,29	23662,23
480,50	23387,80
480,71	23295,64
480,92	22945,44
481,13	22863,52
481,34	22464,17
481,55	22357,67
481,76	22310,57
481,97	21493,43
482,18	21462,71
482,39	21075,65
482,60	21001,92
482,81	20897,47
483,02	20459,21
483,23	19875,54
483,44	19930,83
483,65	19683,03
483,86	19484,37
484,07	19586,77
484,28	19306,20
484,49	18489,06
484,70	18730,72
484,91	18386,66
485,12	18009,84
485,33	17659,63
485,54	17405,69
485,75	16879,36
485,96	17084,16
486,17	16885,50
486,38	16473,86
486,59	16301,83
486,80	16013,07
487,01	15843,09
487,21	16023,31
487,42	15130,39
487,63	15343,38
487,84	14898,97
488,05	14712,61
488,26	14759,71
488,47	14610,21
488,68	14200,62
488,89	14223,14
489,10	13686,58
489,31	13516,59
489,52	13158,20
489,73	12896,06
489,94	13039,42
490,15	12805,95
490,36	12726,08
490,57	12130,12
490,78	11939,66
490,99	11953,99
491,20	11765,58
491,41	11827,02
491,61	11786,06
491,82	11290,45
492,03	11011,93
492,24	10813,28
492,45	10540,90
492,66	10676,06
492,87	10469,22
493,08	10202,98
493,29	10143,59
493,50	9994,09
493,71	10006,38
493,92	9928,55
494,13	9570,16
494,34	9316,21
494,54	9363,31
494,75	9324,40
494,96	9465,71
495,17	8957,82
495,38	8869,75
495,59	8820,60
495,80	8800,12
496,01	8433,54
496,22	8580,99
496,43	8359,81
496,64	8251,27
496,84	8177,54
497,05	8163,20
497,26	8040,33
497,47	7843,72
497,68	7808,90
497,89	7810,95
498,10	7595,92
498,31	7522,19
498,52	7518,09
498,72	7358,35
498,93	7454,61
499,14	7124,88
499,35	6969,24
499,56	6930,33
499,77	7012,24
499,98	6979,48
500,19	6705,05
500,40	6557,60
500,60	6434,72
500,81	6748,06
501,02	6485,92
501,23	6414,24
501,44	6266,78
501,65	6150,05
501,86	6131,62
502,06	6068,13
502,27	5986,21
502,48	6098,85
502,69	5883,81
502,90	5853,09
503,11	5732,26
503,32	5728,17
503,53	5463,98
503,73	5572,52
503,94	5392,30
504,15	5359,53
504,36	5279,66
504,57	5107,63
504,78	5111,73
504,98	5099,44
505,19	5068,72
505,40	5103,54
505,61	4919,22
505,82	4820,92
506,03	4947,89
506,23	4702,14
506,44	4755,38
506,65	4822,97
506,86	4693,94
507,07	4573,11
507,28	4714,42
507,48	4562,87
507,69	4593,59
507,90	4454,33
508,11	4421,56
508,32	4384,70
508,53	4325,31
508,73	4362,17
508,94	4210,62
509,15	4362,17
509,36	4177,86
509,57	4040,64
509,77	4165,57
509,98	4065,22
510,19	4108,23
510,40	4050,88
510,61	3973,06
510,81	4044,74
511,02	4116,42
511,23	3891,14
511,44	3932,10
511,65	3760,07
511,85	3815,37
512,06	3762,12
512,27	3758,02
512,48	3749,83
512,69	3770,31
512,89	3739,59
513,10	3686,34
513,31	3606,47
513,52	3612,62
513,73	3612,62
513,93	3651,53
514,14	3542,99
514,35	3723,21
514,56	3520,46
514,76	3440,59
514,97	3540,94
515,18	3542,99
515,39	3383,24
515,60	3481,55
515,80	3348,43
516,01	3450,83
516,22	3364,81
516,43	3274,70
516,63	3366,86
516,84	3424,20
517,05	3336,14
517,26	3346,38
517,46	3172,30
517,67	3346,38
517,88	3413,96
518,09	3225,55
518,29	3182,54
518,50	3321,81
518,71	3231,69
518,92	3252,17
519,12	3094,48
519,33	3108,82
519,54	3221,45
519,75	3227,60
519,95	3203,02
520,16	3088,34
520,37	3055,57
520,57	3176,40
520,78	3190,74
520,99	3057,62
521,20	3016,66
521,40	3041,23
521,61	3131,34
521,82	3080,14
522,03	2947,03
522,23	3096,53
522,44	2977,75
522,65	3067,86
522,85	2906,07
523,06	2981,84
523,27	2971,60
523,48	3071,95
523,68	2990,03
523,89	2920,40
524,10	3008,47
524,30	2951,12
524,51	2818,00
524,72	2877,40
524,93	2858,96
525,13	2828,24
525,34	2926,55
525,55	2879,44
525,75	2879,44
525,96	2793,43
526,17	2934,74
526,37	2914,26
526,58	2852,82
526,79	2836,44
526,99	2838,48
527,20	3012,56
527,41	2742,23
527,62	2736,09
527,82	2801,62
528,03	2826,20
528,24	2666,46
528,44	2850,77
528,65	2674,65
528,86	2717,65
529,06	2887,64
529,27	2826,20
529,48	2783,19
529,68	2858,96
529,89	2899,92
530,10	2893,78
530,30	2811,86
530,51	2789,33
530,72	2768,85
530,92	2762,71
531,13	2746,33
531,34	2772,95
531,54	2766,81
531,75	2760,66
531,96	2908,12
532,16	2711,51
532,37	2787,29
532,57	2840,53
532,78	2709,46
532,99	2824,15
533,19	2764,76
533,40	2820,05
533,61	2750,42
533,81	2760,66
534,02	2666,46
534,23	2678,74
534,43	2631,64
534,64	2719,70
534,84	2744,28
535,05	2818,00
535,26	2783,19
535,46	2748,37
535,67	2742,23
535,88	2645,98
536,08	2731,99
536,29	2682,84
536,49	2654,17
536,70	2643,93
536,91	2549,72
537,11	2711,51
537,32	2736,09
537,53	2711,51
537,73	2781,14
537,94	2617,30
538,14	2719,70
538,35	2635,74
538,56	2707,41
538,76	2586,58
538,97	2715,61
539,17	2664,41
539,38	2731,99
539,59	2760,66
539,79	2742,23
540,00	2766,81
540,20	2711,51
540,41	2639,83
540,62	2891,73
540,82	2674,65
541,03	2621,40
541,23	2715,61
541,44	2656,22
541,64	2738,13
541,85	2652,12
542,06	2605,02
542,26	2701,27
542,47	2729,94
542,67	2709,46
542,88	2688,98
543,08	2662,36
543,29	2750,42
543,50	2674,65
543,70	2721,75
543,91	2666,46
544,11	2678,74
544,32	2779,09
544,52	2731,99
544,73	2672,60
544,94	2709,46
545,14	2709,46
545,35	2631,64
545,55	2697,17
545,76	2666,46
545,96	2693,08
546,17	2602,97
546,37	2592,73
546,58	2682,84
546,78	2637,78
546,99	2772,95
547,20	2674,65
547,40	2562,01
547,61	2697,17
547,81	2643,93
548,02	2682,84
548,22	2625,50
548,43	2744,28
548,63	2645,98
548,84	2652,12
549,04	2625,50
549,25	2654,17
549,45	2654,17
549,66	2674,65
549,86	2672,60
550,07	2674,65
550,27	2635,74
550,48	2668,50
550,69	2656,22
550,89	2772,95
551,10	2594,78
551,30	2725,85
551,51	2684,89
551,71	2670,55
551,92	2666,46
552,12	2645,98
552,33	2609,11
552,53	2617,30
552,74	2729,94
552,94	2674,65
553,15	2559,96
553,35	2701,27
553,56	2588,63
553,76	2713,56
553,97	2691,03
554,17	2658,26
554,38	2652,12
554,58	2664,41
554,79	2611,16
554,99	2619,35
555,19	2635,74
555,40	2627,54
555,60	2711,51
555,81	2631,64
556,01	2684,89
556,22	2666,46
556,42	2697,17
556,63	2688,98
556,83	2731,99
557,04	2633,69
557,24	2660,31
557,45	2709,46
557,65	2539,48
557,86	2598,87
558,06	2686,94
558,27	2602,97
558,47	2523,10
558,67	2867,16
558,88	2713,56
559,08	2625,50
559,29	2701,27
559,49	2803,67
559,70	2645,98
559,90	2650,07
560,11	2623,45
560,31	2664,41
560,52	2592,73
560,72	2619,35
560,92	2695,13
561,13	2717,65
561,33	2627,54
561,54	2691,03
561,74	2691,03
561,95	2619,35
562,15	2744,28
562,35	2617,30
562,56	2584,54
562,76	2508,76
562,97	2734,04
563,17	2637,78
563,38	2635,74
563,58	2678,74
563,78	2664,41
563,99	2641,88
564,19	2641,88
564,40	2578,39
564,60	2684,89
564,80	2682,84
565,01	2645,98
565,21	2609,11
565,42	2815,96
565,62	2660,31
565,83	2744,28
566,03	2731,99
566,23	2684,89
566,44	2668,50
566,64	2672,60
566,85	2633,69
567,05	2648,02
567,25	2617,30
567,46	2697,17
567,66	2701,27
567,86	2693,08
568,07	2574,30
568,27	2650,07
568,48	2498,52
568,68	2715,61
568,88	2619,35
569,09	2664,41
569,29	2758,61
569,50	2598,87
569,70	2633,69
569,90	2770,90
570,11	2568,15
570,31	2531,29
570,51	2680,79
570,72	2621,40
570,92	2676,70
571,13	2691,03
571,33	2600,92
571,53	2750,42
571,74	2637,78
571,94	2691,03
572,14	2598,87
572,35	2602,97
572,55	2605,02
572,75	2639,83
572,96	2789,33
573,16	2785,24
573,36	2682,84
573,57	2607,06
573,77	2635,74
573,97	2688,98
574,18	2623,45
574,38	2746,33
574,59	2697,17
574,79	2672,60
574,99	2676,70
575,20	2629,59
575,40	2645,98
575,60	2664,41
575,81	2752,47
576,01	2658,26
576,21	2693,08
576,42	2592,73
576,62	2680,79
576,82	2588,63
577,02	2693,08
577,23	2574,30
577,43	2607,06
577,63	2736,09
577,84	2605,02
578,04	2670,55
578,24	2641,88
578,45	2621,40
578,65	2635,74
578,85	2623,45
579,06	2680,79
579,26	2693,08
579,46	2668,50
579,67	2654,17
579,87	2672,60
580,07	2746,33
580,27	2574,30
580,48	2682,84
580,68	2654,17
580,88	2719,70
581,09	2578,39
581,29	2592,73
581,49	2695,13
581,69	2592,73
581,90	2670,55
582,10	2582,49
582,30	2715,61
582,51	2787,29
582,71	2652,12
582,91	2725,85
583,11	2656,22
583,32	2695,13
583,52	2748,37
583,72	2592,73
583,93	2600,92
584,13	2695,13
584,33	2705,37
584,53	2650,07
584,74	2666,46
584,94	2607,06
585,14	2713,56
585,34	2697,17
585,55	2703,32
585,75	2660,31
585,95	2580,44
586,15	2615,26
586,36	2559,96
586,56	2674,65
586,76	2723,80
586,96	2627,54
587,17	2607,06
587,37	2654,17
587,57	2652,12
587,77	2717,65
587,98	2645,98
588,18	2619,35
588,38	2672,60
588,58	2664,41
588,79	2852,82
588,99	2611,16
589,19	2596,82
589,39	2590,68
589,60	2736,09
589,80	2641,88
590,00	2635,74
590,20	2629,59
590,40	2623,45
590,61	2672,60
590,81	2641,88
591,01	2564,06
591,21	2615,26
591,42	2623,45
591,62	2596,82
591,82	2656,22
592,02	2658,26
592,22	2719,70
592,43	2596,82
592,63	2766,81
592,83	2750,42
593,03	2729,94
593,23	2654,17
593,44	2674,65
593,64	2670,55
593,84	2533,34
594,04	2639,83
594,24	2652,12
594,45	2582,49
594,65	2625,50
594,85	2596,82
595,05	2666,46
595,25	2602,97
595,46	2725,85
595,66	2619,35
595,86	2658,26
596,06	2613,21
596,26	2697,17
596,46	2658,26
596,67	2660,31
596,87	2658,26
597,07	2617,30
597,27	2693,08
597,47	2734,04
597,67	2715,61
597,88	2676,70
598,08	2688,98
598,28	2674,65
598,48	2648,02
598,68	2691,03
598,88	2744,28
599,09	2834,39
599,29	2682,84
599,49	2777,05
599,69	2639,83
599,89	2701,27
600,09	2664,41
600,30	2729,94
600,50	2826,20
600,70	2785,24
600,90	2656,22
601,10	2781,14
601,30	2789,33
601,50	2822,10
601,71	2822,10
601,91	2713,56
602,11	2721,75
602,31	2742,23
602,51	2695,13
602,71	2715,61
602,91	2717,65
603,11	2623,45
603,32	2789,33
603,52	2707,41
603,72	2721,75
603,92	2609,11
604,12	2715,61
604,32	2678,74
604,52	2820,05
604,72	2799,57
604,93	2676,70
605,13	2756,57
605,33	2793,43
605,53	2813,91
605,73	2783,19
605,93	2885,59
606,13	2754,52
606,33	2744,28
606,53	2723,80
606,74	2828,24
606,94	2820,05
607,14	2822,10
607,34	2766,81
607,54	2734,04
607,74	2715,61
607,94	2756,57
608,14	2779,09
608,34	2721,75
608,54	2867,16
608,74	2826,20
608,95	2797,53
609,15	2815,96
609,35	2705,37
609,55	2850,77
609,75	2848,72
609,95	2797,53
610,15	2744,28
610,35	2666,46
610,55	2717,65
610,75	2795,48
610,95	2721,75
611,15	2785,24
611,35	2914,26
611,55	2795,48
611,76	2760,66
611,96	2912,21
612,16	2807,77
612,36	2815,96
612,56	2863,06
612,76	2828,24
612,96	2815,96
613,16	2863,06
613,36	2711,51
613,56	2844,63
613,76	2750,42
613,96	2910,16
614,16	2783,19
614,36	2729,94
614,56	2815,96
614,76	2682,84
614,96	2863,06
615,16	2824,15
615,36	2787,29
615,56	2801,62
615,76	2815,96
615,97	2721,75
616,17	2818,00
616,37	2901,97
616,57	2824,15
616,77	2838,48
616,97	2826,20
617,17	2830,29
617,37	2920,40
617,57	2822,10
617,77	2998,23
617,97	2830,29
618,17	2795,48
618,37	2953,17
618,57	2887,64
618,77	2777,05
618,97	2953,17
619,17	2820,05
619,37	2867,16
619,57	2914,26
619,77	2775,00
619,97	2830,29
620,17	2912,21
620,37	2920,40
620,57	2756,57
620,77	2879,44
620,97	2867,16
621,17	2844,63
621,37	2865,11
621,57	2807,77
621,77	2775,00
621,97	2813,91
622,17	2750,42
622,37	2875,35
622,57	2836,44
622,77	2828,24
622,97	2824,15
623,17	2879,44
623,37	2891,73
623,57	2836,44
623,77	2848,72
623,97	2822,10
624,16	2680,79
624,36	2871,25
624,56	2680,79
624,76	2891,73
624,96	2766,81
625,16	2781,14
625,36	2852,82
625,56	2897,88
625,76	2842,58
625,96	2775,00
626,16	2764,76
626,36	2858,96
626,56	2947,03
626,76	2803,67
626,96	2777,05
627,16	2842,58
627,36	2807,77
627,56	2861,01
627,76	2785,24
627,96	2725,85
628,16	2914,26
628,35	2889,68
628,55	2795,48
628,75	2889,68
628,95	2818,00
629,15	2807,77
629,35	2760,66
629,55	2791,38
629,75	2789,33
629,95	2746,33
630,15	2871,25
630,35	2834,39
630,55	2770,90
630,75	2703,32
630,95	2932,69
631,14	2686,94
631,34	2779,09
631,54	2719,70
631,74	2856,92
631,94	2768,85
632,14	2785,24
632,34	2693,08
632,54	2738,13
632,74	2793,43
632,94	2693,08
633,14	2736,09
633,33	2682,84
633,53	2723,80
633,73	2731,99
633,93	2717,65
634,13	2746,33
634,33	2750,42
634,53	2738,13
634,73	2746,33
634,93	2660,31
635,12	2772,95
635,32	2785,24
635,52	2703,32
635,72	2813,91
635,92	2729,94
636,12	2867,16
636,32	2678,74
636,52	2699,22
636,71	2789,33
636,91	2764,76
637,11	2666,46
637,31	2693,08
637,51	2598,87
637,71	2813,91
637,91	2703,32
638,11	2691,03
638,30	2535,39
638,50	2619,35
638,70	2744,28
638,90	2664,41
639,10	2758,61
639,30	2654,17
639,50	2721,75
639,69	2781,14
639,89	2668,50
640,09	2643,93
640,29	2725,85
640,49	2688,98
640,69	2643,93
640,88	2719,70
641,08	2625,50
641,28	2625,50
641,48	2631,64
641,68	2582,49
641,88	2643,93
642,07	2600,92
642,27	2658,26
642,47	2766,81
642,67	2516,95
642,87	2631,64
643,07	2559,96
643,26	2580,44
643,46	2731,99
643,66	2652,12
643,86	2686,94
644,06	2643,93
644,26	2553,82
644,45	2492,38
644,65	2551,77
644,85	2506,71
645,05	2539,48
645,25	2590,68
645,44	2539,48
645,64	2574,30
645,84	2627,54
646,04	2500,57
646,24	2633,69
646,43	2627,54
646,63	2588,63
646,83	2590,68
647,03	2537,43
647,23	2389,98
647,42	2547,67
647,62	2643,93
647,82	2631,64
648,02	2508,76
648,22	2559,96
648,41	2512,86
648,61	2516,95
648,81	2551,77
649,01	2498,52
649,20	2564,06
649,40	2492,38
649,60	2678,74
649,80	2623,45
650,00	2543,58
650,19	2412,51
650,39	2535,39
650,59	2623,45
650,79	2529,24
650,98	2412,51
651,18	2383,84
651,38	2551,77
651,58	2455,51
651,77	2424,80
651,97	2402,27
652,17	2463,71
652,37	2398,17
652,56	2310,11
652,76	2430,94
652,96	2490,33
653,16	2410,46
653,35	2338,78
653,55	2482,14
653,75	2404,32
653,95	2510,81
654,14	2459,61
654,34	2334,68
654,54	2459,61
654,74	2373,60
654,93	2439,13
655,13	2414,56
655,33	2414,56
655,52	2344,92
655,72	2482,14
655,92	2297,82
656,12	2389,98
656,31	2414,56
656,51	2441,18
656,71	2260,96
656,91	2402,27
657,10	2373,60
657,30	2369,50
657,50	2289,63
657,69	2379,74
657,89	2287,58
658,09	2400,22
658,29	2375,64
658,48	2361,31
658,68	2365,40
658,88	2439,13
659,07	2314,20
659,27	2260,96
659,47	2328,54
659,66	2426,84
659,86	2353,12
660,06	2334,68
660,26	2234,33
660,45	2420,70
660,65	2385,88
660,85	2269,15
661,04	2293,72
661,24	2340,83
661,44	2263,01
661,63	2281,44
661,83	2349,02
662,03	2330,59
662,22	2265,05
662,42	2338,78
662,62	2308,06
662,81	2222,05
663,01	2279,39
663,21	2320,35
663,40	2222,05
663,60	2215,90
663,80	2271,20
663,99	2392,03
664,19	2238,43
664,39	2293,72
664,58	2252,77
664,78	2226,14
664,98	2142,18
665,17	2252,77
665,37	2232,29
665,57	2238,43
665,76	2220,00
665,96	2197,47
666,16	2324,44
666,35	2252,77
666,55	2258,91
666,74	2213,85
666,94	2293,72
667,14	2242,53
667,33	2228,19
667,53	2211,81
667,73	2060,26
667,92	2283,49
668,12	2162,66
668,32	2338,78
668,51	2084,83
668,71	2230,24
668,90	2189,28
669,10	2195,42
669,30	2111,46
669,49	2217,95
669,69	2232,29
669,89	2195,42
670,08	2107,36
670,28	2273,25
670,47	2156,51
670,67	2113,50
670,87	2113,50
671,06	2238,43
671,26	2174,94
671,45	2140,13
671,65	2213,85
671,85	2133,98
672,04	2189,28
672,24	2172,89
672,43	2217,95
672,63	2211,81
672,83	2064,35
673,02	2082,78
673,22	2050,02
673,41	2150,37
673,61	2082,78
673,81	2099,17
674,00	2181,09
674,20	2109,41
674,39	2039,78
674,59	2064,35
674,78	2176,99
674,98	2211,81
675,18	2203,61
675,37	2025,44
675,57	2170,85
675,76	2146,27
675,96	2156,51
676,15	2064,35
676,35	2158,56
676,55	2166,75
676,74	2070,50
676,94	2084,83
677,13	2113,50
677,33	2119,65
677,52	2129,89
677,72	2082,78
677,91	2043,87
678,11	2019,30
678,31	2072,54
678,50	2086,88
678,70	2101,22
678,89	2156,51
679,09	2070,50
679,28	2064,35
679,48	2113,50
679,67	2011,11
679,87	1972,19
680,06	2215,90
680,26	2152,42
680,46	2037,73
680,65	2111,46
680,85	2111,46
681,04	2033,63
681,24	2058,21
681,43	1978,34
681,63	2133,98
681,82	2101,22
682,02	1916,90
682,21	2011,11
682,41	2019,30
682,60	2070,50
682,80	1976,29
682,99	2150,37
683,19	2152,42
683,38	2023,39
683,58	2095,07
683,77	1968,10
683,97	1923,04
684,16	2080,74
684,36	2023,39
684,55	2015,20
684,75	2058,21
684,94	2111,46
685,14	2093,02
685,33	1978,34
685,53	1953,76
685,72	1974,24
685,92	2107,36
686,11	2015,20
686,31	2050,02
686,50	2054,11
686,70	1990,63
686,89	1906,66
687,09	1998,82
687,28	2045,92
687,48	1976,29
687,67	2056,16
687,87	2033,63
688,06	2068,45
688,26	2068,45
688,45	1982,43
688,65	2013,15
688,84	2050,02
689,03	2027,49
689,23	1941,47
689,42	2015,20
689,62	2033,63
689,81	2062,30
690,01	2031,58
690,20	2058,21
690,40	1998,82
690,59	2136,03
690,79	1941,47
690,98	2064,35
691,17	2013,15
691,37	2029,54
691,56	1888,23
691,76	2078,69
691,95	2070,50
692,15	1935,33
692,34	2095,07
692,54	2082,78
692,73	2033,63
692,92	2009,06
693,12	2027,49
693,31	1976,29
693,51	2088,93
693,70	2037,73
693,90	2043,87
694,09	2000,87
694,28	2027,49
694,48	2031,58
694,67	2080,74
694,87	2054,11
695,06	2025,44
695,26	2054,11
695,45	1992,67
695,64	2011,11
695,84	1976,29
696,03	1884,13
696,23	1964,00
696,42	1912,80
696,61	1988,58
696,81	1994,72
697,00	1904,61
697,20	2015,20
697,39	2068,45
697,58	1961,95
697,78	2043,87
697,97	2017,25
698,17	2029,54
698,36	1976,29
698,55	1943,52
698,75	2056,16
698,94	1943,52
699,14	1937,38
699,33	1976,29
699,52	2015,20
699,72	1984,48
699,91	1990,63
700,10	2013,15
700,30	2050,02
700,49	2004,96
700,69	1943,52
700,88	1988,58
701,07	2002,91
701,27	1972,19
701,46	2133,98
701,65	1957,86
701,85	1943,52
702,04	2107,36
702,23	1918,95
702,43	2009,06
702,62	2025,44
702,82	2021,35
703,01	2119,65
703,20	1998,82
703,40	2031,58
703,59	1988,58
703,78	2015,20
703,98	1998,82
704,17	1925,09
704,36	1990,63
704,56	2090,98
704,75	1959,91
704,94	2058,21
705,14	2015,20
705,33	2021,35
705,52	2117,60
705,72	2004,96
705,91	2052,06
706,10	2090,98
706,30	2004,96
706,49	2013,15
706,68	2031,58
706,88	2029,54
707,07	2050,02
707,26	2045,92
707,46	2060,26
707,65	2107,36
707,84	2090,98
708,04	1982,43
708,23	2123,74
708,42	2017,25
708,62	1966,05
708,81	2039,78
709,00	2076,64
709,19	2004,96
709,39	2027,49
709,58	2021,35
709,77	2072,54
709,97	2084,83
710,16	2039,78
710,35	1994,72
710,55	2142,18
710,74	2064,35
710,93	2015,20
711,12	2066,40
711,32	2019,30
711,51	2029,54
711,70	2052,06
711,90	2013,15
712,09	2047,97
712,28	2164,70
712,47	1947,62
712,67	2017,25
712,86	2027,49
713,05	2107,36
713,24	2035,68
713,44	2074,59
713,63	1992,67
713,82	1947,62
714,02	2031,58
714,21	2097,12
714,40	1918,95
714,59	2007,01
714,79	1957,86
714,98	1980,39
715,17	2045,92
715,36	2011,11
715,56	2047,97
715,75	1925,09
715,94	2009,06
716,13	1941,47
716,33	1966,05
716,52	1976,29
716,71	2002,91
716,90	2021,35
717,10	1929,19
717,29	1906,66
717,48	2119,65
717,67	1925,09
717,87	2023,39
718,06	1988,58
718,25	1998,82
718,44	1976,29
718,63	1986,53
718,83	1900,52
719,02	2019,30
719,21	1939,43
719,40	1871,84
719,60	1857,51
719,79	1916,90
719,98	1931,23
720,17	1884,13
720,36	2027,49
720,56	2037,73
720,75	1916,90
720,94	1947,62
721,13	1961,95
721,33	1964,00
721,52	1976,29
721,71	1918,95
721,90	2002,91
722,09	1951,71
722,29	1906,66
722,48	2009,06
722,67	1916,90
722,86	2050,02
723,05	1929,19
723,24	2000,87
723,44	2007,01
723,63	1982,43
723,82	1953,76
724,01	1959,91
724,20	1988,58
724,40	1886,18
724,59	1978,34
724,78	1992,67
724,97	1998,82
725,16	1959,91
725,35	1918,95
725,55	1994,72
725,74	1976,29
725,93	2037,73
726,12	2009,06
726,31	2066,40
726,51	2043,87
726,70	1994,72
726,89	1929,19
727,08	1898,47
727,27	1970,15
727,46	1986,53
727,65	2017,25
727,85	1929,19
728,04	1941,47
728,23	1787,88
728,42	1945,57
728,61	1984,48
728,80	1937,38
729,00	2043,87
729,19	1916,90
729,38	2027,49
729,57	1918,95
729,76	2004,96
729,95	2078,69
730,14	1957,86
730,33	2004,96
730,53	1961,95
730,72	1914,85
730,91	2013,15
731,10	2105,31
731,29	2195,42
731,48	2021,35
731,67	1955,81
731,86	2050,02
732,06	2076,64
732,25	1935,33
732,44	2015,20
732,63	2025,44
732,82	1988,58
733,01	2047,97
733,20	2017,25
733,39	1968,10
733,59	2002,91
733,78	2004,96
733,97	2097,12
734,16	2068,45
734,35	2021,35
734,54	2119,65
734,73	2076,64
734,92	2047,97
735,11	2076,64
735,30	1998,82
735,49	1990,63
735,69	2127,84
735,88	2056,16
736,07	2043,87
736,26	2015,20
736,45	1961,95
736,64	2099,17
736,83	2160,61
737,02	2047,97
737,21	2058,21
737,40	1994,72
737,59	2179,04
737,78	2074,59
737,98	2076,64
738,17	2035,68
738,36	2127,84
738,55	2093,02
738,74	2058,21
738,93	2072,54
739,12	2004,96
739,31	2119,65
739,50	2054,11
739,69	2113,50
739,88	2078,69
740,07	2113,50
740,26	1986,53
740,45	2080,74
740,64	2127,84
740,83	1961,95
741,02	2004,96
741,22	2127,84
741,41	2064,35
741,60	2222,05
741,79	2105,31
741,98	2160,61
742,17	2088,93
742,36	2072,54
742,55	2043,87
742,74	2252,77
742,93	2146,27
743,12	2140,13
743,31	2060,26
743,50	2111,46
743,69	2179,04
743,88	2156,51
744,07	2066,40
744,26	2125,79
744,45	2045,92
744,64	2119,65
744,83	2119,65
745,02	2070,50
745,21	2140,13
745,40	2019,30
745,59	2201,57
745,78	2082,78
745,97	2197,47
746,16	2103,26
746,35	2142,18
746,54	2078,69
746,73	2086,88
746,92	2078,69
747,11	2045,92
747,30	2078,69
747,49	2056,16
747,68	2066,40
747,87	2090,98
748,06	2144,22
748,25	2129,89
748,44	2099,17
748,63	2074,59
748,82	2107,36
749,01	2056,16
749,20	2031,58
749,39	2086,88
749,58	2125,79
749,77	2174,94
749,96	2074,59
750,15	2142,18
750,34	2080,74
750,53	2230,24
750,72	2129,89
750,91	2099,17
751,10	2142,18
751,29	2000,87
751,48	2025,44
751,67	2060,26
751,86	2142,18
752,04	2189,28
752,23	2088,93
752,42	2152,42
752,61	2021,35
752,80	2054,11
752,99	2086,88
753,18	2117,60
753,37	2121,70
753,56	2066,40
753,75	2064,35
753,94	1970,15
754,13	2133,98
754,32	2011,11
754,51	2052,06
754,70	2007,01
754,89	2121,70
755,08	2019,30
755,27	2066,40
755,45	2025,44
755,64	2011,11
755,83	1953,76
756,02	2109,41
756,21	1933,28
756,40	1982,43
756,59	1982,43
756,78	1998,82
756,97	1943,52
757,16	1976,29
757,35	2023,39
757,54	2047,97
757,72	1906,66
757,91	1968,10
758,10	1943,52
758,29	1841,12
758,48	1974,24
758,67	1820,64
758,86	1865,70
759,05	1888,23
759,24	1839,08
759,43	1937,38
759,61	1861,60
759,80	1808,36
759,99	1845,22
760,18	1816,55
760,37	1888,23
760,56	1765,35
760,75	1837,03
760,94	1867,75
761,13	1804,26
761,31	1845,22
761,50	1853,41
761,69	1800,16
761,88	1748,97
762,07	1794,02
762,26	1851,36
762,45	1832,93
762,64	1820,64
762,82	1804,26
763,01	1871,84
763,20	1837,03
763,39	1804,26
763,58	1888,23
763,77	1875,94
763,96	1806,31
764,14	1884,13
764,33	1843,17
764,52	1814,50
764,71	1890,28
764,90	1853,41
765,09	1845,22
765,27	1914,85
765,46	1875,94
765,65	1812,45
765,84	1886,18
766,03	1904,61
766,22	1894,37
766,41	1828,84
766,59	1943,52
766,78	1968,10
766,97	1869,80
767,16	1939,43
767,35	1898,47
767,54	2088,93
767,72	1976,29
767,91	1910,75
768,10	1931,23
768,29	1941,47
768,48	1984,48
768,66	1992,67
768,85	1976,29
769,04	1861,60
769,23	2027,49
769,42	2045,92
769,61	1968,10
769,79	2019,30
769,98	2035,68
770,17	1933,28
770,36	2144,22
770,55	2021,35
770,73	2015,20
770,92	2015,20
771,11	2080,74
771,30	1966,05
771,49	2060,26
771,67	2101,22
771,86	1968,10
772,05	2039,78
772,24	1957,86
772,42	1996,77
772,61	2027,49
772,80	1920,99
772,99	1980,39
773,18	1959,91
773,36	2039,78
773,55	1986,53
773,74	1902,56
773,93	1953,76
774,11	1910,75
774,30	2019,30
774,49	1937,38
774,68	1982,43
774,87	2031,58
775,05	1925,09
775,24	1972,19
775,43	2088,93
775,62	2023,39
775,80	2037,73
775,99	1980,39
776,18	2074,59
776,37	1914,85
776,55	2045,92
776,74	2058,21
776,93	2007,01
777,12	2168,80
777,30	1974,24
777,49	1980,39
777,68	2062,30
777,87	1980,39
778,05	2029,54
778,24	1910,75
778,43	1974,24
778,62	1939,43
778,80	1988,58
778,99	2050,02
779,18	2004,96
779,36	1943,52
779,55	1957,86
779,74	2023,39
779,93	1943,52
780,11	1929,19
780,30	1900,52
780,49	2047,97
780,68	2062,30
780,86	2029,54
781,05	2013,15
781,24	2004,96
781,42	2041,82
781,61	2025,44
781,80	1808,36
781,98	2097,12
782,17	2007,01
782,36	1980,39
782,55	1904,61
782,73	1980,39
782,92	2025,44
783,11	1918,95
783,29	1996,77
783,48	1927,14
783,67	1994,72
783,85	1939,43
784,04	1994,72
784,23	2015,20
784,42	1959,91
784,60	1957,86
784,79	2019,30
784,98	1918,95
785,16	1908,71
785,35	1929,19
785,54	2004,96
785,72	2062,30
785,91	1931,23
786,10	1908,71
786,28	2064,35
786,47	1949,67
786,66	1959,91
786,84	2043,87
787,03	2009,06
787,22	1992,67
787,40	1955,81
787,59	2039,78
787,78	1986,53
787,96	1873,89
788,15	1937,38
788,34	1976,29
788,52	1955,81
788,71	1972,19
788,89	1904,61
789,08	1888,23
789,27	1968,10
789,45	1937,38
789,64	1863,65
789,83	1935,33
790,01	1871,84
790,20	1929,19
790,39	1877,99
790,57	1990,63
790,76	1871,84
790,95	1904,61
791,13	1863,65
791,32	1980,39
791,50	2029,54
791,69	1880,04
791,88	1931,23
792,06	2111,46
792,25	1867,75
792,43	1980,39
792,62	1986,53
792,81	1920,99
792,99	1951,71
793,18	1843,17
793,37	1904,61
793,55	1888,23
793,74	1945,57
793,92	1937,38
794,11	1888,23
794,30	1871,84
794,48	1916,90
794,67	1859,56
794,85	1826,79
795,04	1877,99
795,23	1896,42
795,41	1867,75
795,60	1902,56
795,78	1939,43
795,97	2045,92
796,15	1951,71
796,34	1886,18
796,53	1849,32
796,71	1910,75
796,90	2000,87
797,08	1800,16
797,27	1980,39
797,46	1923,04
797,64	1916,90
797,83	1943,52
798,01	1947,62
798,20	1953,76
798,38	1970,15
798,57	1871,84
798,76	1791,97
798,94	1845,22
799,13	1939,43
799,31	1916,90
799,50	1855,46
799,68	1863,65
799,87	1861,60
800,05	1933,28
800,24	1937,38
800,43	1771,49
800,61	1980,39
800,80	1970,15
800,98	1871,84
801,17	1970,15
801,35	1890,28
801,54	1941,47
801,72	1914,85
801,91	1900,52
802,09	1884,13
802,28	1798,12
802,46	1847,27
802,65	1943,52
802,84	1988,58
803,02	1875,94
803,21	1861,60
803,39	1877,99
803,58	1941,47
803,76	1957,86
803,95	1931,23
804,13	1779,68
804,32	1841,12
804,50	1916,90
804,69	1957,86
804,87	1902,56
805,06	1908,71
805,24	1912,80
805,43	1871,84
805,61	1996,77
805,80	1961,95
805,98	1920,99
806,17	1894,37
806,35	1822,69
806,54	1949,67
806,72	1857,51
806,91	1859,56
807,09	1904,61
807,28	1896,42
807,46	1961,95
807,65	1892,32
807,83	1859,56
808,02	1843,17
808,20	1986,53
808,39	1908,71
808,57	1953,76
808,76	1953,76
808,94	1935,33
809,13	1890,28
809,31	1908,71
809,49	1888,23
809,68	1828,84
809,86	1882,08
810,05	1828,84
810,23	1920,99
810,42	1933,28
810,60	1847,27
810,79	1814,50
810,97	1740,77
811,16	1791,97
811,34	1826,79
811,53	1886,18
811,71	1841,12
811,89	1910,75
812,08	1785,83
812,26	1785,83
812,45	1875,94
812,63	1816,55
812,82	1902,56
813,00	1794,02
813,19	1701,86
813,37	1828,84
813,55	1826,79
813,74	1699,81
813,92	1851,36
814,11	1720,29
814,29	1730,53
814,48	1798,12
814,66	1894,37
814,84	1923,04
815,03	1802,21
815,21	1886,18
815,40	1791,97
815,58	1789,92
815,77	1822,69
815,95	1867,75
816,13	1748,97
816,32	1826,79
816,50	1787,88
816,69	1761,25
816,87	1818,60
817,05	1742,82
817,24	1820,64
817,42	1744,87
817,61	1732,58
817,79	1794,02
817,97	1722,34
818,16	1716,20
818,34	1843,17
818,53	1689,57
818,71	1837,03
818,89	1699,81
819,08	1794,02
819,26	1796,07
819,45	1851,36
819,63	1824,74
819,81	1812,45
820,00	1837,03
820,18	1710,05
820,36	1798,12
820,55	1765,35
820,73	1691,62
820,92	1724,39
821,10	1734,63
821,28	1849,32
821,47	1869,80
821,65	1783,78
821,83	1892,32
822,02	1746,92
822,20	1728,49
822,39	1759,21
822,57	1753,06
822,75	1748,97
822,94	1728,49
823,12	1728,49
823,30	1730,53
823,49	1877,99
823,67	1865,70
823,85	1826,79
824,04	1705,96
824,22	1732,58
824,40	1804,26
824,59	1791,97
824,77	1722,34
824,95	1779,68
825,14	1746,92
825,32	1824,74
825,50	1828,84
825,69	1804,26
825,87	1877,99
826,05	1753,06
826,24	1787,88
826,42	1796,07
826,60	1732,58
826,79	1802,21
826,97	1724,39
827,15	1781,73
827,34	1730,53
827,52	1703,91
827,70	1683,43
827,89	1794,02
828,07	1802,21
828,25	1830,88
828,44	1771,49
828,62	1730,53
828,80	1853,41
828,98	1841,12
829,17	1724,39
829,35	1798,12
829,53	1718,25
829,72	1791,97
829,90	1742,82
830,08	1810,40
830,27	1783,78
830,45	1853,41
830,63	1859,56
830,81	1730,53
831,00	1775,59
831,18	1761,25
831,36	1755,11
831,55	1650,66
831,73	1736,68
831,91	1726,44
832,09	1826,79
832,28	1839,08
832,46	1744,87
832,64	1712,10
832,82	1726,44
833,01	1855,46
833,19	1757,16
833,37	1718,25
833,55	1712,10
833,74	1798,12
833,92	1773,54
834,10	1730,53
834,29	1869,80
834,47	1753,06
834,65	1882,08
834,83	1632,23
835,02	1695,72
835,20	1777,64
835,38	1834,98
835,56	1822,69
835,75	1777,64
835,93	1873,89
836,11	1681,38
836,29	1757,16
836,47	1703,91
836,66	1677,29
836,84	1861,60
837,02	1720,29
837,20	1773,54
837,39	1847,27
837,57	1744,87
837,75	1757,16
837,93	1818,60
838,12	1662,95
838,30	1697,77
838,48	1806,31
838,66	1837,03
838,84	1712,10
839,03	1828,84
839,21	1748,97
839,39	1798,12
839,57	1779,68
839,75	1740,77
839,94	1783,78
840,12	1716,20
840,30	1730,53
840,48	1826,79
840,66	1701,86
840,85	1744,87
841,03	1757,16
841,21	1841,12
841,39	1822,69
841,57	1804,26
841,76	1794,02
841,94	1812,45
842,12	1748,97
842,30	1742,82
842,48	1834,98
842,67	1761,25
842,85	1728,49
843,03	1796,07
843,21	1830,88
843,39	1837,03
843,57	1791,97
843,76	1693,67
843,94	1714,15
844,12	1826,79
844,30	1671,14
844,48	1705,96
844,66	1771,49
844,85	1755,11
845,03	1798,12
845,21	1744,87
845,39	1789,92
845,57	1730,53
845,75	1765,35
845,94	1785,83
846,12	1765,35
846,30	1796,07
846,48	1744,87
846,66	1849,32
846,84	1679,33
847,02	1740,77
847,21	1738,73
847,39	1736,68
847,57	1802,21
847,75	1626,09
847,93	1746,92
848,11	1691,62
848,29	1714,15
848,48	1763,30
848,66	1744,87
848,84	1759,21
849,02	1716,20
849,20	1726,44
849,38	1712,10
849,56	1683,43
849,74	1769,44
849,93	1761,25
850,11	1679,33
850,29	1636,33
850,47	1738,73
850,65	1712,10
850,83	1675,24
851,01	1675,24
851,19	1728,49
851,37	1748,97
851,56	1701,86
851,74	1732,58
851,92	1628,14
852,10	1603,56
852,28	1757,16
852,46	1679,33
852,64	1753,06
852,82	1689,57
853,00	1755,11
853,18	1708,01
853,37	1755,11
853,55	1693,67
853,73	1695,72
853,91	1740,77
854,09	1759,21
854,27	1734,63
854,45	1728,49
854,63	1687,53
854,81	1730,53
854,99	1697,77
855,17	1716,20
855,35	1646,57
855,53	1734,63
855,72	1703,91
855,90	1806,31
856,08	1742,82
856,26	1642,47
856,44	1863,65
856,62	1617,90
856,80	1693,67
856,98	1714,15
857,16	1710,05
857,34	1726,44
857,52	1742,82
857,70	1755,11
857,88	1708,01
858,06	1699,81
858,24	1759,21
858,42	1771,49
858,60	1712,10
858,78	1648,61
858,96	1687,53
859,15	1687,53
859,33	1630,18
859,51	1701,86
859,69	1708,01
859,87	1673,19
860,05	1716,20
860,23	1732,58
860,41	1691,62
860,59	1767,40
860,77	1697,77
860,95	1683,43
861,13	1753,06
861,31	1615,85
861,49	1738,73
861,67	1716,20
861,85	1759,21
862,03	1796,07
862,21	1609,70
862,39	1699,81
862,57	1753,06
862,75	1638,38
862,93	1621,99
863,11	1675,24
863,29	1581,03
863,47	1691,62
863,65	1710,05
863,83	1646,57
864,01	1642,47
864,19	1656,81
864,37	1652,71
864,55	1806,31
864,73	1669,09
864,91	1734,63
865,09	1660,90
865,27	1681,38
865,45	1662,95
865,63	1638,38
865,81	1697,77
865,99	1630,18
866,17	1693,67
866,35	1648,61
866,53	1718,25
866,71	1621,99
866,89	1603,56
867,07	1669,09
867,24	1699,81
867,42	1779,68
867,60	1769,44
867,78	1626,09
867,96	1609,70
868,14	1671,14
868,32	1744,87
868,50	1583,08
868,68	1695,72
868,86	1781,73
869,04	1714,15
869,22	1617,90
869,40	1581,03
869,58	1683,43
869,76	1654,76
869,94	1683,43
870,12	1609,70
870,30	1650,66
870,48	1738,73
870,66	1685,48
870,83	1662,95
871,01	1634,28
871,19	1605,61
871,37	1648,61
871,55	1593,32
871,73	1685,48
871,91	1640,42
872,09	1652,71
872,27	1617,90
872,45	1585,13
872,63	1599,46
872,81	1613,80
872,98	1734,63
873,16	1654,76
873,34	1624,04
873,52	1650,66
873,70	1708,01
873,88	1681,38
874,06	1599,46
874,24	1665,00
874,42	1542,12
874,60	1619,94
874,78	1599,46
874,95	1652,71
875,13	1656,81
875,31	1624,04
875,49	1685,48
875,67	1624,04
875,85	1710,05
876,03	1521,64
876,21	1636,33
876,39	1634,28
876,56	1636,33
876,74	1560,55
876,92	1621,99
877,10	1687,53
877,28	1599,46
877,46	1617,90
877,64	1593,32
877,82	1695,72
877,99	1665,00
878,17	1669,09
878,35	1669,09
878,53	1662,95
878,71	1699,81
878,89	1697,77
879,07	1685,48
879,24	1769,44
879,42	1683,43
879,60	1675,24
879,78	1679,33
879,96	1638,38
880,14	1687,53
880,32	1654,76
880,49	1617,90
880,67	1687,53
880,85	1675,24
881,03	1634,28
881,21	1693,67
881,39	1583,08
881,56	1617,90
881,74	1662,95
881,92	1607,66
882,10	1638,38
882,28	1648,61
882,46	1654,76
882,63	1687,53
882,81	1578,98
882,99	1650,66
883,17	1636,33
883,35	1708,01
883,52	1714,15
883,70	1630,18
883,88	1572,84
884,06	1658,85
884,24	1691,62
884,42	1728,49
884,59	1619,94
884,77	1642,47
884,95	1624,04
885,13	1675,24
885,31	1564,65
885,48	1665,00
885,66	1621,99
885,84	1683,43
886,02	1660,90
886,20	1736,68
886,37	1675,24
886,55	1748,97
886,73	1617,90
886,91	1576,94
887,08	1585,13
887,26	1710,05
887,44	1611,75
887,62	1560,55
887,80	1660,90
887,97	1665,00
888,15	1685,48
888,33	1681,38
888,51	1646,57
888,68	1562,60
888,86	1646,57
889,04	1628,14
889,22	1621,99
889,40	1634,28
889,57	1576,94
889,75	1693,67
889,93	1624,04
890,11	1656,81
890,28	1656,81
890,46	1718,25
890,64	1605,61
890,82	1626,09
890,99	1656,81
891,17	1556,46
891,35	1568,74
891,53	1640,42
891,70	1523,69
891,88	1673,19
892,06	1650,66
892,24	1587,18
892,41	1562,60
892,59	1560,55
892,77	1570,79
892,94	1681,38
893,12	1628,14
893,30	1562,60
893,48	1597,42
893,65	1644,52
893,83	1572,84
894,01	1605,61
894,19	1587,18
894,36	1636,33
894,54	1572,84
894,72	1669,09
894,89	1501,16
895,07	1591,27
895,25	1587,18
895,43	1542,12
895,60	1656,81
895,78	1611,75
895,96	1552,36
896,13	1587,18
896,31	1677,29
896,49	1574,89
896,66	1507,30
896,84	1607,66
897,02	1665,00
897,20	1570,79
897,37	1521,64
897,55	1599,46
897,73	1636,33
897,90	1642,47
898,08	1650,66
898,26	1630,18
898,43	1603,56
898,61	1607,66
898,79	1605,61
898,96	1576,94
899,14	1548,26
899,32	1576,94
899,49	1511,40
899,67	1523,69
899,85	1626,09
900,02	1671,14
900,20	1578,98
900,38	1552,36
900,55	1683,43
900,73	1716,20
900,91	1519,59
901,08	1626,09
901,26	1605,61
901,44	1544,17
901,61	1564,65
901,79	1570,79
901,97	1576,94
902,14	1566,70
902,32	1546,22
902,50	1576,94
902,67	1591,27
902,85	1671,14
903,02	1581,03
903,20	1552,36
903,38	1595,37
903,55	1519,59
903,73	1523,69
903,91	1560,55
904,08	1617,90
904,26	1595,37
904,44	1687,53
904,61	1535,98
904,79	1529,83
904,96	1570,79
905,14	1562,60
905,32	1599,46
905,49	1589,22
905,67	1521,64
905,84	1552,36
906,02	1587,18
906,20	1585,13
906,37	1654,76
906,55	1578,98
906,73	1527,78
906,90	1533,93
907,08	1474,54
907,25	1566,70
907,43	1578,98
907,61	1509,35
907,78	1484,78
907,96	1552,36
908,13	1542,12
908,31	1630,18
908,48	1566,70
908,66	1609,70
908,84	1558,50
909,01	1646,57
909,19	1581,03
909,36	1548,26
909,54	1599,46
909,72	1527,78
909,89	1472,49
910,07	1484,78
910,24	1617,90
910,42	1566,70
910,59	1488,87
910,77	1552,36
910,95	1533,93
911,12	1603,56
911,30	1478,63
911,47	1517,54
911,65	1535,98
911,82	1556,46
912,00	1576,94
912,17	1517,54
912,35	1499,11
912,53	1527,78
912,70	1595,37
912,88	1558,50
913,05	1538,02
913,23	1546,22
913,40	1587,18
913,58	1519,59
913,75	1556,46
913,93	1538,02
914,10	1517,54
914,28	1458,15
914,46	1513,45
914,63	1583,08
914,81	1548,26
914,98	1464,30
915,16	1484,78
915,33	1515,50
915,51	1523,69
915,68	1591,27
915,86	1581,03
916,03	1474,54
916,21	1523,69
916,38	1546,22
916,56	1523,69
916,73	1576,94
916,91	1529,83
917,08	1521,64
917,26	1568,74
917,43	1499,11
917,61	1540,07
917,78	1550,31
917,96	1466,35
918,13	1529,83
918,31	1564,65
918,48	1499,11
918,66	1517,54
918,83	1644,52
919,01	1452,01
919,18	1472,49
919,36	1511,40
919,53	1581,03
919,71	1714,15
919,88	1595,37
920,06	1570,79
920,23	1501,16
920,41	1548,26
920,58	1583,08
920,76	1601,51
920,93	1544,17
921,11	1521,64
921,28	1548,26
921,45	1640,42
921,63	1542,12
921,80	1533,93
921,98	1574,89
922,15	1472,49
922,33	1505,26
922,50	1511,40
922,68	1542,12
922,85	1507,30
923,03	1556,46
923,20	1640,42
923,38	1552,36
923,55	1542,12
923,72	1531,88
923,90	1695,72
924,07	1533,93
924,25	1527,78
924,42	1552,36
924,60	1568,74
924,77	1482,73
924,95	1583,08
925,12	1572,84
925,29	1644,52
925,47	1550,31
925,64	1515,50
925,82	1511,40
925,99	1495,02
926,17	1538,02
926,34	1449,96
926,51	1554,41
926,69	1538,02
926,86	1527,78
927,04	1509,35
927,21	1574,89
927,38	1431,53
927,56	1542,12
927,73	1538,02
927,91	1570,79
928,08	1642,47
928,25	1462,25
928,43	1517,54
928,60	1513,45
928,78	1511,40
928,95	1492,97
929,12	1542,12
929,30	1490,92
929,47	1556,46
929,65	1515,50
929,82	1460,20
929,99	1435,63
930,17	1419,24
930,34	1529,83
930,52	1517,54
930,69	1456,11
930,86	1490,92
931,04	1495,02
931,21	1427,43
931,38	1505,26
931,56	1499,11
931,73	1587,18
931,91	1554,41
932,08	1409,00
932,25	1468,39
932,43	1499,11
932,60	1484,78
932,77	1421,29
932,95	1454,06
933,12	1495,02
933,29	1470,44
933,47	1497,07
933,64	1458,15
933,82	1388,52
933,99	1499,11
934,16	1445,87
934,34	1488,87
934,51	1402,86
934,68	1456,11
934,86	1511,40
935,03	1464,30
935,20	1466,35
935,38	1398,76
935,55	1427,43
935,72	1503,21
935,90	1425,39
936,07	1533,93
936,24	1433,58
936,42	1523,69
936,59	1517,54
936,76	1423,34
936,94	1382,38
937,11	1490,92
937,28	1445,87
937,46	1374,19
937,63	1437,67
937,80	1484,78
937,97	1511,40
938,15	1488,87
938,32	1394,67
938,49	1472,49
938,67	1501,16
938,84	1501,16
939,01	1441,77
939,19	1376,24
939,36	1544,17
939,53	1488,87
939,70	1433,58
939,88	1464,30
940,05	1535,98
940,22	1486,83
940,40	1546,22
940,57	1523,69
940,74	1482,73
940,92	1447,91
941,09	1406,95
941,26	1464,30
941,43	1497,07
941,61	1501,16
941,78	1445,87
941,95	1515,50
942,12	1533,93
942,30	1452,01
942,47	1439,72
942,64	1402,86
942,82	1511,40
942,99	1523,69
943,16	1425,39
943,33	1513,45
943,51	1388,52
943,68	1507,30
943,85	1392,62
944,02	1441,77
944,20	1474,54
944,37	1433,58
944,54	1560,55
944,71	1466,35
944,89	1495,02
945,06	1478,63
945,23	1513,45
945,40	1507,30
945,58	1542,12
945,75	1441,77
945,92	1566,70
946,09	1497,07
946,27	1482,73
946,44	1443,82
946,61	1523,69
946,78	1466,35
946,95	1464,30
947,13	1468,39
947,30	1474,54
947,47	1462,25
947,64	1394,67
947,82	1394,67
947,99	1484,78
948,16	1552,36
948,33	1452,01
948,50	1390,57
948,68	1470,44
948,85	1456,11
949,02	1449,96
949,19	1452,01
949,36	1445,87
949,54	1443,82
949,71	1525,74
949,88	1394,67
950,05	1535,98
950,22	1415,15
950,40	1484,78
950,57	1409,00
950,74	1558,50
950,91	1497,07
951,08	1398,76
951,26	1472,49
951,43	1495,02
951,60	1392,62
951,77	1519,59
951,94	1572,84
952,11	1531,88
952,29	1511,40
952,46	1390,57
952,63	1515,50
952,80	1468,39
952,97	1456,11
953,15	1488,87
953,32	1372,14
953,49	1470,44
953,66	1505,26
953,83	1421,29
954,00	1431,53
954,17	1441,77
954,35	1521,64
954,52	1406,95
954,69	1490,92
954,86	1574,89
955,03	1527,78
955,20	1497,07
955,38	1454,06
955,55	1419,24
955,72	1517,54
955,89	1443,82
956,06	1470,44
956,23	1413,10
956,40	1439,72
956,58	1454,06
956,75	1447,91
956,92	1433,58
957,09	1402,86
957,26	1511,40
957,43	1468,39
957,60	1437,67
957,77	1384,43
957,95	1492,97
958,12	1413,10
958,29	1486,83
958,46	1527,78
958,63	1441,77
958,80	1431,53
958,97	1544,17
959,14	1447,91
959,31	1409,00
959,49	1544,17
959,66	1456,11
959,83	1366,00
960,00	1402,86
960,17	1562,60
960,34	1511,40
960,51	1409,00
960,68	1513,45
960,85	1535,98
961,02	1433,58
961,20	1497,07
961,37	1411,05
961,54	1462,25
961,71	1501,16
961,88	1445,87
962,05	1427,43
962,22	1515,50
962,39	1456,11
962,56	1480,68
962,73	1523,69
962,90	1458,15
963,07	1495,02
963,24	1427,43
963,42	1394,67
963,59	1468,39
963,76	1509,35
963,93	1607,66
964,10	1462,25
964,27	1538,02
964,44	1560,55
964,61	1478,63
964,78	1429,48
964,95	1548,26
965,12	1464,30
965,29	1501,16
965,46	1474,54
965,63	1542,12
965,80	1472,49
965,97	1396,71
966,14	1449,96
966,31	1456,11
966,48	1581,03
966,66	1437,67
966,83	1523,69
967,00	1535,98
967,17	1535,98
967,34	1462,25
967,51	1513,45
967,68	1552,36
967,85	1480,68
968,02	1527,78
968,19	1404,91
968,36	1519,59
968,53	1427,43
968,70	1513,45
968,87	1406,95
969,04	1497,07
969,21	1429,48
969,38	1595,37
969,55	1427,43
969,72	1558,50
969,89	1474,54
970,06	1513,45
970,23	1425,39
970,40	1548,26
970,57	1470,44
970,74	1482,73
970,91	1566,70
971,08	1480,68
971,25	1466,35
971,42	1523,69
971,59	1456,11
971,76	1478,63
971,93	1466,35
972,10	1423,34
972,27	1484,78
972,44	1449,96
972,61	1476,59
972,78	1468,39
972,95	1527,78
973,12	1566,70
973,29	1460,20
973,46	1474,54
973,63	1521,64
973,80	1509,35
973,97	1419,24
974,14	1556,46
974,30	1478,63
974,47	1550,31
974,64	1548,26
974,81	1523,69
974,98	1548,26
975,15	1480,68
975,32	1462,25
975,49	1425,39
975,66	1480,68
975,83	1476,59
976,00	1517,54
976,17	1437,67
976,34	1499,11
976,51	1386,47
976,68	1431,53
976,85	1548,26
977,02	1497,07
977,19	1474,54
977,36	1462,25
977,52	1513,45
977,69	1460,20
977,86	1550,31
978,03	1474,54
978,20	1550,31
978,37	1452,01
978,54	1613,80
978,71	1476,59
978,88	1505,26
979,05	1447,91
979,22	1437,67
979,39	1413,10
979,56	1394,67
979,72	1425,39
979,89	1509,35
980,06	1574,89
980,23	1523,69
980,40	1474,54
980,57	1472,49
980,74	1447,91
980,91	1419,24
981,08	1488,87
981,25	1466,35
981,41	1513,45
981,58	1456,11
981,75	1404,91
981,92	1540,07
982,09	1515,50
982,26	1349,61
982,43	1409,00
982,60	1521,64
982,77	1466,35
982,93	1476,59
983,10	1341,42
983,27	1456,11
983,44	1449,96
983,61	1505,26
983,78	1501,16
983,95	1433,58
984,11	1454,06
984,28	1484,78
984,45	1447,91
984,62	1417,19
984,79	1488,87
984,96	1445,87
985,13	1427,43
985,30	1499,11
985,46	1417,19
985,63	1474,54
985,80	1542,12
985,97	1409,00
986,14	1406,95
986,31	1529,83
986,47	1390,57
986,64	1433,58
986,81	1466,35
986,98	1443,82
987,15	1474,54
987,32	1458,15
987,48	1443,82
987,65	1495,02
987,82	1388,52
987,99	1503,21
988,16	1781,73
988,33	1527,78
988,49	1495,02
988,66	1517,54
988,83	1417,19
989,00	1511,40
989,17	1380,33
989,34	1517,54
989,50	1466,35
989,67	1419,24
989,84	1415,15
990,01	1458,15
990,18	1478,63
990,34	1486,83
990,51	1464,30
990,68	1441,77
990,85	1511,40
991,02	1427,43
991,18	1509,35
991,35	1505,26
991,52	1515,50
991,69	1445,87
991,86	1535,98
992,02	1460,20
992,19	1456,11
992,36	1452,01
992,53	1533,93
992,69	1482,73
992,86	1390,57
993,03	1531,88
993,20	1386,47
993,37	1544,17
993,53	1527,78
993,70	1437,67
993,87	1478,63
994,04	1478,63
994,20	1449,96
994,37	1486,83
994,54	1454,06
994,71	1431,53
994,87	1513,45
995,04	1492,97
995,21	1415,15
995,38	1361,90
995,55	1511,40
995,71	1482,73
995,88	1523,69
996,05	1486,83
996,22	1515,50
996,38	1435,63
996,55	1404,91
996,72	1433,58
996,88	1609,70
997,05	2176,99
997,22	1439,72
997,39	1437,67
997,55	1462,25
997,72	1538,02
997,89	1454,06
998,06	1507,30
998,22	1501,16
998,39	1488,87
998,56	1439,72
998,73	1433,58
998,89	1370,09
999,06	1396,71
999,23	1482,73
999,39	1499,11
999,56	1519,59
999,73	1452,01
999,90	1474,54
1000,06	1531,88
1000,23	1529,83
1000,40	1517,54
1000,56	1495,02
1000,73	1478,63
1000,90	1392,62
1001,06	1480,68
1001,23	1462,25
1001,40	1476,59
1001,57	1449,96
1001,73	1472,49
1001,90	1443,82
1002,07	1507,30
1002,23	1542,12
1002,40	1406,95
1002,57	1478,63
1002,73	1441,77
1002,90	1415,15
1003,07	1425,39
1003,23	1429,48
1003,40	1421,29
1003,57	1478,63
1003,73	1400,81
1003,90	1515,50
1004,07	1449,96
1004,23	1437,67
1004,40	1478,63
1004,57	1427,43
1004,73	1429,48
1004,90	1452,01
1005,07	1482,73
1005,23	1515,50
1005,40	1439,72
1005,57	1472,49
1005,73	1501,16
1005,90	1361,90
1006,07	1462,25
1006,23	1480,68
1006,40	1515,50
1006,57	1423,34
1006,73	1521,64
1006,90	1441,77
1007,06	1464,30
1007,23	1478,63
1007,40	1431,53
1007,56	1468,39
1007,73	1419,24
1007,90	1497,07
1008,06	1474,54
1008,23	1380,33
1008,40	1486,83
1008,56	1425,39
1008,73	1476,59
1008,89	1458,15
1009,06	1519,59
1009,23	1458,15
1009,39	1464,30
1009,56	1411,05
1009,72	1531,88
1009,89	1490,92
1010,06	1452,01
1010,22	1398,76
1010,39	1462,25
1010,55	1462,25
1010,72	1517,54
1010,89	1406,95
1011,05	1523,69
1011,22	1343,47
1011,38	1458,15
1011,55	1445,87
1011,72	1419,24
1011,88	1441,77
1012,05	1488,87
1012,21	1449,96
1012,38	1429,48
1012,55	1415,15
1012,71	1400,81
1012,88	1415,15
1013,04	1468,39
1013,21	1382,38
1013,37	1492,97
1013,54	1409,00
1013,71	1531,88
1013,87	1427,43
1014,04	1474,54
1014,20	1552,36
1014,37	1501,16
1014,53	1449,96
1014,70	1421,29
1014,87	1415,15
1015,03	1480,68
1015,20	1353,71
1015,36	1452,01
1015,53	1466,35
1015,69	1505,26
1015,86	1449,96
1016,02	1466,35
1016,19	1497,07
1016,36	1480,68
1016,52	1447,91
1016,69	1513,45
1016,85	1464,30
1017,02	1499,11
1017,18	1374,19
1017,35	1421,29
1017,51	1445,87
1017,68	1441,77
1017,84	1431,53
1018,01	1431,53
1018,17	1533,93
1018,34	1550,31
1018,50	1409,00
1018,67	1411,05
1018,84	1517,54
1019,00	1386,47
1019,17	1501,16
1019,33	1476,59
1019,50	1564,65
1019,66	1484,78
1019,83	1435,63
1019,99	1509,35
1020,16	1347,56
1020,32	1386,47
1020,49	1415,15
1020,65	1531,88
1020,82	1482,73
1020,98	1517,54
1021,15	1400,81
1021,31	1540,07
1021,48	1423,34
1021,64	1447,91
1021,81	1507,30
1021,97	1490,92
1022,14	1509,35
1022,30	1445,87
1022,47	1400,81
1022,63	1392,62
1022,79	1466,35
1022,96	1386,47
1023,12	1540,07
1023,29	1409,00
1023,45	1509,35
1023,62	1458,15
1023,78	1421,29
1023,95	1458,15
1024,11	1413,10
1024,28	1396,71
1024,44	1372,14
1024,61	1454,06
1024,77	1460,20
1024,94	1509,35
1025,10	1535,98
1025,26	1411,05
1025,43	1454,06
1025,59	1419,24
1025,76	1501,16
1025,92	1380,33
1026,09	1421,29
1026,25	1495,02
1026,42	1447,91
1026,58	1474,54
1026,74	1476,59
1026,91	1476,59
1027,07	1409,00
1027,24	1495,02
1027,40	1480,68
1027,57	1484,78
1027,73	1378,28
1027,90	1511,40
1028,06	1456,11
1028,22	1490,92
1028,39	1509,35
1028,55	1435,63
1028,72	1523,69
1028,88	1605,61
1029,04	1392,62
1029,21	1464,30
1029,37	1484,78
1029,54	1501,16
1029,70	1445,87
1029,87	1411,05
1030,03	1427,43
1030,19	1503,21
1030,36	1441,77
1030,52	1501,16
1030,69	1431,53
1030,85	1439,72
1031,01	1529,83
1031,18	1415,15
1031,34	1396,71
1031,50	1486,83
1031,67	1478,63
1031,83	1505,26
1032,00	1490,92
1032,16	1427,43
1032,32	1433,58
1032,49	1533,93
1032,65	1474,54
1032,82	1396,71
1032,98	1394,67
1033,14	1443,82
1033,31	1468,39
1033,47	1468,39
1033,63	1411,05
1033,80	1509,35
1033,96	1439,72
1034,13	1454,06
1034,29	1490,92
1034,45	1476,59
1034,62	1396,71
1034,78	1492,97
1034,94	1452,01
1035,11	1497,07
1035,27	1378,28
1035,43	1519,59
1035,60	1503,21
1035,76	1478,63
1035,92	1458,15
1036,09	1363,95
1036,25	1445,87
1036,41	1462,25
1036,58	1497,07
1036,74	1441,77
1036,90	1376,24
1037,07	1458,15
1037,23	1503,21
1037,39	1527,78
1037,56	1423,34
1037,72	1495,02
1037,88	1503,21
1038,05	1433,58
1038,21	1454,06
1038,37	1546,22
1038,54	1470,44
1038,70	1538,02
1038,86	1431,53
1039,03	1492,97
1039,19	1505,26
1039,35	1429,48
1039,52	1417,19
1039,68	1439,72
1039,84	1413,10
1040,00	1460,20
1040,17	1445,87
1040,33	1470,44
1040,49	1402,86
1040,66	1495,02
1040,82	1421,29
1040,98	1472,49
1041,15	1460,20
1041,31	1476,59
1041,47	1452,01
1041,63	1361,90
1041,80	1380,33
1041,96	1482,73
1042,12	1413,10
1042,29	1429,48
1042,45	1544,17
1042,61	1456,11
1042,77	1470,44
1042,94	1468,39
1043,10	1656,81
1043,26	1433,58
1043,42	1433,58
1043,59	1505,26
1043,75	1484,78
1043,91	1458,15
1044,07	1458,15
1044,24	1452,01
1044,40	1431,53
