345,22	1243,12
345,44	1243,12
345,66	1243,12
345,88	1277,93
346,10	1212,40
346,32	1353,71
346,54	1454,06
346,75	1417,19
346,97	1357,80
347,19	1468,39
347,41	1409,00
347,63	1409,00
347,85	1390,57
348,07	1380,33
348,29	1423,34
348,51	1390,57
348,73	1380,33
348,95	1366,00
349,16	1411,05
349,38	1376,24
349,60	1533,93
349,82	1492,97
350,04	1384,43
350,26	1513,45
350,48	1542,12
350,70	1445,87
350,92	1462,25
351,14	1546,22
351,35	1507,30
351,57	1447,91
351,79	1490,92
352,01	1396,71
352,23	1490,92
352,45	1529,83
352,67	1505,26
352,89	1454,06
353,10	1443,82
353,32	1511,40
353,54	1509,35
353,76	1519,59
353,98	1488,87
354,20	1462,25
354,42	1501,16
354,64	1460,20
354,85	1509,35
355,07	1484,78
355,29	1544,17
355,51	1439,72
355,73	1503,21
355,95	1398,76
356,17	1409,00
356,38	1447,91
356,60	1511,40
356,82	1544,17
357,04	1413,10
357,26	1396,71
357,48	1527,78
357,69	1531,88
357,91	1507,30
358,13	1495,02
358,35	1507,30
358,57	1478,63
358,79	1507,30
359,01	1478,63
359,22	1484,78
359,44	1499,11
359,66	1556,46
359,88	1452,01
360,10	1558,50
360,32	1456,11
360,53	1441,77
360,75	1486,83
360,97	1538,02
361,19	1404,91
361,41	1492,97
361,62	1578,98
361,84	1482,73
362,06	1488,87
362,28	1400,81
362,50	1587,18
362,72	1480,68
362,93	1454,06
363,15	1456,11
363,37	1511,40
363,59	1441,77
363,81	1456,11
364,02	1503,21
364,24	1474,54
364,46	1482,73
364,68	1503,21
364,90	1550,31
365,11	1517,54
365,33	1474,54
365,55	1431,53
365,77	1535,98
365,99	1462,25
366,20	1615,85
366,42	1468,39
366,64	1452,01
366,86	1509,35
367,07	1433,58
367,29	1435,63
367,51	1521,64
367,73	1478,63
367,95	1480,68
368,16	1519,59
368,38	1509,35
368,60	1490,92
368,82	1540,07
369,03	1554,41
369,25	1546,22
369,47	1435,63
369,69	1486,83
369,91	1484,78
370,12	1402,86
370,34	1429,48
370,56	1458,15
370,78	1413,10
370,99	1519,59
371,21	1509,35
371,43	1464,30
371,65	1413,10
371,86	1501,16
372,08	1462,25
372,30	1503,21
372,52	1546,22
372,73	1437,67
372,95	1454,06
373,17	1423,34
373,39	1437,67
373,60	1370,09
373,82	1527,78
374,04	1441,77
374,26	1462,25
374,47	1542,12
374,69	1441,77
374,91	1558,50
375,12	1525,74
375,34	1478,63
375,56	1488,87
375,78	1413,10
375,99	1425,39
376,21	1585,13
376,43	1484,78
376,65	1523,69
376,86	1480,68
377,08	1486,83
377,30	1595,37
377,51	1529,83
377,73	1454,06
377,95	1476,59
378,17	1529,83
378,38	1445,87
378,60	1474,54
378,82	1587,18
379,03	1595,37
379,25	1499,11
379,47	1540,07
379,68	1531,88
379,90	1390,57
380,12	1476,59
380,34	1460,20
380,55	1515,50
380,77	1548,26
380,99	1509,35
381,20	1566,70
381,42	1570,79
381,64	1488,87
381,85	1484,78
382,07	1538,02
382,29	1578,98
382,50	1404,91
382,72	1519,59
382,94	1501,16
383,15	1572,84
383,37	1505,26
383,59	1533,93
383,80	1380,33
384,02	1490,92
384,24	1521,64
384,45	1564,65
384,67	1513,45
384,89	1468,39
385,10	1480,68
385,32	1523,69
385,54	1472,49
385,75	1478,63
385,97	1556,46
386,19	1515,50
386,40	1554,41
386,62	1460,20
386,84	1492,97
387,05	1470,44
387,27	1562,60
387,49	1462,25
387,70	1554,41
387,92	1531,88
388,14	1468,39
388,35	1482,73
388,57	1499,11
388,79	1550,31
389,00	1495,02
389,22	1523,69
389,43	1568,74
389,65	1533,93
389,87	1581,03
390,08	1519,59
390,30	1617,90
390,52	1540,07
390,73	1558,50
390,95	1517,54
391,17	1585,13
391,38	1574,89
391,60	1597,42
391,81	1665,00
392,03	1513,45
392,25	1507,30
392,46	1497,07
392,68	1712,10
392,89	1601,51
393,11	1550,31
393,33	1626,09
393,54	1611,75
393,76	1757,16
393,98	1632,23
394,19	1601,51
394,41	1660,90
394,62	1636,33
394,84	1601,51
395,06	1619,94
395,27	1644,52
395,49	1697,77
395,70	1732,58
395,92	1763,30
396,13	1697,77
396,35	1648,61
396,57	1751,01
396,78	1656,81
397,00	1728,49
397,21	1814,50
397,43	1810,40
397,65	1857,51
397,86	1888,23
398,08	1843,17
398,29	1910,75
398,51	1908,71
398,72	1984,48
398,94	2037,73
399,16	2017,25
399,37	2021,35
399,59	2113,50
399,80	2052,06
400,02	2097,12
400,23	2131,94
400,45	2144,22
400,67	2242,53
400,88	2195,42
401,10	2131,94
401,31	2197,47
401,53	2201,57
401,74	2207,71
401,96	2326,49
402,17	2351,07
402,39	2256,86
402,61	2396,12
402,82	2568,15
403,04	2574,30
403,25	2580,44
403,47	2654,17
403,68	2674,65
403,90	2924,50
404,11	2840,53
404,33	2928,60
404,54	3033,04
404,76	3067,86
404,97	3174,35
405,19	3291,09
405,41	3428,30
405,62	3571,66
405,84	3471,31
406,05	3608,52
406,27	3624,90
406,48	3774,41
406,70	3897,28
406,91	3991,49
407,13	4161,47
407,34	4165,57
407,56	4358,08
407,77	4499,39
407,99	4599,74
408,20	4919,22
408,42	4884,41
408,63	5175,22
408,85	5205,94
409,06	5466,03
409,28	5728,17
409,49	5830,57
409,71	5935,01
409,92	6037,41
410,14	6045,60
410,35	6694,81
410,57	6754,20
410,78	6836,12
411,00	7237,52
411,21	7565,20
411,43	7976,84
411,64	8159,11
411,86	8130,44
412,07	8671,10
412,29	9000,82
412,50	9135,99
412,72	9535,34
412,93	10094,44
413,15	10424,16
413,36	10409,83
413,58	10944,34
413,79	11081,56
414,01	11788,11
414,22	12085,06
414,43	12853,05
414,65	13446,96
414,86	13629,23
415,08	14055,21
415,29	14210,86
415,51	14743,33
415,72	15564,56
415,94	15707,92
416,15	16537,35
416,37	16529,16
416,58	18056,94
416,80	18450,15
417,01	18673,38
417,22	19255,00
417,44	19814,10
417,65	20737,73
417,87	21046,97
418,08	21692,08
418,30	21761,72
418,51	22486,70
418,73	23295,64
418,94	23805,59
419,15	24020,63
419,37	25992,82
419,58	25970,29
419,80	27002,47
420,01	26693,22
420,23	28112,47
420,44	29447,74
420,65	29890,10
420,87	30717,48
421,08	30746,15
421,30	32101,91
421,51	31874,59
421,73	33066,50
421,94	33902,07
422,15	34625,01
422,37	35511,78
422,58	35454,44
422,80	36605,39
423,01	37961,15
423,22	37539,27
423,44	37832,13
423,65	39364,01
423,87	39601,57
424,08	38620,59
424,29	40342,94
424,51	40498,58
424,72	41170,32
424,94	40627,60
425,15	41938,30
425,36	42155,39
425,58	42521,98
425,79	42495,35
426,01	42421,62
426,22	42075,52
426,43	43793,76
426,65	45030,74
426,86	45589,83
427,08	44733,78
427,29	44694,87
427,50	43550,06
427,72	43173,23
427,93	42014,08
428,14	43154,80
428,36	44402,01
428,57	44625,24
428,79	43236,72
429,00	41811,33
429,21	42706,29
429,43	41710,98
429,64	43423,08
429,85	42257,79
430,07	42870,13
430,28	40592,79
430,49	41207,18
430,71	41334,15
430,92	41796,99
431,14	40084,89
431,35	40113,56
431,56	38976,94
431,78	38546,87
431,99	38487,48
432,20	39671,20
432,42	38114,75
432,63	38026,68
432,84	36902,35
433,06	34465,27
433,27	34874,86
433,48	35395,04
433,70	34143,74
433,91	32841,23
434,12	32382,48
434,34	32355,86
434,55	32003,61
434,76	31637,02
434,98	30068,28
435,19	30094,90
435,40	29457,98
435,62	28446,29
435,83	27856,47
436,04	27252,32
436,26	26875,49
436,47	25478,78
436,68	24342,16
436,90	25165,44
437,11	24557,19
437,32	24295,05
437,54	24522,38
437,75	22888,10
437,96	23025,31
438,17	22351,53
438,39	21345,98
438,60	20721,35
438,81	20385,48
439,03	21143,23
439,24	20780,74
439,45	20367,05
439,67	19023,58
439,88	18964,19
440,09	17952,49
440,30	17852,14
440,52	16924,41
440,73	17653,49
440,94	17159,93
441,16	16426,76
441,37	16092,94
441,58	15759,12
441,80	16101,13
442,01	15427,35
442,22	15335,19
442,43	14653,22
442,65	14423,84
442,86	13743,92
443,07	13881,13
443,28	13186,87
443,50	13657,90
443,71	13295,41
443,92	12750,65
444,14	12203,85
444,35	12363,59
444,56	12232,52
444,77	11992,90
444,99	11444,05
445,20	11229,01
445,41	10985,30
445,62	10911,58
445,84	10733,40
446,05	10512,22
446,26	10532,70
446,47	9602,93
446,69	9396,08
446,90	9787,24
447,11	9484,14
447,32	8689,53
447,54	8861,56
447,75	8757,11
447,96	8202,11
448,17	8103,81
448,39	8304,51
448,60	7694,22
448,81	7780,23
449,02	7626,64
449,23	7514,00
449,45	7643,02
449,66	7184,27
449,87	7167,89
450,08	7081,88
450,30	6754,20
450,51	6897,56
450,72	6637,47
450,93	6602,65
451,15	6500,25
451,36	6156,19
451,57	6160,29
451,78	5836,71
451,99	6082,47
452,21	6109,09
452,42	5777,32
452,63	5566,38
452,84	5414,83
453,05	5390,25
453,27	5418,93
453,48	5214,13
453,69	5115,83
453,90	5152,69
454,11	5052,34
454,33	4794,29
454,54	4865,97
454,75	4915,12
454,96	4900,79
455,17	4632,51
455,39	4628,41
455,60	4599,74
455,81	4601,79
456,02	4386,75
456,23	4267,97
456,45	4331,45
456,66	4212,67
456,87	4136,90
457,08	4282,30
457,29	4163,52
457,50	3911,62
457,72	3936,20
457,93	3776,45
458,14	3925,96
458,35	3989,44
458,56	3870,66
458,77	3696,58
458,99	3661,77
459,20	3672,01
459,41	3516,36
459,62	3422,16
459,83	3532,75
460,04	3547,08
460,26	3420,11
460,47	3332,05
460,68	3194,83
460,89	3188,69
461,10	3182,54
461,31	3243,98
461,52	3170,26
461,74	3086,29
461,95	3008,47
462,16	3084,24
462,37	3178,45
462,58	3016,66
462,79	2998,23
463,00	2942,93
463,22	2965,46
463,43	2963,41
463,64	2895,83
463,85	2756,57
464,06	2922,45
464,27	2824,15
464,48	2826,20
464,70	2783,19
464,91	2756,57
465,12	2758,61
465,33	2736,09
465,54	2777,05
465,75	2699,22
465,96	2836,44
466,17	2666,46
466,38	2678,74
466,60	2551,77
466,81	2621,40
467,02	2707,41
467,23	2564,06
467,44	2529,24
467,65	2449,37
467,86	2543,58
468,07	2500,57
468,28	2465,75
468,50	2318,30
468,71	2555,86
468,92	2355,16
469,13	2369,50
469,34	2494,43
469,55	2334,68
469,76	2367,45
469,97	2461,66
470,18	2435,03
470,39	2340,83
470,60	2297,82
470,82	2349,02
471,03	2238,43
471,24	2330,59
471,45	2277,34
471,66	2265,05
471,87	2240,48
472,08	2179,04
472,29	2230,24
472,50	2322,40
472,71	2140,13
472,92	2176,99
473,13	2176,99
473,34	2273,25
473,55	2123,74
473,77	2187,23
473,98	2168,80
474,19	2205,66
474,40	2066,40
474,61	2127,84
474,82	2043,87
475,03	2037,73
475,24	1988,58
475,45	2105,31
475,66	2148,32
475,87	2045,92
476,08	2142,18
476,29	2172,89
476,50	2105,31
476,71	2133,98
476,92	2052,06
477,13	2031,58
477,34	2080,74
477,55	2076,64
477,76	2019,30
477,97	2084,83
478,18	2078,69
478,40	1996,77
478,61	2064,35
478,82	2019,30
479,03	2039,78
479,24	2004,96
479,45	2072,54
479,66	2078,69
479,87	1976,29
480,08	2041,82
480,29	1982,43
480,50	2101,22
480,71	1898,47
480,92	1992,67
481,13	1902,56
481,34	1984,48
481,55	1910,75
481,76	1949,67
481,97	1957,86
482,18	2031,58
482,39	1918,95
482,60	2013,15
482,81	1961,95
483,02	1898,47
483,23	1927,14
483,44	1869,80
483,65	1894,37
483,86	2021,35
484,07	1986,53
484,28	1951,71
484,49	2043,87
484,70	1955,81
484,91	1941,47
485,12	1951,71
485,33	1875,94
485,54	1877,99
485,75	1916,90
485,96	1986,53
486,17	1849,32
486,38	1890,28
486,59	1888,23
486,80	1972,19
487,01	1923,04
487,21	2007,01
487,42	1914,85
487,63	1976,29
487,84	1927,14
488,05	1888,23
488,26	1959,91
488,47	1855,46
488,68	1837,03
488,89	1982,43
489,10	1871,84
489,31	1916,90
489,52	1906,66
489,73	1906,66
489,94	1992,67
490,15	1906,66
490,36	1986,53
490,57	1834,98
490,78	1794,02
490,99	1920,99
491,20	1832,93
491,41	1912,80
491,61	1966,05
491,82	1892,32
492,03	1867,75
492,24	1970,15
492,45	1796,07
492,66	1869,80
492,87	1775,59
493,08	1933,28
493,29	1794,02
493,50	1900,52
493,71	1898,47
493,92	1824,74
494,13	1794,02
494,34	1820,64
494,54	1888,23
494,75	1863,65
494,96	1935,33
495,17	1894,37
495,38	1935,33
495,59	1839,08
495,80	1888,23
496,01	1892,32
496,22	1861,60
496,43	1757,16
496,64	1841,12
496,84	1886,18
497,05	1812,45
497,26	1996,77
497,47	1830,88
497,68	1941,47
497,89	1806,31
498,10	1845,22
498,31	1927,14
498,52	1830,88
498,72	1888,23
498,93	1837,03
499,14	1828,84
499,35	1763,30
499,56	1851,36
499,77	1820,64
499,98	1947,62
500,19	1732,58
500,40	1751,01
500,60	1673,19
500,81	1896,42
501,02	1828,84
501,23	1828,84
501,44	1781,73
501,65	1785,83
501,86	1769,44
502,06	1765,35
502,27	1894,37
502,48	1824,74
502,69	1820,64
502,90	1865,70
503,11	1728,49
503,32	1832,93
503,53	1812,45
503,73	1826,79
503,94	1822,69
504,15	1867,75
504,36	1845,22
504,57	1777,64
504,78	1828,84
504,98	1808,36
505,19	1798,12
505,40	1767,40
505,61	1787,88
505,82	1763,30
506,03	1820,64
506,23	1720,29
506,44	1787,88
506,65	1875,94
506,86	1720,29
507,07	1753,06
507,28	1875,94
507,48	1796,07
507,69	1761,25
507,90	1740,77
508,11	1705,96
508,32	1863,65
508,53	1746,92
508,73	1773,54
508,94	1822,69
509,15	1837,03
509,36	1773,54
509,57	1755,11
509,77	1789,92
509,98	1687,53
510,19	1781,73
510,40	1777,64
510,61	1703,91
510,81	1773,54
511,02	1804,26
511,23	1708,01
511,44	1789,92
511,65	1755,11
511,85	1812,45
512,06	1839,08
512,27	1794,02
512,48	1767,40
512,69	1785,83
512,89	1810,40
513,10	1828,84
513,31	1783,78
513,52	1808,36
513,73	1728,49
513,93	1785,83
514,14	1847,27
514,35	1830,88
514,56	1826,79
514,76	1744,87
514,97	1865,70
515,18	1896,42
515,39	1767,40
515,60	1796,07
515,80	1845,22
516,01	1763,30
516,22	1800,16
516,43	1687,53
516,63	1830,88
516,84	1814,50
517,05	1746,92
517,26	1841,12
517,46	1810,40
517,67	1802,21
517,88	1783,78
518,09	1757,16
518,29	1771,49
518,50	1861,60
518,71	1785,83
518,92	1937,38
519,12	1791,97
519,33	1898,47
519,54	1755,11
519,75	1841,12
519,95	1802,21
520,16	1777,64
520,37	1726,44
520,57	1742,82
520,78	1904,61
520,99	1806,31
521,20	1734,63
521,40	1738,73
521,61	1806,31
521,82	1728,49
522,03	1695,72
522,23	1763,30
522,44	1753,06
522,65	1802,21
522,85	1816,55
523,06	1714,15
523,27	1740,77
523,48	1814,50
523,68	1839,08
523,89	1779,68
524,10	1851,36
524,30	1724,39
524,51	1753,06
524,72	1781,73
524,93	1708,01
525,13	1779,68
525,34	1753,06
525,55	1800,16
525,75	1783,78
525,96	1785,83
526,17	1806,31
526,37	1875,94
526,58	1828,84
526,79	1761,25
526,99	1744,87
527,20	1818,60
527,41	1779,68
527,62	1691,62
527,82	1787,88
528,03	1679,33
528,24	1787,88
528,44	1867,75
528,65	1771,49
528,86	1740,77
529,06	1775,59
529,27	1794,02
529,48	1703,91
529,68	1888,23
529,89	1824,74
530,10	1812,45
530,30	1740,77
530,51	1783,78
530,72	1736,68
530,92	1769,44
531,13	1785,83
531,34	1923,04
531,54	1830,88
531,75	1869,80
531,96	1890,28
532,16	1851,36
532,37	1857,51
532,57	1785,83
532,78	1828,84
532,99	1877,99
533,19	1875,94
533,40	1871,84
533,61	1837,03
533,81	1765,35
534,02	1724,39
534,23	1877,99
534,43	1845,22
534,64	1839,08
534,84	1757,16
535,05	1755,11
535,26	1814,50
535,46	1808,36
535,67	1902,56
535,88	1824,74
536,08	1740,77
536,29	1781,73
536,49	1751,01
536,70	1853,41
536,91	1658,85
537,11	1847,27
537,32	1851,36
537,53	1900,52
537,73	1914,85
537,94	1834,98
538,14	1757,16
538,35	1744,87
538,56	1837,03
538,76	1791,97
538,97	1806,31
539,17	1775,59
539,38	1861,60
539,59	1804,26
539,79	1791,97
540,00	1689,57
540,20	1837,03
540,41	1800,16
540,62	2088,93
540,82	1802,21
541,03	1783,78
541,23	1818,60
541,44	1796,07
541,64	1865,70
541,85	1765,35
542,06	1826,79
542,26	1742,82
542,47	1871,84
542,67	1875,94
542,88	1908,71
543,08	1847,27
543,29	1822,69
543,50	1875,94
543,70	1900,52
543,91	1828,84
544,11	1828,84
544,32	1923,04
544,52	1916,90
544,73	1748,97
544,94	1824,74
545,14	1777,64
545,35	1810,40
545,55	1847,27
545,76	1791,97
545,96	1890,28
546,17	1824,74
546,37	1796,07
546,58	1884,13
546,78	1738,73
546,99	1765,35
547,20	1890,28
547,40	1839,08
547,61	1798,12
547,81	1851,36
548,02	1898,47
548,22	1802,21
548,43	1945,57
548,63	1859,56
548,84	1857,51
549,04	1886,18
549,25	1775,59
549,45	1875,94
549,66	1818,60
549,86	1900,52
550,07	1871,84
550,27	1826,79
550,48	1855,46
550,69	1894,37
550,89	1890,28
551,10	1822,69
551,30	1931,23
551,51	1804,26
551,71	1847,27
551,92	1832,93
552,12	1732,58
552,33	1832,93
552,53	1804,26
552,74	1779,68
552,94	1787,88
553,15	1791,97
553,35	1873,89
553,56	1783,78
553,76	1798,12
553,97	1843,17
554,17	1849,32
554,38	1830,88
554,58	1871,84
554,79	1814,50
554,99	1859,56
555,19	1724,39
555,40	1830,88
555,60	1822,69
555,81	1820,64
556,01	1789,92
556,22	1849,32
556,42	1798,12
556,63	1789,92
556,83	1853,41
557,04	1818,60
557,24	1822,69
557,45	1855,46
557,65	1800,16
557,86	1775,59
558,06	1890,28
558,27	1802,21
558,47	1753,06
558,67	1845,22
558,88	1865,70
559,08	1783,78
559,29	1763,30
559,49	1882,08
559,70	1884,13
559,90	1812,45
560,11	1828,84
560,31	1867,75
560,52	1853,41
560,72	1779,68
560,92	1853,41
561,13	1800,16
561,33	1757,16
561,54	1845,22
561,74	1849,32
561,95	1761,25
562,15	1818,60
562,35	1820,64
562,56	1867,75
562,76	1796,07
562,97	1830,88
563,17	1882,08
563,38	1834,98
563,58	1806,31
563,78	1837,03
563,99	1781,73
564,19	1769,44
564,40	1841,12
564,60	1845,22
564,80	1839,08
565,01	1820,64
565,21	1867,75
565,42	1925,09
565,62	1841,12
565,83	1851,36
566,03	1849,32
566,23	1822,69
566,44	1906,66
566,64	1837,03
566,85	1804,26
567,05	1857,51
567,25	1740,77
567,46	1898,47
567,66	1806,31
567,86	1851,36
568,07	1751,01
568,27	1849,32
568,48	1718,25
568,68	1822,69
568,88	1892,32
569,09	1933,28
569,29	1869,80
569,50	1781,73
569,70	1880,04
569,90	1875,94
570,11	1873,89
570,31	1794,02
570,51	1826,79
570,72	1718,25
570,92	1871,84
571,13	1900,52
571,33	1839,08
571,53	1894,37
571,74	1871,84
571,94	1925,09
572,14	1837,03
572,35	1816,55
572,55	1914,85
572,75	1812,45
572,96	1816,55
573,16	1863,65
573,36	1839,08
573,57	1830,88
573,77	1855,46
573,97	1791,97
574,18	1865,70
574,38	1839,08
574,59	1847,27
574,79	1806,31
574,99	1857,51
575,20	1908,71
575,40	1785,83
575,60	1888,23
575,81	1834,98
576,01	1796,07
576,21	1808,36
576,42	1816,55
576,62	1771,49
576,82	1863,65
577,02	1847,27
577,23	1845,22
577,43	1875,94
577,63	1832,93
577,84	1855,46
578,04	1767,40
578,24	1722,34
578,45	1785,83
578,65	1820,64
578,85	1834,98
579,06	1859,56
579,26	1935,33
579,46	1843,17
579,67	1861,60
579,87	1910,75
580,07	1826,79
580,27	1867,75
580,48	1826,79
580,68	1875,94
580,88	1810,40
581,09	1834,98
581,29	1794,02
581,49	1890,28
581,69	1826,79
581,90	1785,83
582,10	1785,83
582,30	1867,75
582,51	1877,99
582,71	1812,45
582,91	1806,31
583,11	1877,99
583,32	1732,58
583,52	1812,45
583,72	1814,50
583,93	1867,75
584,13	1839,08
584,33	1834,98
584,53	1843,17
584,74	1884,13
584,94	1736,68
585,14	1804,26
585,34	1828,84
585,55	1783,78
585,75	1894,37
585,95	1785,83
586,15	1824,74
586,36	1814,50
586,56	1871,84
586,76	1892,32
586,96	1859,56
587,17	1810,40
587,37	1873,89
587,57	1757,16
587,77	1828,84
587,98	1892,32
588,18	1810,40
588,38	1794,02
588,58	1845,22
588,79	1806,31
588,99	1794,02
589,19	1886,18
589,39	1832,93
589,60	1734,63
589,80	1837,03
590,00	1824,74
590,20	1871,84
590,40	1724,39
590,61	1810,40
590,81	1826,79
591,01	1869,80
591,21	1841,12
591,42	1798,12
591,62	1806,31
591,82	1781,73
592,02	1796,07
592,22	1910,75
592,43	1808,36
592,63	1785,83
592,83	1892,32
593,03	1843,17
593,23	1830,88
593,44	1804,26
593,64	1742,82
593,84	1882,08
594,04	1865,70
594,24	1777,64
594,45	1880,04
594,65	1767,40
594,85	1761,25
595,05	1845,22
595,25	1773,54
595,46	1867,75
595,66	1783,78
595,86	1781,73
596,06	1748,97
596,26	1765,35
596,46	1781,73
596,67	1865,70
596,87	1777,64
597,07	1794,02
597,27	1777,64
597,47	1904,61
597,67	1925,09
597,88	1822,69
598,08	1822,69
598,28	1826,79
598,48	1806,31
598,68	1861,60
598,88	1929,19
599,09	1908,71
599,29	1718,25
599,49	1931,23
599,69	1806,31
599,89	1802,21
600,09	1869,80
600,30	1849,32
600,50	1894,37
600,70	1861,60
600,90	1822,69
601,10	1837,03
601,30	1916,90
601,50	1877,99
601,71	1894,37
601,91	1898,47
602,11	1785,83
602,31	1832,93
602,51	1851,36
602,71	1804,26
602,91	1861,60
603,11	1820,64
603,32	1855,46
603,52	1804,26
603,72	1896,42
603,92	1892,32
604,12	1796,07
604,32	1818,60
604,52	1931,23
604,72	1843,17
604,93	1871,84
605,13	1886,18
605,33	1898,47
605,53	1920,99
605,73	1814,50
605,93	1880,04
606,13	1812,45
606,33	1914,85
606,53	1824,74
606,74	1814,50
606,94	1929,19
607,14	1871,84
607,34	1849,32
607,54	1834,98
607,74	1892,32
607,94	1804,26
608,14	1880,04
608,34	1853,41
608,54	1873,89
608,74	1851,36
608,95	1855,46
609,15	1834,98
609,35	1806,31
609,55	1789,92
609,75	1877,99
609,95	1949,67
610,15	1851,36
610,35	1865,70
610,55	1867,75
610,75	1931,23
610,95	1816,55
611,15	1851,36
611,35	1961,95
611,55	1882,08
611,76	1939,43
611,96	1869,80
612,16	1851,36
612,36	1933,28
612,56	1925,09
612,76	1953,76
612,96	1875,94
613,16	1951,71
613,36	1961,95
613,56	1900,52
613,76	1923,04
613,96	1816,55
614,16	1886,18
614,36	1910,75
614,56	1906,66
614,76	1882,08
614,96	1912,80
615,16	1804,26
615,36	1847,27
615,56	1869,80
615,76	1837,03
615,97	1853,41
616,17	1894,37
616,37	1984,48
616,57	1841,12
616,77	1892,32
616,97	1961,95
617,17	1818,60
617,37	1949,67
617,57	1880,04
617,77	1982,43
617,97	1959,91
618,17	1900,52
618,37	1875,94
618,57	1908,71
618,77	1929,19
618,97	1920,99
619,17	1933,28
619,37	1972,19
619,57	1843,17
619,77	1861,60
619,97	1941,47
620,17	1918,95
620,37	1888,23
620,57	1845,22
620,77	1937,38
620,97	1976,29
621,17	1875,94
621,37	1773,54
621,57	1892,32
621,77	1853,41
621,97	1912,80
622,17	1931,23
622,37	1914,85
622,57	1908,71
622,77	1902,56
622,97	1841,12
623,17	1904,61
623,37	1925,09
623,57	1978,34
623,77	1837,03
623,97	1908,71
624,16	1841,12
624,36	1867,75
624,56	1920,99
624,76	1908,71
624,96	1908,71
625,16	1845,22
625,36	1916,90
625,56	1845,22
625,76	1902,56
625,96	1843,17
626,16	1880,04
626,36	1900,52
626,56	1986,53
626,76	1943,52
626,96	1814,50
627,16	1943,52
627,36	1933,28
627,56	2009,06
627,76	1904,61
627,96	1953,76
628,16	1947,62
628,35	1970,15
628,55	1873,89
628,75	1875,94
628,95	1908,71
629,15	1984,48
629,35	1892,32
629,55	1839,08
629,75	1947,62
629,95	1847,27
630,15	1955,81
630,35	1810,40
630,55	1982,43
630,75	1933,28
630,95	1986,53
631,14	1855,46
631,34	1935,33
631,54	1837,03
631,74	1941,47
631,94	1888,23
632,14	1841,12
632,34	1845,22
632,54	1931,23
632,74	1873,89
632,94	1910,75
633,14	1976,29
633,33	1898,47
633,53	1816,55
633,73	1996,77
633,93	1910,75
634,13	1918,95
634,33	1877,99
634,53	1910,75
634,73	1867,75
634,93	1912,80
635,12	1935,33
635,32	1914,85
635,52	1869,80
635,72	1820,64
635,92	1935,33
636,12	1994,72
636,32	1851,36
636,52	1935,33
636,71	1947,62
636,91	2004,96
637,11	1957,86
637,31	1896,42
637,51	1826,79
637,71	1984,48
637,91	1849,32
638,11	1886,18
638,30	1892,32
638,50	1861,60
638,70	1994,72
638,90	1900,52
639,10	1957,86
639,30	1894,37
639,50	2004,96
639,69	1896,42
639,89	1880,04
640,09	1867,75
640,29	1935,33
640,49	1853,41
640,69	1865,70
640,88	1955,81
641,08	1937,38
641,28	1904,61
641,48	1929,19
641,68	1947,62
641,88	1920,99
642,07	1861,60
642,27	1898,47
642,47	1894,37
642,67	1828,84
642,87	1906,66
643,07	1943,52
643,26	1918,95
643,46	1900,52
643,66	1824,74
643,86	1955,81
644,06	1880,04
644,26	1830,88
644,45	1888,23
644,65	1910,75
644,85	1877,99
645,05	1865,70
645,25	1931,23
645,44	1902,56
645,64	1978,34
645,84	1826,79
646,04	1894,37
646,24	1894,37
646,43	2013,15
646,63	1839,08
646,83	1849,32
647,03	1964,00
647,23	1847,27
647,42	1945,57
647,62	1974,24
647,82	1904,61
648,02	1802,21
648,22	1849,32
648,41	1925,09
648,61	1892,32
648,81	1916,90
649,01	1920,99
649,20	1951,71
649,40	1834,98
649,60	1988,58
649,80	1925,09
650,00	1857,51
650,19	1847,27
650,39	1933,28
650,59	1837,03
650,79	1894,37
650,98	1843,17
651,18	1882,08
651,38	1830,88
651,58	1898,47
651,77	1855,46
651,97	1857,51
652,17	1908,71
652,37	1822,69
652,56	1896,42
652,76	1882,08
652,96	1910,75
653,16	1873,89
653,35	1822,69
653,55	1830,88
653,75	1880,04
653,95	1939,43
654,14	1861,60
654,34	1843,17
654,54	1843,17
654,74	1853,41
654,93	1859,56
655,13	1787,88
655,33	1923,04
655,52	1812,45
655,72	1968,10
655,92	1935,33
656,12	1796,07
656,31	1884,13
656,51	1830,88
656,71	1857,51
656,91	1882,08
657,10	1857,51
657,30	1851,36
657,50	1841,12
657,69	1912,80
657,89	1857,51
658,09	1990,63
658,29	1880,04
658,48	1884,13
658,68	1830,88
658,88	1951,71
659,07	1867,75
659,27	1880,04
659,47	1830,88
659,66	1853,41
659,86	1853,41
660,06	1853,41
660,26	1777,64
660,45	1927,14
660,65	1955,81
660,85	1914,85
661,04	1800,16
661,24	1902,56
661,44	1820,64
661,63	1851,36
661,83	1863,65
662,03	1898,47
662,22	1841,12
662,42	1892,32
662,62	1896,42
662,81	1744,87
663,01	1849,32
663,21	1867,75
663,40	1865,70
663,60	1959,91
663,80	1880,04
663,99	1869,80
664,19	1808,36
664,39	1920,99
664,58	1855,46
664,78	1791,97
664,98	1847,27
665,17	1839,08
665,37	1816,55
665,57	1953,76
665,76	1824,74
665,96	1830,88
666,16	1890,28
666,35	1845,22
666,55	1877,99
666,74	1869,80
666,94	1933,28
667,14	1857,51
667,33	1871,84
667,53	1918,95
667,73	1898,47
667,92	1937,38
668,12	1970,15
668,32	1923,04
668,51	1834,98
668,71	1849,32
668,90	1890,28
669,10	1851,36
669,30	1859,56
669,49	1935,33
669,69	1918,95
669,89	1748,97
670,08	1859,56
670,28	1998,82
670,47	1849,32
670,67	1882,08
670,87	1806,31
671,06	1951,71
671,26	1912,80
671,45	1843,17
671,65	1894,37
671,85	1824,74
672,04	1814,50
672,24	1785,83
672,43	1863,65
672,63	1851,36
672,83	1781,73
673,02	1742,82
673,22	1806,31
673,41	1886,18
673,61	1771,49
673,81	1777,64
674,00	1904,61
674,20	1783,78
674,39	1800,16
674,59	1720,29
674,78	1849,32
674,98	1943,52
675,18	1927,14
675,37	1818,60
675,57	1800,16
675,76	1902,56
675,96	1812,45
676,15	1822,69
676,35	1851,36
676,55	1761,25
676,74	1798,12
676,94	1845,22
677,13	1853,41
677,33	1920,99
677,52	1867,75
677,72	1857,51
677,91	1748,97
678,11	1791,97
678,31	1851,36
678,50	1845,22
678,70	1810,40
678,89	1886,18
679,09	1759,21
679,28	1798,12
679,48	1888,23
679,67	1716,20
679,87	1804,26
680,06	2015,20
680,26	1941,47
680,46	1834,98
680,65	1834,98
680,85	1820,64
681,04	1859,56
681,24	1820,64
681,43	1798,12
681,63	1865,70
681,82	1765,35
682,02	1742,82
682,21	1794,02
682,41	1841,12
682,60	1789,92
682,80	1826,79
682,99	1779,68
683,19	1832,93
683,38	1849,32
683,58	1847,27
683,77	1832,93
683,97	1894,37
684,16	1914,85
684,36	1826,79
684,55	1740,77
684,75	1839,08
684,94	1894,37
685,14	1761,25
685,33	1781,73
685,53	1794,02
685,72	1759,21
685,92	1798,12
686,11	1783,78
686,31	1767,40
686,50	1806,31
686,70	1837,03
686,89	1769,44
687,09	1763,30
687,28	1798,12
687,48	1791,97
687,67	1794,02
687,87	1796,07
688,06	1783,78
688,26	1904,61
688,45	1798,12
688,65	1826,79
688,84	1900,52
689,03	1785,83
689,23	1728,49
689,42	1859,56
689,62	1798,12
689,81	1787,88
690,01	1855,46
690,20	1806,31
690,40	1787,88
690,59	1845,22
690,79	1753,06
690,98	1869,80
691,17	1808,36
691,37	1871,84
691,56	1845,22
691,76	1896,42
691,95	1888,23
692,15	1779,68
692,34	1888,23
692,54	1763,30
692,73	1779,68
692,92	1861,60
693,12	1804,26
693,31	1728,49
693,51	1785,83
693,70	1794,02
693,90	1843,17
694,09	1839,08
694,28	1787,88
694,48	1851,36
694,67	1767,40
694,87	1841,12
695,06	1822,69
695,26	1832,93
695,45	1914,85
695,64	1869,80
695,84	1861,60
696,03	1763,30
696,23	1871,84
696,42	1853,41
696,61	1867,75
696,81	1730,53
697,00	1822,69
697,20	1861,60
697,39	1796,07
697,58	1775,59
697,78	1839,08
697,97	1957,86
698,17	1861,60
698,36	1751,01
698,55	1873,89
698,75	1974,24
698,94	1880,04
699,14	1834,98
699,33	1837,03
699,52	1918,95
699,72	1896,42
699,91	1791,97
700,10	1839,08
700,30	1822,69
700,49	1869,80
700,69	1828,84
700,88	1832,93
701,07	1767,40
701,27	1839,08
701,46	1931,23
701,65	1812,45
701,85	1867,75
702,04	1916,90
702,23	1785,83
702,43	1830,88
702,62	1880,04
702,82	1783,78
703,01	1898,47
703,20	1857,51
703,40	1941,47
703,59	1943,52
703,78	1865,70
703,98	1939,43
704,17	1875,94
704,36	1845,22
704,56	1912,80
704,75	1839,08
704,94	1804,26
705,14	1880,04
705,33	1892,32
705,52	1939,43
705,72	1890,28
705,91	1966,05
706,10	1871,84
706,30	1877,99
706,49	1957,86
706,68	1822,69
706,88	1955,81
707,07	1880,04
707,26	1814,50
707,46	2002,91
707,65	1992,67
707,84	1933,28
708,04	1812,45
708,23	1900,52
708,42	1898,47
708,62	1892,32
708,81	1861,60
709,00	2019,30
709,19	1931,23
709,39	1892,32
709,58	1877,99
709,77	1918,95
709,97	1910,75
710,16	1873,89
710,35	1996,77
710,55	1904,61
710,74	2009,06
710,93	1986,53
711,12	1947,62
711,32	1910,75
711,51	1880,04
711,70	1884,13
711,90	1953,76
712,09	1798,12
712,28	1912,80
712,47	1943,52
712,67	1937,38
712,86	1970,15
713,05	1990,63
713,24	1875,94
713,44	1966,05
713,63	1937,38
713,82	1918,95
714,02	1931,23
714,21	1920,99
714,40	1970,15
714,59	2025,44
714,79	1951,71
714,98	1966,05
715,17	1984,48
715,36	1877,99
715,56	2002,91
715,75	1871,84
715,94	1902,56
716,13	1884,13
716,33	1814,50
716,52	1943,52
716,71	1830,88
716,90	1955,81
717,10	1873,89
717,29	1894,37
717,48	1916,90
717,67	1957,86
717,87	1900,52
718,06	1974,24
718,25	1929,19
718,44	1933,28
718,63	1925,09
718,83	1826,79
719,02	1857,51
719,21	1947,62
719,40	1822,69
719,60	1898,47
719,79	1855,46
719,98	1923,04
720,17	1912,80
720,36	2060,26
720,56	1961,95
720,75	1869,80
720,94	1916,90
721,13	1834,98
721,33	1855,46
721,52	1837,03
721,71	1978,34
721,90	1937,38
722,09	1904,61
722,29	1957,86
722,48	1896,42
722,67	1875,94
722,86	1923,04
723,05	1818,60
723,24	2025,44
723,44	1957,86
723,63	1904,61
723,82	1869,80
724,01	1859,56
724,20	1937,38
724,40	1910,75
724,59	1914,85
724,78	1877,99
724,97	1955,81
725,16	1951,71
725,35	1929,19
725,55	1910,75
725,74	1906,66
725,93	1914,85
726,12	1929,19
726,31	2007,01
726,51	1972,19
726,70	1918,95
726,89	1959,91
727,08	1927,14
727,27	1966,05
727,46	2037,73
727,65	1871,84
727,85	1966,05
728,04	1908,71
728,23	1910,75
728,42	1988,58
728,61	2037,73
728,80	1908,71
729,00	1957,86
729,19	1912,80
729,38	2072,54
729,57	1900,52
729,76	1996,77
729,95	2095,07
730,14	1914,85
730,33	2027,49
730,53	1824,74
730,72	1910,75
730,91	2002,91
731,10	2000,87
731,29	2101,22
731,48	2015,20
731,67	1927,14
731,86	1914,85
732,06	2019,30
732,25	1884,13
732,44	1990,63
732,63	1992,67
732,82	2025,44
733,01	2021,35
733,20	1966,05
733,39	1984,48
733,59	1931,23
733,78	1939,43
733,97	2019,30
734,16	2078,69
734,35	2082,78
734,54	2015,20
734,73	1972,19
734,92	1959,91
735,11	1972,19
735,30	2009,06
735,49	2084,83
735,69	2052,06
735,88	2117,60
736,07	1974,24
736,26	1992,67
736,45	2000,87
736,64	2009,06
736,83	2017,25
737,02	2000,87
737,21	2090,98
737,40	2013,15
737,59	2131,94
737,78	2011,11
737,98	1982,43
738,17	1945,57
738,36	2068,45
738,55	2047,97
738,74	2017,25
738,93	2064,35
739,12	1998,82
739,31	1939,43
739,50	2000,87
739,69	2082,78
739,88	1968,10
740,07	2066,40
740,26	1994,72
740,45	2064,35
740,64	2070,50
740,83	1982,43
741,02	1986,53
741,22	1982,43
741,41	1988,58
741,60	2054,11
741,79	1998,82
741,98	2072,54
742,17	1982,43
742,36	2074,59
742,55	1998,82
742,74	2191,33
742,93	2086,88
743,12	2080,74
743,31	2029,54
743,50	2074,59
743,69	1986,53
743,88	1976,29
744,07	2050,02
744,26	2168,80
744,45	2103,26
744,64	2060,26
744,83	2009,06
745,02	1959,91
745,21	2035,68
745,40	2099,17
745,59	2179,04
745,78	2033,63
745,97	2111,46
746,16	2011,11
746,35	2021,35
746,54	1959,91
746,73	1925,09
746,92	2136,03
747,11	1988,58
747,30	2050,02
747,49	2033,63
747,68	2037,73
747,87	1996,77
748,06	2060,26
748,25	2133,98
748,44	2054,11
748,63	2086,88
748,82	2090,98
749,01	1974,24
749,20	1931,23
749,39	1970,15
749,58	1961,95
749,77	2041,82
749,96	1984,48
750,15	2054,11
750,34	2002,91
750,53	2090,98
750,72	2035,68
750,91	2047,97
751,10	2156,51
751,29	1996,77
751,48	2047,97
751,67	2037,73
751,86	2047,97
752,04	2039,78
752,23	2095,07
752,42	2105,31
752,61	1939,43
752,80	2045,92
752,99	2004,96
753,18	2015,20
753,37	2056,16
753,56	1970,15
753,75	1941,47
753,94	2000,87
754,13	1990,63
754,32	1988,58
754,51	2023,39
754,70	2050,02
754,89	2013,15
755,08	1955,81
755,27	1947,62
755,45	1994,72
755,64	1964,00
755,83	2011,11
756,02	2097,12
756,21	2013,15
756,40	2039,78
756,59	1945,57
756,78	1966,05
756,97	1976,29
757,16	1933,28
757,35	2009,06
757,54	2000,87
757,72	1908,71
757,91	1841,12
758,10	1798,12
758,29	1863,65
758,48	1935,33
758,67	1818,60
758,86	1916,90
759,05	1828,84
759,24	1800,16
759,43	1859,56
759,61	1839,08
759,80	1814,50
759,99	1775,59
760,18	1812,45
760,37	1892,32
760,56	1779,68
760,75	1853,41
760,94	1751,01
761,13	1781,73
761,31	1808,36
761,50	1789,92
761,69	1791,97
761,88	1736,68
762,07	1615,85
762,26	1814,50
762,45	1771,49
762,64	1814,50
762,82	1697,77
763,01	1730,53
763,20	1851,36
763,39	1728,49
763,58	1767,40
763,77	1798,12
763,96	1703,91
764,14	1787,88
764,33	1814,50
764,52	1730,53
764,71	1830,88
764,90	1796,07
765,09	1751,01
765,27	1855,46
765,46	1830,88
765,65	1765,35
765,84	1816,55
766,03	1902,56
766,22	1738,73
766,41	1834,98
766,59	1820,64
766,78	1863,65
766,97	1875,94
767,16	1830,88
767,35	1894,37
767,54	1978,34
767,72	1929,19
767,91	1859,56
768,10	1806,31
768,29	1867,75
768,48	1851,36
768,66	1884,13
768,85	1970,15
769,04	1861,60
769,23	1882,08
769,42	1951,71
769,61	1935,33
769,79	2052,06
769,98	1976,29
770,17	1927,14
770,36	1961,95
770,55	1877,99
770,73	1927,14
770,92	1908,71
771,11	2000,87
771,30	1978,34
771,49	1910,75
771,67	1888,23
771,86	1912,80
772,05	1929,19
772,24	1863,65
772,42	1855,46
772,61	1933,28
772,80	1912,80
772,99	1935,33
773,18	1900,52
773,36	1959,91
773,55	1912,80
773,74	1923,04
773,93	1988,58
774,11	1830,88
774,30	1953,76
774,49	1916,90
774,68	1996,77
774,87	1933,28
775,05	1906,66
775,24	1892,32
775,43	1964,00
775,62	1937,38
775,80	1894,37
775,99	1949,67
776,18	2019,30
776,37	1877,99
776,55	2052,06
776,74	1910,75
776,93	2017,25
777,12	1998,82
777,30	1851,36
777,49	1834,98
777,68	1916,90
777,87	1884,13
778,05	1943,52
778,24	1953,76
778,43	2007,01
778,62	1849,32
778,80	2033,63
778,99	1959,91
779,18	1920,99
779,36	1984,48
779,55	1861,60
779,74	1951,71
779,93	1964,00
780,11	1888,23
780,30	1865,70
780,49	1910,75
780,68	1902,56
780,86	1984,48
781,05	2000,87
781,24	1943,52
781,42	1982,43
781,61	1925,09
781,80	1894,37
781,98	1939,43
782,17	1918,95
782,36	1867,75
782,55	1863,65
782,73	1830,88
782,92	1998,82
783,11	1869,80
783,29	1945,57
783,48	1843,17
783,67	1966,05
783,85	1880,04
784,04	1882,08
784,23	1929,19
784,42	1855,46
784,60	1875,94
784,79	1949,67
784,98	1830,88
785,16	1949,67
785,35	1857,51
785,54	1929,19
785,72	1918,95
785,91	1918,95
786,10	1816,55
786,28	1943,52
786,47	1912,80
786,66	1886,18
786,84	2011,11
787,03	1900,52
787,22	1943,52
787,40	1863,65
787,59	1892,32
787,78	1902,56
787,96	1851,36
788,15	1902,56
788,34	1894,37
788,52	1908,71
788,71	1896,42
788,89	1988,58
789,08	1898,47
789,27	1886,18
789,45	1890,28
789,64	1873,89
789,83	1824,74
790,01	1830,88
790,20	1882,08
790,39	1769,44
790,57	1867,75
790,76	1871,84
790,95	1882,08
791,13	1880,04
791,32	1871,84
791,50	1933,28
791,69	1773,54
791,88	1873,89
792,06	1873,89
792,25	1888,23
792,43	1837,03
792,62	1906,66
792,81	1798,12
792,99	1820,64
793,18	1884,13
793,37	1906,66
793,55	1857,51
793,74	1843,17
793,92	1818,60
794,11	1890,28
794,30	1847,27
794,48	1839,08
794,67	1896,42
794,85	1837,03
795,04	1845,22
795,23	1884,13
795,41	1867,75
795,60	1828,84
795,78	1816,55
795,97	1935,33
796,15	1990,63
796,34	1865,70
796,53	1798,12
796,71	1923,04
796,90	1861,60
797,08	1742,82
797,27	1925,09
797,46	1902,56
797,64	1794,02
797,83	1902,56
798,01	1888,23
798,20	1882,08
798,38	1951,71
798,57	1877,99
798,76	1806,31
798,94	1761,25
799,13	1888,23
799,31	1843,17
799,50	1824,74
799,68	1830,88
799,87	1773,54
800,05	1871,84
800,24	1888,23
800,43	1859,56
800,61	1990,63
800,80	1857,51
800,98	1863,65
801,17	1798,12
801,35	1863,65
801,54	1818,60
801,72	1763,30
801,91	1869,80
802,09	1834,98
802,28	1849,32
802,46	1845,22
802,65	1837,03
802,84	1857,51
803,02	1855,46
803,21	1785,83
803,39	1830,88
803,58	1849,32
803,76	1984,48
803,95	1777,64
804,13	1861,60
804,32	1800,16
804,50	1871,84
804,69	1894,37
804,87	1875,94
805,06	1845,22
805,24	1910,75
805,43	1837,03
805,61	1830,88
805,80	1877,99
805,98	1943,52
806,17	1808,36
806,35	1826,79
806,54	1787,88
806,72	1798,12
806,91	1890,28
807,09	1802,21
807,28	1839,08
807,46	1900,52
807,65	1806,31
807,83	1808,36
808,02	1839,08
808,20	1923,04
808,39	1849,32
808,57	1828,84
808,76	1804,26
808,94	1808,36
809,13	1787,88
809,31	1884,13
809,49	1861,60
809,68	1796,07
809,86	1839,08
810,05	1845,22
810,23	1808,36
810,42	1888,23
810,60	1863,65
810,79	1826,79
810,97	1740,77
811,16	1863,65
811,34	1859,56
811,53	1787,88
811,71	1826,79
811,89	1781,73
812,08	1814,50
812,26	1818,60
812,45	1816,55
812,63	1794,02
812,82	1886,18
813,00	1808,36
813,19	1777,64
813,37	1837,03
813,55	1818,60
813,74	1806,31
813,92	1701,86
814,11	1796,07
814,29	1646,57
814,48	1869,80
814,66	1748,97
814,84	1783,78
815,03	1759,21
815,21	1787,88
815,40	1837,03
815,58	1773,54
815,77	1826,79
815,95	1794,02
816,13	1816,55
816,32	1869,80
816,50	1820,64
816,69	1777,64
816,87	1773,54
817,05	1720,29
817,24	1734,63
817,42	1791,97
817,61	1777,64
817,79	1814,50
817,97	1746,92
818,16	1738,73
818,34	1841,12
818,53	1695,72
818,71	1806,31
818,89	1759,21
819,08	1773,54
819,26	1759,21
819,45	1814,50
819,63	1771,49
819,81	1814,50
820,00	1855,46
820,18	1763,30
820,36	1855,46
820,55	1765,35
820,73	1791,97
820,92	1691,62
821,10	1753,06
821,28	1697,77
821,47	1834,98
821,65	1740,77
821,83	1810,40
822,02	1712,10
822,20	1728,49
822,39	1765,35
822,57	1791,97
822,75	1734,63
822,94	1685,48
823,12	1705,96
823,30	1685,48
823,49	1880,04
823,67	1665,00
823,85	1798,12
824,04	1769,44
824,22	1697,77
824,40	1822,69
824,59	1775,59
824,77	1787,88
824,95	1767,40
825,14	1818,60
825,32	1826,79
825,50	1826,79
825,69	1716,20
825,87	1837,03
826,05	1777,64
826,24	1777,64
826,42	1826,79
826,60	1759,21
826,79	1769,44
826,97	1615,85
827,15	1753,06
827,34	1775,59
827,52	1785,83
827,70	1775,59
827,89	1736,68
828,07	1716,20
828,25	1730,53
828,44	1714,15
828,62	1656,81
828,80	1814,50
828,98	1800,16
829,17	1777,64
829,35	1783,78
829,53	1734,63
829,72	1746,92
829,90	1667,05
830,08	1714,15
830,27	1734,63
830,45	1775,59
830,63	1832,93
830,81	1732,58
831,00	1665,00
831,18	1677,29
831,36	1861,60
831,55	1697,77
831,73	1687,53
831,91	1693,67
832,09	1808,36
832,28	1757,16
832,46	1710,05
832,64	1740,77
832,82	1753,06
833,01	1705,96
833,19	1787,88
833,37	1753,06
833,55	1730,53
833,74	1744,87
833,92	1769,44
834,10	1703,91
834,29	1736,68
834,47	1679,33
834,65	1722,34
834,83	1685,48
835,02	1710,05
835,20	1689,57
835,38	1773,54
835,56	1744,87
835,75	1814,50
835,93	1730,53
836,11	1675,24
836,29	1699,81
836,47	1837,03
836,66	1675,24
836,84	1781,73
837,02	1710,05
837,20	1775,59
837,39	1724,39
837,57	1730,53
837,75	1722,34
837,93	1726,44
838,12	1687,53
838,30	1630,18
838,48	1675,24
838,66	1794,02
838,84	1714,15
839,03	1773,54
839,21	1716,20
839,39	1712,10
839,57	1695,72
839,75	1687,53
839,94	1705,96
840,12	1740,77
840,30	1755,11
840,48	1693,67
840,66	1728,49
840,85	1738,73
841,03	1669,09
841,21	1765,35
841,39	1726,44
841,57	1654,76
841,76	1740,77
841,94	1775,59
842,12	1689,57
842,30	1705,96
842,48	1726,44
842,67	1734,63
842,85	1734,63
843,03	1710,05
843,21	1720,29
843,39	1726,44
843,57	1640,42
843,76	1712,10
843,94	1689,57
844,12	1779,68
844,30	1593,32
844,48	1685,48
844,66	1740,77
844,85	1669,09
845,03	1699,81
845,21	1697,77
845,39	1740,77
845,57	1789,92
845,75	1720,29
845,94	1714,15
846,12	1708,01
846,30	1736,68
846,48	1703,91
846,66	1810,40
846,84	1630,18
847,02	1738,73
847,21	1658,85
847,39	1677,29
847,57	1630,18
847,75	1667,05
847,93	1581,03
848,11	1687,53
848,29	1644,52
848,48	1679,33
848,66	1685,48
848,84	1736,68
849,02	1654,76
849,20	1716,20
849,38	1652,71
849,56	1658,85
849,74	1746,92
849,93	1834,98
850,11	1636,33
850,29	1675,24
850,47	1591,27
850,65	1654,76
850,83	1613,80
851,01	1662,95
851,19	1714,15
851,37	1710,05
851,56	1615,85
851,74	1640,42
851,92	1515,50
852,10	1681,38
852,28	1613,80
852,46	1621,99
852,64	1656,81
852,82	1769,44
853,00	1658,85
853,18	1615,85
853,37	1708,01
853,55	1732,58
853,73	1675,24
853,91	1677,29
854,09	1572,84
854,27	1632,23
854,45	1751,01
854,63	1669,09
854,81	1638,38
854,99	1646,57
855,17	1691,62
855,35	1642,47
855,53	1652,71
855,72	1621,99
855,90	1722,34
856,08	1712,10
856,26	1568,74
856,44	1689,57
856,62	1660,90
856,80	1589,22
856,98	1640,42
857,16	1669,09
857,34	1667,05
857,52	1673,19
857,70	1722,34
857,88	1632,23
858,06	1683,43
858,24	1583,08
858,42	1665,00
858,60	1613,80
858,78	1615,85
858,96	1636,33
859,15	1601,51
859,33	1652,71
859,51	1665,00
859,69	1632,23
859,87	1683,43
860,05	1685,48
860,23	1726,44
860,41	1675,24
860,59	1621,99
860,77	1673,19
860,95	1689,57
861,13	1644,52
861,31	1656,81
861,49	1574,89
861,67	1654,76
861,85	1701,86
862,03	1697,77
862,21	1708,01
862,39	1710,05
862,57	1710,05
862,75	1699,81
862,93	1685,48
863,11	1708,01
863,29	1576,94
863,47	1638,38
863,65	1683,43
863,83	1703,91
864,01	1626,09
864,19	1667,05
864,37	1646,57
864,55	1589,22
864,73	1671,14
864,91	1632,23
865,09	1638,38
865,27	1599,46
865,45	1630,18
865,63	1673,19
865,81	1617,90
865,99	1593,32
866,17	1681,38
866,35	1667,05
866,53	1693,67
866,71	1578,98
866,89	1619,94
867,07	1656,81
867,24	1654,76
867,42	1677,29
867,60	1646,57
867,78	1683,43
867,96	1646,57
868,14	1708,01
868,32	1720,29
868,50	1564,65
868,68	1599,46
868,86	1683,43
869,04	1607,66
869,22	1581,03
869,40	1548,26
869,58	1634,28
869,76	1613,80
869,94	1630,18
870,12	1595,37
870,30	1621,99
870,48	1613,80
870,66	1552,36
870,83	1564,65
871,01	1597,42
871,19	1613,80
871,37	1576,94
871,55	1501,16
871,73	1615,85
871,91	1601,51
872,09	1660,90
872,27	1613,80
872,45	1626,09
872,63	1607,66
872,81	1595,37
872,98	1619,94
873,16	1632,23
873,34	1656,81
873,52	1621,99
873,70	1593,32
873,88	1609,70
874,06	1546,22
874,24	1621,99
874,42	1527,78
874,60	1546,22
874,78	1562,60
874,95	1605,61
875,13	1638,38
875,31	1554,41
875,49	1628,14
875,67	1609,70
875,85	1581,03
876,03	1513,45
876,21	1585,13
876,39	1546,22
876,56	1564,65
876,74	1591,27
876,92	1675,24
877,10	1589,22
877,28	1615,85
877,46	1578,98
877,64	1634,28
877,82	1576,94
877,99	1605,61
878,17	1542,12
878,35	1605,61
878,53	1585,13
878,71	1609,70
878,89	1626,09
879,07	1679,33
879,24	1609,70
879,42	1714,15
879,60	1535,98
879,78	1581,03
879,96	1568,74
880,14	1662,95
880,32	1658,85
880,49	1574,89
880,67	1671,14
880,85	1572,84
881,03	1564,65
881,21	1634,28
881,39	1564,65
881,56	1593,32
881,74	1585,13
881,92	1574,89
882,10	1581,03
882,28	1646,57
882,46	1548,26
882,63	1615,85
882,81	1531,88
882,99	1605,61
883,17	1562,60
883,35	1587,18
883,52	1609,70
883,70	1527,78
883,88	1560,55
884,06	1562,60
884,24	1548,26
884,42	1665,00
884,59	1630,18
884,77	1646,57
884,95	1595,37
885,13	1576,94
885,31	1628,14
885,48	1566,70
885,66	1673,19
885,84	1517,54
886,02	1527,78
886,20	1658,85
886,37	1634,28
886,55	1671,14
886,73	1630,18
886,91	1648,61
887,08	1593,32
887,26	1611,75
887,44	1624,04
887,62	1507,30
887,80	1609,70
887,97	1644,52
888,15	1667,05
888,33	1611,75
888,51	1591,27
888,68	1542,12
888,86	1558,50
889,04	1603,56
889,22	1656,81
889,40	1605,61
889,57	1603,56
889,75	1642,47
889,93	1589,22
890,11	1599,46
890,28	1611,75
890,46	1519,59
890,64	1611,75
890,82	1632,23
890,99	1609,70
891,17	1583,08
891,35	1533,93
891,53	1533,93
891,70	1533,93
891,88	1497,07
892,06	1615,85
892,24	1585,13
892,41	1529,83
892,59	1566,70
892,77	1501,16
892,94	1597,42
893,12	1521,64
893,30	1585,13
893,48	1681,38
893,65	1619,94
893,83	1529,83
894,01	1544,17
894,19	1529,83
894,36	1699,81
894,54	1495,02
894,72	1535,98
894,89	1585,13
895,07	1548,26
895,25	1546,22
895,43	1497,07
895,60	1581,03
895,78	1556,46
895,96	1513,45
896,13	1581,03
896,31	1572,84
896,49	1576,94
896,66	1456,11
896,84	1646,57
897,02	1642,47
897,20	1540,07
897,37	1533,93
897,55	1507,30
897,73	1683,43
897,90	1558,50
898,08	1589,22
898,26	1517,54
898,43	1558,50
898,61	1540,07
898,79	1533,93
898,96	1540,07
899,14	1511,40
899,32	1556,46
899,49	1511,40
899,67	1529,83
899,85	1609,70
900,02	1556,46
900,20	1566,70
900,38	1511,40
900,55	1630,18
900,73	1615,85
900,91	1435,63
901,08	1535,98
901,26	1533,93
901,44	1527,78
901,61	1513,45
901,79	1531,88
901,97	1558,50
902,14	1538,02
902,32	1595,37
902,50	1535,98
902,67	1515,50
902,85	1574,89
903,02	1521,64
903,20	1533,93
903,38	1548,26
903,55	1454,06
903,73	1495,02
903,91	1574,89
904,08	1677,29
904,26	1535,98
904,44	1642,47
904,61	1470,44
904,79	1601,51
904,96	1585,13
905,14	1505,26
905,32	1460,20
905,49	1560,55
905,67	1497,07
905,84	1550,31
906,02	1595,37
906,20	1568,74
906,37	1578,98
906,55	1607,66
906,73	1538,02
906,90	1581,03
907,08	1558,50
907,25	1503,21
907,43	1605,61
907,61	1476,59
907,78	1505,26
907,96	1531,88
908,13	1531,88
908,31	1583,08
908,48	1499,11
908,66	1544,17
908,84	1572,84
909,01	1562,60
909,19	1548,26
909,36	1462,25
909,54	1503,21
909,72	1554,41
909,89	1478,63
910,07	1505,26
910,24	1544,17
910,42	1583,08
910,59	1507,30
910,77	1533,93
910,95	1527,78
911,12	1429,48
911,30	1513,45
911,47	1560,55
911,65	1533,93
911,82	1521,64
912,00	1546,22
912,17	1511,40
912,35	1540,07
912,53	1585,13
912,70	1521,64
912,88	1462,25
913,05	1497,07
913,23	1531,88
913,40	1533,93
913,58	1601,51
913,75	1509,35
913,93	1484,78
914,10	1544,17
914,28	1499,11
914,46	1476,59
914,63	1519,59
914,81	1548,26
914,98	1454,06
915,16	1572,84
915,33	1523,69
915,51	1447,91
915,68	1533,93
915,86	1538,02
916,03	1492,97
916,21	1386,47
916,38	1566,70
916,56	1468,39
916,73	1499,11
916,91	1484,78
917,08	1542,12
917,26	1650,66
917,43	1535,98
917,61	1480,68
917,78	1540,07
917,96	1484,78
918,13	1343,47
918,31	1544,17
918,48	1447,91
918,66	1458,15
918,83	1552,36
919,01	1535,98
919,18	1558,50
919,36	1486,83
919,53	1507,30
919,71	1593,32
919,88	1552,36
920,06	1542,12
920,23	1458,15
920,41	1466,35
920,58	1515,50
920,76	1482,73
920,93	1533,93
921,11	1562,60
921,28	1501,16
921,45	1593,32
921,63	1511,40
921,80	1519,59
921,98	1529,83
922,15	1468,39
922,33	1460,20
922,50	1607,66
922,68	1552,36
922,85	1482,73
923,03	1521,64
923,20	1542,12
923,38	1484,78
923,55	1603,56
923,72	1409,00
923,90	1617,90
924,07	1470,44
924,25	1464,30
924,42	1554,41
924,60	1556,46
924,77	1511,40
924,95	1568,74
925,12	1497,07
925,29	1617,90
925,47	1550,31
925,64	1429,48
925,82	1464,30
925,99	1531,88
926,17	1527,78
926,34	1433,58
926,51	1488,87
926,69	1525,74
926,86	1597,42
927,04	1515,50
927,21	1419,24
927,38	1495,02
927,56	1484,78
927,73	1583,08
927,91	1542,12
928,08	1609,70
928,25	1474,54
928,43	1488,87
928,60	1472,49
928,78	1437,67
928,95	1449,96
929,12	1474,54
929,30	1466,35
929,47	1474,54
929,65	1439,72
929,82	1466,35
929,99	1495,02
930,17	1357,80
930,34	1431,53
930,52	1484,78
930,69	1456,11
930,86	1501,16
931,04	1495,02
931,21	1378,28
931,38	1466,35
931,56	1454,06
931,73	1480,68
931,91	1454,06
932,08	1439,72
932,25	1515,50
932,43	1482,73
932,60	1437,67
932,77	1380,33
932,95	1439,72
933,12	1456,11
933,29	1433,58
933,47	1517,54
933,64	1492,97
933,82	1425,39
933,99	1513,45
934,16	1505,26
934,34	1503,21
934,51	1429,48
934,68	1454,06
934,86	1449,96
935,03	1312,75
935,20	1409,00
935,38	1390,57
935,55	1417,19
935,72	1505,26
935,90	1411,05
936,07	1466,35
936,24	1409,00
936,42	1437,67
936,59	1499,11
936,76	1535,98
936,94	1361,90
937,11	1464,30
937,28	1437,67
937,46	1394,67
937,63	1415,15
937,80	1503,21
937,97	1488,87
938,15	1486,83
938,32	1361,90
938,49	1497,07
938,67	1388,52
938,84	1501,16
939,01	1390,57
939,19	1462,25
939,36	1443,82
939,53	1425,39
939,70	1445,87
939,88	1384,43
940,05	1501,16
940,22	1513,45
940,40	1425,39
940,57	1478,63
940,74	1431,53
940,92	1419,24
941,09	1347,56
941,26	1437,67
941,43	1427,43
941,61	1368,04
941,78	1431,53
941,95	1576,94
942,12	1472,49
942,30	1509,35
942,47	1501,16
942,64	1390,57
942,82	1474,54
942,99	1456,11
943,16	1404,91
943,33	1411,05
943,51	1339,37
943,68	1445,87
943,85	1460,20
944,02	1392,62
944,20	1519,59
944,37	1429,48
944,54	1421,29
944,71	1466,35
944,89	1480,68
945,06	1458,15
945,23	1363,95
945,40	1511,40
945,58	1452,01
945,75	1361,90
945,92	1486,83
946,09	1529,83
946,27	1456,11
946,44	1452,01
946,61	1490,92
946,78	1429,48
946,95	1368,04
947,13	1419,24
947,30	1515,50
947,47	1456,11
947,64	1429,48
947,82	1411,05
947,99	1400,81
948,16	1517,54
948,33	1429,48
948,50	1386,47
948,68	1519,59
948,85	1402,86
949,02	1460,20
949,19	1447,91
949,36	1501,16
949,54	1470,44
949,71	1492,97
949,88	1409,00
950,05	1462,25
950,22	1449,96
950,40	1406,95
950,57	1366,00
950,74	1466,35
950,91	1468,39
951,08	1396,71
951,26	1441,77
951,43	1476,59
951,60	1400,81
951,77	1472,49
951,94	1482,73
952,11	1482,73
952,29	1482,73
952,46	1386,47
952,63	1507,30
952,80	1464,30
952,97	1460,20
953,15	1443,82
953,32	1431,53
953,49	1378,28
953,66	1447,91
953,83	1388,52
954,00	1376,24
954,17	1359,85
954,35	1464,30
954,52	1411,05
954,69	1515,50
954,86	1505,26
955,03	1513,45
955,20	1458,15
955,38	1441,77
955,55	1470,44
955,72	1460,20
955,89	1370,09
956,06	1443,82
956,23	1443,82
956,40	1376,24
956,58	1372,14
956,75	1406,95
956,92	1443,82
957,09	1398,76
957,26	1417,19
957,43	1409,00
957,60	1433,58
957,77	1394,67
957,95	1447,91
958,12	1447,91
958,29	1441,77
958,46	1476,59
958,63	1421,29
958,80	1460,20
958,97	1538,02
959,14	1447,91
959,31	1400,81
959,49	1478,63
959,66	1406,95
959,83	1499,11
960,00	1423,34
960,17	1488,87
960,34	1427,43
960,51	1396,71
960,68	1484,78
960,85	1441,77
961,02	1458,15
961,20	1454,06
961,37	1400,81
961,54	1480,68
961,71	1441,77
961,88	1476,59
962,05	1462,25
962,22	1488,87
962,39	1488,87
962,56	1396,71
962,73	1347,56
962,90	1396,71
963,07	1447,91
963,24	1425,39
963,42	1429,48
963,59	1449,96
963,76	1460,20
963,93	1540,07
964,10	1421,29
964,27	1505,26
964,44	1474,54
964,61	1476,59
964,78	1443,82
964,95	1433,58
965,12	1404,91
965,29	1484,78
965,46	1376,24
965,63	1538,02
965,80	1433,58
965,97	1277,93
966,14	1402,86
966,31	1411,05
966,48	1468,39
966,66	1488,87
966,83	1435,63
967,00	1490,92
967,17	1437,67
967,34	1517,54
967,51	1466,35
967,68	1402,86
967,85	1466,35
968,02	1546,22
968,19	1452,01
968,36	1484,78
968,53	1411,05
968,70	1388,52
968,87	1482,73
969,04	1476,59
969,21	1349,61
969,38	1538,02
969,55	1386,47
969,72	1460,20
969,89	1492,97
970,06	1472,49
970,23	1445,87
970,40	1501,16
970,57	1439,72
970,74	1458,15
970,91	1480,68
971,08	1409,00
971,25	1511,40
971,42	1394,67
971,59	1433,58
971,76	1456,11
971,93	1480,68
972,10	1466,35
972,27	1478,63
972,44	1449,96
972,61	1445,87
972,78	1466,35
972,95	1396,71
973,12	1523,69
973,29	1421,29
973,46	1380,33
973,63	1447,91
973,80	1449,96
973,97	1411,05
974,14	1458,15
974,30	1456,11
974,47	1454,06
974,64	1470,44
974,81	1431,53
974,98	1519,59
975,15	1431,53
975,32	1437,67
975,49	1460,20
975,66	1472,49
975,83	1531,88
976,00	1425,39
976,17	1423,34
976,34	1433,58
976,51	1507,30
976,68	1406,95
976,85	1435,63
977,02	1511,40
977,19	1449,96
977,36	1398,76
977,52	1529,83
977,69	1423,34
977,86	1486,83
978,03	1417,19
978,20	1425,39
978,37	1425,39
978,54	1501,16
978,71	1478,63
978,88	1525,74
979,05	1386,47
979,22	1435,63
979,39	1439,72
979,56	1454,06
979,72	1419,24
979,89	1509,35
980,06	1468,39
980,23	1529,83
980,40	1521,64
980,57	1458,15
980,74	1497,07
980,91	1482,73
981,08	1437,67
981,25	1474,54
981,41	1515,50
981,58	1376,24
981,75	1349,61
981,92	1472,49
982,09	1490,92
982,26	1351,66
982,43	1431,53
982,60	1474,54
982,77	1474,54
982,93	1423,34
983,10	1376,24
983,27	1472,49
983,44	1392,62
983,61	1476,59
983,78	1415,15
983,95	1406,95
984,11	1421,29
984,28	1568,74
984,45	1462,25
984,62	1435,63
984,79	1421,29
984,96	1460,20
985,13	1415,15
985,30	1423,34
985,46	1355,76
985,63	1478,63
985,80	1474,54
985,97	1374,19
986,14	1454,06
986,31	1464,30
986,47	1443,82
986,64	1370,09
986,81	1499,11
986,98	1386,47
987,15	1382,38
987,32	1427,43
987,48	1445,87
987,65	1462,25
987,82	1419,24
987,99	1499,11
988,16	1636,33
988,33	1488,87
988,49	1413,10
988,66	1480,68
988,83	1417,19
989,00	1429,48
989,17	1363,95
989,34	1449,96
989,50	1433,58
989,67	1435,63
989,84	1394,67
990,01	1415,15
990,18	1429,48
990,34	1476,59
990,51	1372,14
990,68	1380,33
990,85	1486,83
991,02	1509,35
991,18	1441,77
991,35	1429,48
991,52	1474,54
991,69	1398,76
991,86	1396,71
992,02	1425,39
992,19	1392,62
992,36	1363,95
992,53	1423,34
992,69	1419,24
992,86	1392,62
993,03	1511,40
993,20	1353,71
993,37	1466,35
993,53	1417,19
993,70	1427,43
993,87	1452,01
994,04	1462,25
994,20	1335,28
994,37	1449,96
994,54	1382,38
994,71	1380,33
994,87	1409,00
995,04	1449,96
995,21	1423,34
995,38	1413,10
995,55	1409,00
995,71	1394,67
995,88	1400,81
996,05	1425,39
996,22	1447,91
996,38	1507,30
996,55	1402,86
996,72	1392,62
996,88	1486,83
997,05	2084,83
997,22	1431,53
997,39	1464,30
997,55	1464,30
997,72	1419,24
997,89	1433,58
998,06	1406,95
998,22	1452,01
998,39	1372,14
998,56	1421,29
998,73	1359,85
998,89	1454,06
999,06	1435,63
999,23	1390,57
999,39	1460,20
999,56	1443,82
999,73	1392,62
999,90	1363,95
1000,06	1372,14
1000,23	1470,44
1000,40	1406,95
1000,56	1478,63
1000,73	1392,62
1000,90	1466,35
1001,06	1406,95
1001,23	1325,04
1001,40	1409,00
1001,57	1368,04
1001,73	1298,41
1001,90	1372,14
1002,07	1370,09
1002,23	1495,02
1002,40	1355,76
1002,57	1359,85
1002,73	1501,16
1002,90	1445,87
1003,07	1517,54
1003,23	1370,09
1003,40	1437,67
1003,57	1363,95
1003,73	1431,53
1003,90	1394,67
1004,07	1392,62
1004,23	1392,62
1004,40	1458,15
1004,57	1390,57
1004,73	1372,14
1004,90	1402,86
1005,07	1415,15
1005,23	1458,15
1005,40	1386,47
1005,57	1423,34
1005,73	1466,35
1005,90	1425,39
1006,07	1503,21
1006,23	1464,30
1006,40	1386,47
1006,57	1361,90
1006,73	1533,93
1006,90	1388,52
1007,06	1429,48
1007,23	1400,81
1007,40	1439,72
1007,56	1433,58
1007,73	1411,05
1007,90	1429,48
1008,06	1386,47
1008,23	1417,19
1008,40	1472,49
1008,56	1447,91
1008,73	1421,29
1008,89	1474,54
1009,06	1495,02
1009,23	1363,95
1009,39	1419,24
1009,56	1380,33
1009,72	1480,68
1009,89	1486,83
1010,06	1398,76
1010,22	1415,15
1010,39	1359,85
1010,55	1390,57
1010,72	1374,19
1010,89	1347,56
1011,05	1468,39
1011,22	1357,80
1011,38	1458,15
1011,55	1402,86
1011,72	1449,96
1011,88	1447,91
1012,05	1460,20
1012,21	1452,01
1012,38	1441,77
1012,55	1419,24
1012,71	1329,13
1012,88	1464,30
1013,04	1429,48
1013,21	1423,34
1013,37	1472,49
1013,54	1388,52
1013,71	1443,82
1013,87	1433,58
1014,04	1474,54
1014,20	1413,10
1014,37	1359,85
1014,53	1376,24
1014,70	1370,09
1014,87	1456,11
1015,03	1515,50
1015,20	1386,47
1015,36	1378,28
1015,53	1433,58
1015,69	1499,11
1015,86	1398,76
1016,02	1398,76
1016,19	1511,40
1016,36	1423,34
1016,52	1402,86
1016,69	1361,90
1016,85	1392,62
1017,02	1456,11
1017,18	1333,23
1017,35	1359,85
1017,51	1396,71
1017,68	1402,86
1017,84	1386,47
1018,01	1378,28
1018,17	1460,20
1018,34	1468,39
1018,50	1318,89
1018,67	1423,34
1018,84	1495,02
1019,00	1421,29
1019,17	1357,80
1019,33	1472,49
1019,50	1406,95
1019,66	1480,68
1019,83	1335,28
1019,99	1525,74
1020,16	1378,28
1020,32	1366,00
1020,49	1490,92
1020,65	1458,15
1020,82	1488,87
1020,98	1464,30
1021,15	1376,24
1021,31	1490,92
1021,48	1361,90
1021,64	1409,00
1021,81	1454,06
1021,97	1431,53
1022,14	1413,10
1022,30	1427,43
1022,47	1429,48
1022,63	1452,01
1022,79	1413,10
1022,96	1400,81
1023,12	1454,06
1023,29	1402,86
1023,45	1464,30
1023,62	1484,78
1023,78	1415,15
1023,95	1443,82
1024,11	1396,71
1024,28	1402,86
1024,44	1460,20
1024,61	1318,89
1024,77	1419,24
1024,94	1452,01
1025,10	1462,25
1025,26	1343,47
1025,43	1490,92
1025,59	1351,66
1025,76	1423,34
1025,92	1425,39
1026,09	1437,67
1026,25	1507,30
1026,42	1337,32
1026,58	1370,09
1026,74	1492,97
1026,91	1413,10
1027,07	1357,80
1027,24	1413,10
1027,40	1355,76
1027,57	1413,10
1027,73	1441,77
1027,90	1472,49
1028,06	1376,24
1028,22	1472,49
1028,39	1417,19
1028,55	1429,48
1028,72	1482,73
1028,88	1517,54
1029,04	1353,71
1029,21	1419,24
1029,37	1376,24
1029,54	1445,87
1029,70	1351,66
1029,87	1351,66
1030,03	1351,66
1030,19	1468,39
1030,36	1366,00
1030,52	1429,48
1030,69	1368,04
1030,85	1329,13
1031,01	1394,67
1031,18	1472,49
1031,34	1425,39
1031,50	1400,81
1031,67	1458,15
1031,83	1384,43
1032,00	1398,76
1032,16	1368,04
1032,32	1464,30
1032,49	1474,54
1032,65	1435,63
1032,82	1445,87
1032,98	1445,87
1033,14	1384,43
1033,31	1409,00
1033,47	1546,22
1033,63	1290,22
1033,80	1476,59
1033,96	1464,30
1034,13	1386,47
1034,29	1443,82
1034,45	1447,91
1034,62	1415,15
1034,78	1501,16
1034,94	1304,56
1035,11	1495,02
1035,27	1366,00
1035,43	1470,44
1035,60	1415,15
1035,76	1425,39
1035,92	1402,86
1036,09	1349,61
1036,25	1396,71
1036,41	1460,20
1036,58	1507,30
1036,74	1464,30
1036,90	1417,19
1037,07	1335,28
1037,23	1443,82
1037,39	1540,07
1037,56	1421,29
1037,72	1488,87
1037,88	1347,56
1038,05	1382,38
1038,21	1476,59
1038,37	1396,71
1038,54	1456,11
1038,70	1478,63
1038,86	1372,14
1039,03	1456,11
1039,19	1374,19
1039,35	1417,19
1039,52	1386,47
1039,68	1449,96
1039,84	1384,43
1040,00	1409,00
1040,17	1380,33
1040,33	1458,15
1040,49	1437,67
1040,66	1447,91
1040,82	1382,38
1040,98	1409,00
1041,15	1390,57
1041,31	1421,29
1041,47	1431,53
1041,63	1355,76
1041,80	1470,44
1041,96	1501,16
1042,12	1454,06
1042,29	1413,10
1042,45	1404,91
1042,61	1333,23
1042,77	1394,67
1042,94	1400,81
1043,10	1552,36
1043,26	1425,39
1043,42	1349,61
1043,59	1456,11
1043,75	1374,19
1043,91	1382,38
1044,07	1404,91
1044,24	1447,91
1044,40	1409,00
