345,22	1411,05
345,44	1411,05
345,66	1411,05
345,88	1366,00
346,10	1366,00
346,32	1654,76
346,54	1587,18
346,75	1574,89
346,97	1558,50
347,19	1613,80
347,41	1630,18
347,63	1501,16
347,85	1556,46
348,07	1550,31
348,29	1634,28
348,51	1611,75
348,73	1576,94
348,95	1533,93
349,16	1626,09
349,38	1603,56
349,60	1583,08
349,82	1660,90
350,04	1599,46
350,26	1642,47
350,48	1658,85
350,70	1624,04
350,92	1597,42
351,14	1669,09
351,35	1736,68
351,57	1533,93
351,79	1679,33
352,01	1519,59
352,23	1585,13
352,45	1630,18
352,67	1599,46
352,89	1535,98
353,10	1613,80
353,32	1568,74
353,54	1607,66
353,76	1646,57
353,98	1632,23
354,20	1650,66
354,42	1652,71
354,64	1568,74
354,85	1691,62
355,07	1615,85
355,29	1621,99
355,51	1601,51
355,73	1619,94
355,95	1609,70
356,17	1689,57
356,38	1460,20
356,60	1525,74
356,82	1640,42
357,04	1587,18
357,26	1525,74
357,48	1671,14
357,69	1591,27
357,91	1593,32
358,13	1638,38
358,35	1654,76
358,57	1628,14
358,79	1675,24
359,01	1609,70
359,22	1660,90
359,44	1705,96
359,66	1710,05
359,88	1552,36
360,10	1568,74
360,32	1593,32
360,53	1609,70
360,75	1607,66
360,97	1560,55
361,19	1654,76
361,41	1648,61
361,62	1695,72
361,84	1681,38
362,06	1658,85
362,28	1583,08
362,50	1650,66
362,72	1550,31
362,93	1587,18
363,15	1562,60
363,37	1605,61
363,59	1583,08
363,81	1480,68
364,02	1679,33
364,24	1540,07
364,46	1669,09
364,68	1605,61
364,90	1699,81
365,11	1646,57
365,33	1705,96
365,55	1542,12
365,77	1656,81
365,99	1552,36
366,20	1732,58
366,42	1675,24
366,64	1568,74
366,86	1632,23
367,07	1628,14
367,29	1484,78
367,51	1519,59
367,73	1554,41
367,95	1566,70
368,16	1730,53
368,38	1648,61
368,60	1632,23
368,82	1621,99
369,03	1665,00
369,25	1683,43
369,47	1566,70
369,69	1535,98
369,91	1634,28
370,12	1568,74
370,34	1550,31
370,56	1533,93
370,78	1621,99
370,99	1662,95
371,21	1538,02
371,43	1624,04
371,65	1570,79
371,86	1617,90
372,08	1667,05
372,30	1609,70
372,52	1636,33
372,73	1607,66
372,95	1658,85
373,17	1564,65
373,39	1517,54
373,60	1593,32
373,82	1732,58
374,04	1656,81
374,26	1552,36
374,47	1632,23
374,69	1603,56
374,91	1658,85
375,12	1656,81
375,34	1556,46
375,56	1570,79
375,78	1574,89
375,99	1554,41
376,21	1734,63
376,43	1554,41
376,65	1597,42
376,86	1624,04
377,08	1605,61
377,30	1642,47
377,51	1587,18
377,73	1574,89
377,95	1568,74
378,17	1591,27
378,38	1654,76
378,60	1603,56
378,82	1708,01
379,03	1669,09
379,25	1669,09
379,47	1798,12
379,68	1601,51
379,90	1503,21
380,12	1673,19
380,34	1646,57
380,55	1665,00
380,77	1613,80
380,99	1634,28
381,20	1667,05
381,42	1621,99
381,64	1595,37
381,85	1581,03
382,07	1638,38
382,29	1574,89
382,50	1673,19
382,72	1662,95
382,94	1558,50
383,15	1667,05
383,37	1624,04
383,59	1593,32
383,80	1568,74
384,02	1605,61
384,24	1601,51
384,45	1679,33
384,67	1683,43
384,89	1572,84
385,10	1568,74
385,32	1669,09
385,54	1591,27
385,75	1695,72
385,97	1691,62
386,19	1710,05
386,40	1644,52
386,62	1540,07
386,84	1621,99
387,05	1587,18
387,27	1538,02
387,49	1568,74
387,70	1630,18
387,92	1658,85
388,14	1468,39
388,35	1576,94
388,57	1587,18
388,79	1705,96
389,00	1611,75
389,22	1544,17
389,43	1572,84
389,65	1662,95
389,87	1681,38
390,08	1589,22
390,30	1636,33
390,52	1615,85
390,73	1660,90
390,95	1624,04
391,17	1619,94
391,38	1615,85
391,60	1669,09
391,81	1626,09
392,03	1619,94
392,25	1593,32
392,46	1552,36
392,68	1638,38
392,89	1611,75
393,11	1630,18
393,33	1675,24
393,54	1691,62
393,76	1595,37
393,98	1626,09
394,19	1531,88
394,41	1621,99
394,62	1507,30
394,84	1658,85
395,06	1621,99
395,27	1591,27
395,49	1554,41
395,70	1689,57
395,92	1572,84
396,13	1566,70
396,35	1658,85
396,57	1574,89
396,78	1603,56
397,00	1556,46
397,21	1667,05
397,43	1638,38
397,65	1587,18
397,86	1601,51
398,08	1644,52
398,29	1681,38
398,51	1626,09
398,72	1650,66
398,94	1767,40
399,16	1658,85
399,37	1648,61
399,59	1708,01
399,80	1613,80
400,02	1621,99
400,23	1662,95
400,45	1630,18
400,67	1701,86
400,88	1677,29
401,10	1644,52
401,31	1601,51
401,53	1585,13
401,74	1621,99
401,96	1621,99
402,17	1656,81
402,39	1644,52
402,61	1669,09
402,82	1695,72
403,04	1636,33
403,25	1626,09
403,47	1699,81
403,68	1646,57
403,90	1742,82
404,11	1654,76
404,33	1597,42
404,54	1677,29
404,76	1695,72
404,97	1587,18
405,19	1804,26
405,41	1673,19
405,62	1705,96
405,84	1597,42
406,05	1687,53
406,27	1603,56
406,48	1687,53
406,70	1535,98
406,91	1552,36
407,13	1640,42
407,34	1662,95
407,56	1839,08
407,77	1669,09
407,99	1683,43
408,20	1796,07
408,42	1605,61
408,63	1748,97
408,85	1691,62
409,06	1658,85
409,28	1753,06
409,49	1665,00
409,71	1714,15
409,92	1763,30
410,14	1693,67
410,35	1806,31
410,57	1662,95
410,78	1589,22
411,00	1568,74
411,21	1712,10
411,43	1738,73
411,64	1681,38
411,86	1650,66
412,07	1787,88
412,29	1701,86
412,50	1689,57
412,72	1751,01
412,93	1812,45
413,15	1783,78
413,36	1681,38
413,58	1748,97
413,79	1667,05
414,01	1775,59
414,22	1771,49
414,43	1748,97
414,65	1775,59
414,86	1675,24
415,08	1728,49
415,29	1818,60
415,51	1705,96
415,72	1720,29
415,94	1746,92
416,15	1742,82
416,37	1855,46
416,58	1650,66
416,80	1748,97
417,01	1781,73
417,22	1804,26
417,44	1824,74
417,65	1753,06
417,87	1753,06
418,08	1904,61
418,30	1767,40
418,51	1837,03
418,73	1777,64
418,94	1773,54
419,15	1828,84
419,37	1861,60
419,58	1777,64
419,80	1884,13
420,01	1865,70
420,23	1900,52
420,44	1904,61
420,65	1875,94
420,87	1925,09
421,08	1892,32
421,30	1966,05
421,51	1839,08
421,73	1822,69
421,94	1869,80
422,15	1910,75
422,37	1961,95
422,58	1898,47
422,80	1961,95
423,01	1929,19
423,22	1839,08
423,44	1916,90
423,65	2037,73
423,87	1994,72
424,08	2041,82
424,29	1986,53
424,51	2009,06
424,72	2060,26
424,94	2056,16
425,15	2152,42
425,36	2189,28
425,58	2199,52
425,79	2238,43
426,01	2195,42
426,22	2136,03
426,43	2334,68
426,65	2303,96
426,86	2260,96
427,08	2332,64
427,29	2324,44
427,50	2379,74
427,72	2334,68
427,93	2418,65
428,14	2416,60
428,36	2445,27
428,57	2555,86
428,79	2539,48
429,00	2674,65
429,21	2600,92
429,43	2744,28
429,64	2785,24
429,85	2775,00
430,07	2930,64
430,28	2799,57
430,49	2904,02
430,71	2936,79
430,92	3088,34
431,14	3176,40
431,35	3114,96
431,56	3090,38
431,78	3254,22
431,99	3280,85
432,20	3475,40
432,42	3463,12
432,63	3565,51
432,84	3598,28
433,06	3637,19
433,27	3735,50
433,48	3995,59
433,70	3997,64
433,91	4014,02
434,12	4036,55
434,34	4261,82
434,55	4218,82
434,76	4558,78
434,98	4464,57
435,19	4544,44
435,40	4519,87
435,62	4730,81
435,83	4935,60
436,04	5058,48
436,26	5128,11
436,47	5054,39
436,68	5175,22
436,90	5443,50
437,11	5779,37
437,32	5662,63
437,54	6164,39
437,75	5887,91
437,96	6401,95
438,17	6485,92
438,39	6379,42
438,60	6676,38
438,81	6875,03
439,03	7323,54
439,24	7452,56
439,45	7860,10
439,67	7540,62
439,88	7776,14
440,09	7952,26
440,30	8320,90
440,52	8382,34
440,73	8761,21
440,94	9068,41
441,16	9115,51
441,37	9486,19
441,58	9643,88
441,80	10418,02
442,01	10372,96
442,22	10727,26
442,43	10706,78
442,65	11218,77
442,86	11229,01
443,07	11849,55
443,28	11597,65
443,50	12762,94
443,71	13045,56
443,92	13139,77
444,14	13078,33
444,35	14004,01
444,56	14327,59
444,77	15140,63
444,99	14692,13
445,20	15183,64
445,41	15822,61
445,62	16662,27
445,84	16981,76
446,05	17706,74
446,26	18353,90
446,47	17219,32
446,69	17829,62
446,90	19629,78
447,11	19562,20
447,32	19056,35
447,54	19816,15
447,75	20385,48
447,96	20221,64
448,17	21018,30
448,39	22630,05
448,60	21604,02
448,81	23119,52
449,02	22838,95
449,23	23920,28
449,45	25282,17
449,66	24342,16
449,87	25085,57
450,08	25517,69
450,30	25722,49
450,51	27393,63
450,72	27235,94
450,93	28769,86
451,15	28425,81
451,36	27848,28
451,57	29298,24
451,78	28563,02
451,99	30907,94
452,21	31694,36
452,42	30780,97
452,63	30621,23
452,84	30547,50
453,05	31698,46
453,27	32417,30
453,48	32667,15
453,69	32359,95
453,90	33629,69
454,11	33678,85
454,33	33277,44
454,54	34618,86
454,75	36093,40
454,96	36029,91
455,17	35253,73
455,39	35315,17
455,60	36992,46
455,81	37774,78
456,02	35735,01
456,23	35018,22
456,45	36873,68
456,66	35476,96
456,87	35489,25
457,08	37344,71
457,29	37031,37
457,50	36277,72
457,72	36163,03
457,93	35685,86
458,14	38092,22
458,35	38112,70
458,56	37703,10
458,77	36535,76
458,99	37033,42
459,20	35689,95
459,41	37014,99
459,62	34803,18
459,83	35632,61
460,04	37176,78
460,26	36695,50
460,47	35212,77
460,68	34430,45
460,89	34565,62
461,10	33691,13
461,31	34854,38
461,52	34352,63
461,74	33150,47
461,95	32646,67
462,16	33584,64
462,37	33283,59
462,58	31981,08
462,79	31905,31
463,00	31850,01
463,22	32138,77
463,43	30105,14
463,64	30078,52
463,85	30080,56
464,06	30262,83
464,27	28921,41
464,48	28751,43
464,70	28984,90
464,91	28671,56
465,12	29060,68
465,33	29206,08
465,54	27922,01
465,75	27782,74
465,96	28075,60
466,17	26846,82
466,38	26914,41
466,60	26275,44
466,81	25704,06
467,02	26750,57
467,23	25140,86
467,44	24485,51
467,65	24241,81
467,86	24159,89
468,07	25523,83
468,28	24841,86
468,50	23617,18
468,71	23455,39
468,92	23088,80
469,13	22546,09
469,34	22159,02
469,55	22795,94
469,76	22517,42
469,97	21700,28
470,18	22300,33
470,39	21714,61
470,60	21372,60
470,82	20489,93
471,03	20360,91
471,24	20770,50
471,45	19879,63
471,66	20190,92
471,87	19969,74
472,08	19402,46
472,29	19068,64
472,50	19283,67
472,71	18990,81
472,92	18280,17
473,13	18480,87
473,34	17958,64
473,55	18224,87
473,77	17968,88
473,98	17944,30
474,19	17975,02
474,40	17587,96
474,61	17467,13
474,82	16520,96
475,03	16557,83
475,24	16258,82
475,45	16453,38
475,66	16307,98
475,87	16230,15
476,08	16168,71
476,29	15959,82
476,50	15902,48
476,71	16064,27
476,92	15331,09
477,13	15361,81
477,34	14984,99
477,55	14884,64
477,76	14913,31
477,97	14526,24
478,18	14665,50
478,40	14276,39
478,61	14536,48
478,82	14096,17
479,03	13905,71
479,24	13520,69
479,45	14049,07
479,66	13303,60
479,87	13111,10
480,08	13104,95
480,29	13039,42
480,50	12891,96
480,71	12547,90
480,92	12349,25
481,13	12064,58
481,34	12384,07
481,55	12031,82
481,76	12091,21
481,97	11579,22
482,18	11683,66
482,39	11523,92
482,60	11239,25
482,81	11278,16
483,02	11018,07
483,23	10620,77
483,44	11016,02
483,65	10704,73
483,86	10557,28
484,07	10458,98
484,28	10385,25
484,49	10155,88
484,70	9981,80
484,91	10071,91
485,12	9711,47
485,33	9410,42
485,54	9545,58
485,75	9375,60
485,96	9285,49
486,17	9066,36
486,38	9135,99
486,59	9070,45
486,80	8834,94
487,01	8834,94
487,21	8742,78
487,42	8431,49
487,63	8607,61
487,84	8454,02
488,05	8273,79
488,26	8431,49
488,47	8054,66
488,68	8064,90
488,89	8099,72
489,10	7720,84
489,31	7794,57
489,52	7665,55
489,73	7432,08
489,94	7509,90
490,15	7489,42
490,36	7280,53
490,57	7249,81
490,78	7049,11
490,99	7051,16
491,20	7114,64
491,41	7096,21
491,61	7022,48
491,82	6823,83
492,03	6754,20
492,24	6657,95
492,45	6651,80
492,66	6858,65
492,87	6543,26
493,08	6346,66
493,29	6303,65
493,50	6344,61
493,71	6262,69
493,92	6156,19
494,13	6025,12
494,34	5953,45
494,54	6047,65
494,75	5898,15
494,96	5996,45
495,17	5822,38
495,38	5904,29
495,59	5752,74
495,80	5662,63
496,01	5586,86
496,22	5502,89
496,43	5566,38
496,64	5414,83
496,84	5480,36
497,05	5332,91
497,26	5437,36
497,47	5359,53
497,68	5367,73
497,89	5195,70
498,10	5216,18
498,31	5373,87
498,52	5214,13
498,72	5115,83
498,93	5164,98
499,14	5054,39
499,35	4927,41
499,56	4935,60
499,77	4982,71
499,98	4898,74
500,19	4800,44
500,40	4851,64
500,60	4587,45
500,81	4874,17
501,02	4626,36
501,23	4646,84
501,44	4761,53
501,65	4552,63
501,86	4665,27
502,06	4571,07
502,27	4558,78
502,48	4571,07
502,69	4542,39
502,90	4523,96
503,11	4392,89
503,32	4489,15
503,53	4259,78
503,73	4325,31
503,94	4292,54
504,15	4333,50
504,36	4272,06
504,57	4171,71
504,78	4272,06
504,98	4263,87
505,19	4227,01
505,40	4261,82
505,61	4177,86
505,82	4067,27
506,03	4218,82
506,23	4200,38
506,44	4061,12
506,65	4136,90
506,86	4134,85
507,07	4095,94
507,28	4020,16
507,48	4024,26
507,69	4085,70
507,90	3987,40
508,11	4011,97
508,32	3991,49
508,53	3981,25
508,73	4065,22
508,94	3831,75
509,15	3895,24
509,36	3962,82
509,57	3868,61
509,77	3997,64
509,98	3862,47
510,19	3876,80
510,40	3923,91
510,61	3788,74
510,81	3848,13
511,02	3956,68
511,23	4014,02
511,44	3760,07
511,65	3850,18
511,85	3774,41
512,06	3768,26
512,27	3880,90
512,48	3805,13
512,69	3930,05
512,89	3893,19
513,10	3686,34
513,31	3733,45
513,52	3880,90
513,73	3766,21
513,93	3858,37
514,14	3919,81
514,35	3698,63
514,56	3774,41
514,76	3829,70
514,97	3938,24
515,18	3778,50
515,39	3772,36
515,60	3780,55
515,80	3778,50
516,01	3866,56
516,22	3704,78
516,43	3784,65
516,63	3698,63
516,84	3798,98
517,05	3772,36
517,26	3741,64
517,46	3796,93
517,67	3684,30
517,88	3823,56
518,09	3694,54
518,29	3682,25
518,50	3774,41
518,71	3702,73
518,92	3778,50
519,12	3639,24
519,33	3696,58
519,54	3663,82
519,75	3909,57
519,95	3690,44
520,16	3669,96
520,37	3669,96
520,57	3862,47
520,78	3710,92
520,99	3733,45
521,20	3729,35
521,40	3655,62
521,61	3831,75
521,82	3631,05
522,03	3590,09
522,23	3596,23
522,44	3618,76
522,65	3588,04
522,85	3692,49
523,06	3608,52
523,27	3706,82
523,48	3692,49
523,68	3717,06
523,89	3684,30
524,10	3651,53
524,30	3579,85
524,51	3618,76
524,72	3592,14
524,93	3657,67
525,13	3647,43
525,34	3608,52
525,55	3676,10
525,75	3592,14
525,96	3692,49
526,17	3600,33
526,37	3680,20
526,58	3583,95
526,79	3583,95
526,99	3647,43
527,20	3702,73
527,41	3653,58
527,62	3669,96
527,82	3659,72
528,03	3590,09
528,24	3676,10
528,44	3667,91
528,65	3577,80
528,86	3688,39
529,06	3594,19
529,27	3669,96
529,48	3604,42
529,68	3674,06
529,89	3727,30
530,10	3641,29
530,30	3608,52
530,51	3590,09
530,72	3657,67
530,92	3657,67
531,13	3446,73
531,34	3637,19
531,54	3626,95
531,75	3737,54
531,96	3844,04
532,16	3555,27
532,37	3706,82
532,57	3747,78
532,78	3762,12
532,99	3674,06
533,19	3749,83
533,40	3719,11
533,61	3579,85
533,81	3645,38
534,02	3682,25
534,23	3559,37
534,43	3585,99
534,64	3719,11
534,84	3719,11
535,05	3641,29
535,26	3602,38
535,46	3620,81
535,67	3649,48
535,88	3651,53
536,08	3647,43
536,29	3620,81
536,49	3549,13
536,70	3731,40
536,91	3479,50
537,11	3708,87
537,32	3563,47
537,53	3708,87
537,73	3557,32
537,94	3594,19
538,14	3575,75
538,35	3581,90
538,56	3530,70
538,76	3653,58
538,97	3532,75
539,17	3557,32
539,38	3608,52
539,59	3635,14
539,79	3786,69
540,00	3731,40
540,20	3594,19
540,41	3618,76
540,62	3878,85
540,82	3528,65
541,03	3631,05
541,23	3516,36
541,44	3643,34
541,64	3669,96
541,85	3596,23
542,06	3723,21
542,26	3575,75
542,47	3710,92
542,67	3608,52
542,88	3723,21
543,08	3631,05
543,29	3817,41
543,50	3710,92
543,70	3747,78
543,91	3637,19
544,11	3694,54
544,32	3782,60
544,52	3690,44
544,73	3573,71
544,94	3702,73
545,14	3604,42
545,35	3704,78
545,55	3729,35
545,76	3678,15
545,96	3751,88
546,17	3669,96
546,37	3731,40
546,58	3674,06
546,78	3653,58
546,99	3708,87
547,20	3940,29
547,40	3796,93
547,61	3706,82
547,81	3665,86
548,02	3684,30
548,22	3706,82
548,43	3788,74
548,63	3696,58
548,84	3729,35
549,04	3575,75
549,25	3622,86
549,45	3620,81
549,66	3561,42
549,86	3581,90
550,07	3651,53
550,27	3477,45
550,48	3780,55
550,69	3598,28
550,89	3835,85
551,10	3633,10
551,30	3841,99
551,51	3645,38
551,71	3702,73
551,92	3788,74
552,12	3665,86
552,33	3647,43
552,53	3672,01
552,74	3686,34
552,94	3647,43
553,15	3655,62
553,35	3747,78
553,56	3657,67
553,76	3665,86
553,97	3725,26
554,17	3592,14
554,38	3702,73
554,58	3698,63
554,79	3639,24
554,99	3555,27
555,19	3723,21
555,40	3712,97
555,60	3745,73
555,81	3655,62
556,01	3690,44
556,22	3741,64
556,42	3696,58
556,63	3555,27
556,83	3735,50
557,04	3626,95
557,24	3672,01
557,45	3688,39
557,65	3547,08
557,86	3696,58
558,06	3702,73
558,27	3649,48
558,47	3590,09
558,67	3760,07
558,88	3581,90
559,08	3604,42
559,29	3614,66
559,49	3737,54
559,70	3618,76
559,90	3598,28
560,11	3612,62
560,31	3592,14
560,52	3735,50
560,72	3590,09
560,92	3790,79
561,13	3723,21
561,33	3653,58
561,54	3706,82
561,74	3755,97
561,95	3674,06
562,15	3712,97
562,35	3704,78
562,56	3682,25
562,76	3526,60
562,97	3839,94
563,17	3672,01
563,38	3774,41
563,58	3690,44
563,78	3731,40
563,99	3606,47
564,19	3542,99
564,40	3940,29
564,60	3614,66
564,80	3569,61
565,01	3649,48
565,21	3708,87
565,42	3893,19
565,62	3698,63
565,83	3688,39
566,03	3708,87
566,23	3641,29
566,44	3739,59
566,64	3592,14
566,85	3667,91
567,05	3643,34
567,25	3653,58
567,46	3803,08
567,66	3692,49
567,86	3715,02
568,07	3684,30
568,27	3657,67
568,48	3510,22
568,68	3608,52
568,88	3661,77
569,09	3672,01
569,29	3620,81
569,50	3706,82
569,70	3731,40
569,90	3635,14
570,11	3698,63
570,31	3637,19
570,51	3678,15
570,72	3710,92
570,92	3745,73
571,13	3712,97
571,33	3626,95
571,53	3803,08
571,74	3680,20
571,94	3690,44
572,14	3631,05
572,35	3585,99
572,55	3676,10
572,75	3608,52
572,96	3710,92
573,16	3768,26
573,36	3676,10
573,57	3661,77
573,77	3708,87
573,97	3678,15
574,18	3690,44
574,38	3692,49
574,59	3831,75
574,79	3747,78
574,99	3723,21
575,20	3749,83
575,40	3559,37
575,60	3635,14
575,81	3731,40
576,01	3620,81
576,21	3758,02
576,42	3653,58
576,62	3620,81
576,82	3635,14
577,02	3590,09
577,23	3661,77
577,43	3696,58
577,63	3690,44
577,84	3618,76
578,04	3622,86
578,24	3569,61
578,45	3667,91
578,65	3610,57
578,85	3608,52
579,06	3684,30
579,26	3753,93
579,46	3676,10
579,67	3618,76
579,87	3674,06
580,07	3717,06
580,27	3629,00
580,48	3731,40
580,68	3796,93
580,88	3712,97
581,09	3669,96
581,29	3637,19
581,49	3682,25
581,69	3616,71
581,90	3608,52
582,10	3551,18
582,30	3629,00
582,51	3610,57
582,71	3606,47
582,91	3641,29
583,11	3596,23
583,32	3651,53
583,52	3622,86
583,72	3499,98
583,93	3588,04
584,13	3624,90
584,33	3631,05
584,53	3532,75
584,74	3585,99
584,94	3565,51
585,14	3551,18
585,34	3473,36
585,55	3561,42
585,75	3598,28
585,95	3567,56
586,15	3532,75
586,36	3618,76
586,56	3663,82
586,76	3635,14
586,96	3473,36
587,17	3600,33
587,37	3643,34
587,57	3485,64
587,77	3502,03
587,98	3688,39
588,18	3497,93
588,38	3516,36
588,58	3483,59
588,79	3438,54
588,99	3424,20
589,19	3475,40
589,39	3489,74
589,60	3553,23
589,80	3612,62
590,00	3549,13
590,20	3489,74
590,40	3467,21
590,61	3448,78
590,81	3489,74
591,01	3440,59
591,21	3504,07
591,42	3475,40
591,62	3465,16
591,82	3389,39
592,02	3547,08
592,22	3418,06
592,43	3399,63
592,63	3477,45
592,83	3502,03
593,03	3559,37
593,23	3614,66
593,44	3438,54
593,64	3432,40
593,84	3514,31
594,04	3309,52
594,24	3295,18
594,45	3497,93
594,65	3424,20
594,85	3340,24
595,05	3375,05
595,25	3442,64
595,46	3483,59
595,66	3487,69
595,86	3393,48
596,06	3381,20
596,26	3440,59
596,46	3364,81
596,67	3321,81
596,87	3325,90
597,07	3395,53
597,27	3352,52
597,47	3440,59
597,67	3465,16
597,88	3362,76
598,08	3459,02
598,28	3397,58
598,48	3465,16
598,68	3344,33
598,88	3416,01
599,09	3530,70
599,29	3342,28
599,49	3360,72
599,69	3477,45
599,89	3411,92
600,09	3301,33
600,30	3389,39
600,50	3411,92
600,70	3413,96
600,90	3387,34
601,10	3485,64
601,30	3489,74
601,50	3375,05
601,71	3553,23
601,91	3338,19
602,11	3276,75
602,31	3319,76
602,51	3401,68
602,71	3241,93
602,91	3397,58
603,11	3293,13
603,32	3330,00
603,52	3332,05
603,72	3266,51
603,92	3350,48
604,12	3235,79
604,32	3237,84
604,52	3268,56
604,72	3315,66
604,93	3327,95
605,13	3508,17
605,33	3370,96
605,53	3276,75
605,73	3346,38
605,93	3391,44
606,13	3325,90
606,33	3442,64
606,53	3219,41
606,74	3254,22
606,94	3315,66
607,14	3377,10
607,34	3262,41
607,54	3215,31
607,74	3258,32
607,94	3131,34
608,14	3239,89
608,34	3286,99
608,54	3233,74
608,74	3194,83
608,95	3162,06
609,15	3307,47
609,35	3207,12
609,55	3250,13
609,75	3299,28
609,95	3307,47
610,15	3157,97
610,35	3229,65
610,55	3217,36
610,75	3241,93
610,95	3170,26
611,15	3139,54
611,35	3344,33
611,55	3313,61
611,76	3307,47
611,96	3145,68
612,16	3325,90
612,36	3325,90
612,56	3178,45
612,76	3315,66
612,96	3239,89
613,16	3248,08
613,36	3311,57
613,56	3266,51
613,76	3192,78
613,96	3221,45
614,16	3045,33
614,36	3080,14
614,56	3106,77
614,76	3186,64
614,96	3221,45
615,16	3096,53
615,36	3084,24
615,56	3198,93
615,76	3131,34
615,97	3162,06
616,17	3172,30
616,37	3225,55
616,57	3063,76
616,77	3080,14
616,97	3200,98
617,17	3080,14
617,37	3235,79
617,57	3030,99
617,77	3084,24
617,97	3227,60
618,17	3082,19
618,37	3164,11
618,57	3149,78
618,77	3045,33
618,97	3098,58
619,17	3112,91
619,37	3078,10
619,57	3026,90
619,77	2996,18
619,97	3231,69
620,17	3153,87
620,37	2971,60
620,57	2969,55
620,77	3155,92
620,97	3125,20
621,17	3104,72
621,37	2953,17
621,57	3123,15
621,77	2908,12
621,97	3162,06
622,17	2924,50
622,37	3090,38
622,57	3018,71
622,77	3137,49
622,97	2889,68
623,17	3006,42
623,37	3125,20
623,57	3037,14
623,77	3028,95
623,97	3041,23
624,16	3008,47
624,36	3037,14
624,56	2865,11
624,76	2973,65
624,96	2942,93
625,16	2985,94
625,36	2979,79
625,56	2936,79
625,76	2897,88
625,96	2918,36
626,16	3067,86
626,36	2932,69
626,56	3094,48
626,76	3063,76
626,96	2914,26
627,16	2983,89
627,36	2731,99
627,56	2983,89
627,76	3055,57
627,96	2856,92
628,16	2983,89
628,35	3039,19
628,55	2883,54
628,75	2949,08
628,95	2865,11
629,15	2922,45
629,35	2957,27
629,55	2983,89
629,75	2871,25
629,95	2992,08
630,15	2961,36
630,35	2858,96
630,55	2951,12
630,75	2899,92
630,95	2893,78
631,14	2928,60
631,34	2930,64
631,54	2897,88
631,74	2836,44
631,94	2926,55
632,14	2848,72
632,34	2871,25
632,54	2897,88
632,74	2772,95
632,94	2764,76
633,14	2942,93
633,33	2832,34
633,53	2736,09
633,73	2932,69
633,93	2910,16
634,13	2844,63
634,33	2811,86
634,53	2832,34
634,73	2842,58
634,93	2789,33
635,12	2854,87
635,32	2813,91
635,52	2883,54
635,72	2772,95
635,92	2836,44
636,12	2899,92
636,32	2799,57
636,52	2775,00
636,71	2783,19
636,91	2785,24
637,11	2725,85
637,31	2721,75
637,51	2711,51
637,71	2885,59
637,91	2807,77
638,11	2844,63
638,30	2770,90
638,50	2744,28
638,70	2883,54
638,90	2789,33
639,10	2721,75
639,30	2693,08
639,50	2787,29
639,69	2748,37
639,89	2600,92
640,09	2701,27
640,29	2754,52
640,49	2744,28
640,69	2719,70
640,88	2691,03
641,08	2666,46
641,28	2742,23
641,48	2787,29
641,68	2691,03
641,88	2680,79
642,07	2731,99
642,27	2721,75
642,47	2658,26
642,67	2627,54
642,87	2693,08
643,07	2656,22
643,26	2641,88
643,46	2731,99
643,66	2580,44
643,86	2656,22
644,06	2709,46
644,26	2674,65
644,45	2590,68
644,65	2615,26
644,85	2686,94
645,05	2719,70
645,25	2684,89
645,44	2521,05
645,64	2568,15
645,84	2635,74
646,04	2478,04
646,24	2531,29
646,43	2594,78
646,63	2744,28
646,83	2619,35
647,03	2680,79
647,23	2490,33
647,42	2576,34
647,62	2648,02
647,82	2508,76
648,02	2521,05
648,22	2691,03
648,41	2725,85
648,61	2553,82
648,81	2600,92
649,01	2547,67
649,20	2635,74
649,40	2525,15
649,60	2664,41
649,80	2590,68
650,00	2596,82
650,19	2475,99
650,39	2609,11
650,59	2574,30
650,79	2453,47
650,98	2426,84
651,18	2523,10
651,38	2568,15
651,58	2508,76
651,77	2428,89
651,97	2457,56
652,17	2490,33
652,37	2506,71
652,56	2480,09
652,76	2545,63
652,96	2582,49
653,16	2344,92
653,35	2435,03
653,55	2461,66
653,75	2396,12
653,95	2602,97
654,14	2445,27
654,34	2478,04
654,54	2461,66
654,74	2435,03
654,93	2480,09
655,13	2471,90
655,33	2420,70
655,52	2439,13
655,72	2482,14
655,92	2252,77
656,12	2371,55
656,31	2381,79
656,51	2392,03
656,71	2394,08
656,91	2439,13
657,10	2361,31
657,30	2365,40
657,50	2457,56
657,69	2404,32
657,89	2463,71
658,09	2527,19
658,29	2414,56
658,48	2475,99
658,68	2346,97
658,88	2498,52
659,07	2486,23
659,27	2516,95
659,47	2312,16
659,66	2400,22
659,86	2379,74
660,06	2369,50
660,26	2377,69
660,45	2375,64
660,65	2484,19
660,85	2459,61
661,04	2334,68
661,24	2426,84
661,44	2238,43
661,63	2353,12
661,83	2367,45
662,03	2369,50
662,22	2373,60
662,42	2365,40
662,62	2430,94
662,81	2293,72
663,01	2473,95
663,21	2385,88
663,40	2336,73
663,60	2451,42
663,80	2353,12
663,99	2451,42
664,19	2265,05
664,39	2349,02
664,58	2287,58
664,78	2303,96
664,98	2217,95
665,17	2351,07
665,37	2230,24
665,57	2455,51
665,76	2189,28
665,96	2254,81
666,16	2299,87
666,35	2361,31
666,55	2351,07
666,74	2283,49
666,94	2338,78
667,14	2207,71
667,33	2361,31
667,53	2334,68
667,73	2326,49
667,92	2367,45
668,12	2205,66
668,32	2412,51
668,51	2289,63
668,71	2244,57
668,90	2140,13
669,10	2240,48
669,30	2297,82
669,49	2340,83
669,69	2320,35
669,89	2189,28
670,08	2303,96
670,28	2521,05
670,47	2277,34
670,67	2260,96
670,87	2285,53
671,06	2459,61
671,26	2355,16
671,45	2205,66
671,65	2297,82
671,85	2166,75
672,04	2258,91
672,24	2127,84
672,43	2146,27
672,63	2250,72
672,83	2224,09
673,02	2191,33
673,22	2176,99
673,41	2275,29
673,61	2191,33
673,81	2226,14
674,00	2252,77
674,20	2136,03
674,39	2148,32
674,59	2131,94
674,78	2148,32
674,98	2330,59
675,18	2226,14
675,37	2193,37
675,57	2195,42
675,76	2136,03
675,96	2263,01
676,15	2215,90
676,35	2164,70
676,55	2093,02
676,74	2197,47
676,94	2211,81
677,13	2146,27
677,33	2252,77
677,52	2191,33
677,72	2213,85
677,91	2115,55
678,11	2084,83
678,31	2142,18
678,50	2207,71
678,70	2187,23
678,89	2136,03
679,09	2168,80
679,28	2162,66
679,48	2230,24
679,67	2125,79
679,87	2211,81
680,06	2152,42
680,26	2246,62
680,46	2185,18
680,65	2201,57
680,85	2140,13
681,04	2150,37
681,24	2164,70
681,43	2097,12
681,63	2158,56
681,82	2172,89
682,02	2068,45
682,21	2138,08
682,41	2109,41
682,60	2213,85
682,80	2025,44
682,99	2148,32
683,19	2183,13
683,38	2133,98
683,58	2125,79
683,77	2179,04
683,97	2203,61
684,16	2281,44
684,36	2041,82
684,55	2117,60
684,75	2113,50
684,94	2150,37
685,14	2123,74
685,33	1968,10
685,53	1996,77
685,72	2181,09
685,92	2125,79
686,11	2101,22
686,31	2062,30
686,50	2193,37
686,70	2043,87
686,89	2068,45
687,09	2047,97
687,28	2123,74
687,48	2015,20
687,67	2142,18
687,87	2074,59
688,06	1992,67
688,26	2107,36
688,45	2086,88
688,65	2076,64
688,84	2050,02
689,03	2017,25
689,23	2023,39
689,42	2142,18
689,62	2099,17
689,81	2076,64
690,01	2090,98
690,20	2011,11
690,40	2043,87
690,59	2213,85
690,79	1990,63
690,98	2101,22
691,17	2066,40
691,37	2140,13
691,56	2111,46
691,76	2054,11
691,95	2056,16
692,15	2029,54
692,34	2099,17
692,54	2058,21
692,73	2047,97
692,92	2088,93
693,12	1978,34
693,31	1974,24
693,51	2054,11
693,70	2029,54
693,90	2002,91
694,09	1912,80
694,28	2064,35
694,48	2168,80
694,67	2105,31
694,87	2127,84
695,06	2088,93
695,26	2133,98
695,45	2047,97
695,64	2090,98
695,84	2088,93
696,03	1996,77
696,23	2072,54
696,42	1961,95
696,61	2052,06
696,81	2017,25
697,00	2025,44
697,20	2052,06
697,39	2064,35
697,58	1974,24
697,78	2023,39
697,97	2035,68
698,17	2060,26
698,36	2064,35
698,55	1929,19
698,75	2113,50
698,94	2023,39
699,14	2037,73
699,33	2043,87
699,52	2039,78
699,72	2115,55
699,91	2117,60
700,10	2007,01
700,30	2072,54
700,49	2027,49
700,69	2086,88
700,88	2064,35
701,07	2039,78
701,27	2088,93
701,46	2236,38
701,65	2078,69
701,85	2084,83
702,04	2158,56
702,23	2007,01
702,43	1961,95
702,62	2031,58
702,82	2039,78
703,01	2154,46
703,20	2072,54
703,40	2017,25
703,59	2101,22
703,78	2025,44
703,98	2056,16
704,17	2086,88
704,36	2078,69
704,56	2101,22
704,75	2029,54
704,94	2090,98
705,14	2078,69
705,33	2080,74
705,52	2031,58
705,72	2099,17
705,91	2080,74
706,10	2062,30
706,30	2009,06
706,49	2082,78
706,68	2131,94
706,88	2105,31
707,07	2045,92
707,26	2025,44
707,46	2232,29
707,65	2058,21
707,84	1990,63
708,04	1976,29
708,23	2123,74
708,42	2086,88
708,62	2062,30
708,81	1982,43
709,00	2242,53
709,19	2039,78
709,39	2023,39
709,58	2068,45
709,77	2009,06
709,97	2133,98
710,16	1978,34
710,35	2099,17
710,55	2142,18
710,74	2209,76
710,93	2050,02
711,12	2140,13
711,32	2029,54
711,51	2097,12
711,70	1951,71
711,90	2086,88
712,09	1974,24
712,28	2109,41
712,47	2052,06
712,67	2060,26
712,86	2023,39
713,05	2105,31
713,24	2070,50
713,44	2093,02
713,63	2015,20
713,82	2058,21
714,02	2086,88
714,21	2115,55
714,40	1984,48
714,59	2019,30
714,79	1877,99
714,98	2025,44
715,17	2131,94
715,36	1918,95
715,56	2133,98
715,75	2002,91
715,94	1996,77
716,13	1953,76
716,33	2025,44
716,52	1941,47
716,71	2025,44
716,90	2045,92
717,10	1925,09
717,29	1982,43
717,48	2117,60
717,67	1959,91
717,87	2052,06
718,06	2054,11
718,25	2017,25
718,44	1968,10
718,63	1978,34
718,83	1949,67
719,02	1943,52
719,21	1968,10
719,40	1902,56
719,60	1939,43
719,79	2015,20
719,98	1994,72
720,17	1890,28
720,36	2074,59
720,56	1925,09
720,75	1804,26
720,94	2023,39
721,13	1984,48
721,33	1904,61
721,52	1982,43
721,71	1961,95
721,90	2035,68
722,09	1964,00
722,29	1972,19
722,48	1941,47
722,67	1986,53
722,86	2121,70
723,05	1955,81
723,24	2039,78
723,44	1945,57
723,63	2064,35
723,82	1929,19
724,01	1978,34
724,20	2107,36
724,40	1912,80
724,59	1896,42
724,78	1902,56
724,97	1953,76
725,16	1990,63
725,35	2041,82
725,55	2037,73
725,74	2017,25
725,93	2011,11
726,12	2052,06
726,31	2074,59
726,51	2007,01
726,70	2000,87
726,89	2041,82
727,08	1966,05
727,27	2072,54
727,46	1968,10
727,65	2017,25
727,85	1912,80
728,04	1972,19
728,23	1910,75
728,42	2015,20
728,61	1984,48
728,80	1996,77
729,00	1992,67
729,19	1996,77
729,38	2076,64
729,57	2062,30
729,76	1957,86
729,95	2162,66
730,14	2039,78
730,33	1996,77
730,53	1972,19
730,72	2013,15
730,91	2023,39
731,10	2123,74
731,29	2142,18
731,48	2099,17
731,67	1982,43
731,86	2031,58
732,06	2013,15
732,25	2019,30
732,44	2133,98
732,63	1968,10
732,82	2136,03
733,01	2095,07
733,20	1964,00
733,39	2021,35
733,59	2013,15
733,78	2031,58
733,97	2142,18
734,16	2054,11
734,35	2045,92
734,54	2072,54
734,73	2072,54
734,92	2043,87
735,11	1970,15
735,30	1957,86
735,49	2039,78
735,69	2097,12
735,88	1951,71
736,07	2146,27
736,26	2015,20
736,45	2064,35
736,64	1984,48
736,83	2039,78
737,02	2082,78
737,21	1994,72
737,40	1992,67
737,59	2121,70
737,78	2021,35
737,98	2047,97
738,17	2027,49
738,36	2054,11
738,55	2025,44
738,74	2019,30
738,93	2000,87
739,12	1947,62
739,31	1966,05
739,50	1912,80
739,69	2117,60
739,88	2127,84
740,07	2144,22
740,26	2117,60
740,45	2156,51
740,64	2136,03
740,83	1974,24
741,02	2000,87
741,22	2058,21
741,41	2056,16
741,60	2109,41
741,79	1994,72
741,98	2043,87
742,17	2045,92
742,36	2131,94
742,55	2023,39
742,74	2152,42
742,93	2090,98
743,12	2129,89
743,31	2062,30
743,50	2068,45
743,69	2066,40
743,88	2000,87
744,07	1937,38
744,26	2146,27
744,45	2054,11
744,64	2093,02
744,83	1998,82
745,02	2047,97
745,21	2070,50
745,40	2029,54
745,59	2099,17
745,78	2000,87
745,97	2117,60
746,16	2088,93
746,35	2047,97
746,54	1978,34
746,73	1970,15
746,92	2097,12
747,11	2017,25
747,30	2002,91
747,49	2060,26
747,68	2047,97
747,87	1994,72
748,06	2058,21
748,25	2183,13
748,44	2011,11
748,63	2148,32
748,82	1976,29
749,01	1892,32
749,20	2041,82
749,39	2023,39
749,58	2060,26
749,77	1982,43
749,96	1994,72
750,15	2039,78
750,34	1986,53
750,53	2088,93
750,72	2062,30
750,91	1955,81
751,10	2074,59
751,29	2017,25
751,48	1929,19
751,67	2019,30
751,86	2041,82
752,04	2058,21
752,23	2047,97
752,42	2090,98
752,61	1970,15
752,80	1980,39
752,99	1996,77
753,18	1998,82
753,37	2029,54
753,56	1884,13
753,75	2002,91
753,94	1990,63
754,13	2105,31
754,32	1974,24
754,51	1927,14
754,70	2088,93
754,89	2037,73
755,08	1994,72
755,27	1900,52
755,45	1990,63
755,64	1916,90
755,83	1945,57
756,02	2082,78
756,21	1902,56
756,40	1968,10
756,59	2009,06
756,78	1861,60
756,97	1957,86
757,16	1908,71
757,35	2047,97
757,54	1822,69
757,72	1974,24
757,91	1888,23
758,10	1894,37
758,29	1779,68
758,48	1912,80
758,67	1837,03
758,86	1834,98
759,05	1828,84
759,24	1863,65
759,43	1814,50
759,61	1798,12
759,80	1826,79
759,99	1851,36
760,18	1781,73
760,37	1875,94
760,56	1732,58
760,75	1888,23
760,94	1890,28
761,13	1755,11
761,31	1892,32
761,50	1826,79
761,69	1808,36
761,88	1767,40
762,07	1753,06
762,26	1867,75
762,45	1871,84
762,64	1763,30
762,82	1718,25
763,01	1900,52
763,20	1933,28
763,39	1820,64
763,58	1779,68
763,77	1859,56
763,96	1804,26
764,14	1814,50
764,33	1785,83
764,52	1869,80
764,71	1953,76
764,90	1914,85
765,09	1896,42
765,27	1898,47
765,46	1810,40
765,65	1820,64
765,84	1808,36
766,03	1931,23
766,22	1824,74
766,41	1886,18
766,59	1816,55
766,78	1957,86
766,97	1900,52
767,16	2000,87
767,35	1912,80
767,54	2097,12
767,72	1947,62
767,91	1984,48
768,10	1845,22
768,29	1830,88
768,48	1886,18
768,66	1923,04
768,85	1914,85
769,04	1890,28
769,23	1920,99
769,42	1945,57
769,61	1941,47
769,79	1968,10
769,98	1964,00
770,17	1873,89
770,36	2011,11
770,55	1972,19
770,73	1939,43
770,92	1955,81
771,11	1916,90
771,30	1910,75
771,49	1990,63
771,67	1990,63
771,86	1886,18
772,05	1933,28
772,24	1920,99
772,42	1877,99
772,61	1959,91
772,80	1875,94
772,99	1951,71
773,18	1933,28
773,36	1949,67
773,55	1810,40
773,74	1957,86
773,93	2000,87
774,11	1841,12
774,30	1910,75
774,49	1886,18
774,68	1978,34
774,87	1986,53
775,05	1904,61
775,24	1847,27
775,43	1966,05
775,62	1964,00
775,80	1994,72
775,99	1931,23
776,18	2002,91
776,37	1886,18
776,55	2002,91
776,74	1959,91
776,93	1953,76
777,12	1935,33
777,30	1910,75
777,49	1880,04
777,68	1849,32
777,87	1806,31
778,05	1990,63
778,24	1908,71
778,43	1888,23
778,62	1845,22
778,80	1945,57
778,99	1951,71
779,18	2002,91
779,36	1951,71
779,55	1857,51
779,74	1914,85
779,93	2033,63
780,11	1875,94
780,30	1865,70
780,49	2019,30
780,68	1898,47
780,86	1984,48
781,05	1984,48
781,24	2011,11
781,42	1941,47
781,61	1961,95
781,80	1871,84
781,98	1953,76
782,17	1953,76
782,36	1918,95
782,55	1820,64
782,73	1925,09
782,92	1990,63
783,11	1896,42
783,29	1908,71
783,48	1964,00
783,67	1937,38
783,85	1925,09
784,04	1902,56
784,23	1941,47
784,42	1902,56
784,60	1851,36
784,79	1990,63
784,98	1937,38
785,16	1980,39
785,35	1806,31
785,54	1910,75
785,72	1964,00
785,91	1947,62
786,10	1855,46
786,28	1984,48
786,47	1906,66
786,66	1771,49
786,84	2015,20
787,03	1966,05
787,22	1964,00
787,40	1849,32
787,59	1851,36
787,78	1839,08
787,96	1816,55
788,15	1902,56
788,34	1894,37
788,52	1927,14
788,71	1873,89
788,89	1931,23
789,08	1871,84
789,27	1986,53
789,45	1914,85
789,64	1830,88
789,83	1847,27
790,01	1843,17
790,20	1949,67
790,39	1845,22
790,57	1875,94
790,76	1920,99
790,95	1834,98
791,13	1900,52
791,32	1931,23
791,50	1941,47
791,69	1906,66
791,88	1863,65
792,06	1871,84
792,25	1875,94
792,43	1730,53
792,62	1851,36
792,81	1828,84
792,99	1818,60
793,18	1865,70
793,37	1974,24
793,55	1822,69
793,74	1916,90
793,92	1900,52
794,11	1810,40
794,30	1834,98
794,48	1822,69
794,67	1806,31
794,85	1800,16
795,04	1855,46
795,23	1871,84
795,41	1814,50
795,60	1869,80
795,78	1939,43
795,97	1949,67
796,15	1972,19
796,34	1857,51
796,53	1808,36
796,71	1945,57
796,90	1890,28
797,08	1716,20
797,27	1951,71
797,46	1857,51
797,64	1839,08
797,83	1886,18
798,01	1875,94
798,20	1877,99
798,38	1834,98
798,57	1884,13
798,76	1791,97
798,94	1808,36
799,13	1902,56
799,31	1871,84
799,50	1785,83
799,68	1859,56
799,87	1791,97
800,05	1869,80
800,24	1820,64
800,43	1843,17
800,61	1904,61
800,80	1920,99
800,98	1769,44
801,17	1785,83
801,35	1779,68
801,54	1839,08
801,72	1865,70
801,91	1869,80
802,09	1857,51
802,28	1843,17
802,46	1853,41
802,65	1863,65
802,84	1957,86
803,02	1918,95
803,21	1785,83
803,39	1851,36
803,58	1935,33
803,76	1873,89
803,95	1892,32
804,13	1738,73
804,32	1847,27
804,50	1941,47
804,69	1814,50
804,87	1871,84
805,06	1886,18
805,24	2052,06
805,43	1830,88
805,61	1828,84
805,80	1877,99
805,98	1910,75
806,17	1867,75
806,35	1826,79
806,54	1900,52
806,72	1837,03
806,91	1845,22
807,09	1882,08
807,28	1847,27
807,46	1787,88
807,65	1990,63
807,83	1826,79
808,02	1720,29
808,20	1865,70
808,39	1753,06
808,57	1839,08
808,76	1830,88
808,94	1929,19
809,13	1777,64
809,31	1783,78
809,49	1871,84
809,68	1789,92
809,86	1867,75
810,05	1814,50
810,23	1830,88
810,42	1937,38
810,60	1853,41
810,79	1775,59
810,97	1822,69
811,16	1761,25
811,34	1861,60
811,53	1794,02
811,71	1814,50
811,89	1910,75
812,08	1802,21
812,26	1806,31
812,45	1863,65
812,63	1787,88
812,82	1744,87
813,00	1808,36
813,19	1816,55
813,37	1841,12
813,55	1814,50
813,74	1736,68
813,92	1845,22
814,11	1765,35
814,29	1712,10
814,48	1875,94
814,66	1841,12
814,84	1847,27
815,03	1726,44
815,21	1839,08
815,40	1806,31
815,58	1722,34
815,77	1814,50
815,95	1740,77
816,13	1759,21
816,32	1923,04
816,50	1880,04
816,69	1710,05
816,87	1753,06
817,05	1814,50
817,24	1877,99
817,42	1789,92
817,61	1726,44
817,79	1894,37
817,97	1751,01
818,16	1763,30
818,34	1861,60
818,53	1665,00
818,71	1781,73
818,89	1753,06
819,08	1736,68
819,26	1697,77
819,45	1767,40
819,63	1824,74
819,81	1857,51
820,00	1814,50
820,18	1785,83
820,36	1759,21
820,55	1769,44
820,73	1761,25
820,92	1767,40
821,10	1738,73
821,28	1714,15
821,47	1847,27
821,65	1744,87
821,83	1957,86
822,02	1777,64
822,20	1738,73
822,39	1765,35
822,57	1714,15
822,75	1845,22
822,94	1794,02
823,12	1812,45
823,30	1683,43
823,49	1986,53
823,67	1787,88
823,85	1781,73
824,04	1802,21
824,22	1798,12
824,40	1853,41
824,59	1828,84
824,77	1851,36
824,95	1763,30
825,14	1789,92
825,32	1906,66
825,50	1787,88
825,69	1767,40
825,87	1841,12
826,05	1802,21
826,24	1810,40
826,42	1890,28
826,60	1736,68
826,79	1781,73
826,97	1687,53
827,15	1699,81
827,34	1716,20
827,52	1781,73
827,70	1736,68
827,89	1757,16
828,07	1761,25
828,25	1712,10
828,44	1753,06
828,62	1701,86
828,80	1773,54
828,98	1781,73
829,17	1751,01
829,35	1794,02
829,53	1697,77
829,72	1822,69
829,90	1708,01
830,08	1726,44
830,27	1859,56
830,45	1834,98
830,63	1808,36
830,81	1718,25
831,00	1757,16
831,18	1714,15
831,36	1779,68
831,55	1761,25
831,73	1765,35
831,91	1736,68
832,09	1941,47
832,28	1855,46
832,46	1724,39
832,64	1804,26
832,82	1824,74
833,01	1779,68
833,19	1816,55
833,37	1759,21
833,55	1736,68
833,74	1867,75
833,92	1636,33
834,10	1714,15
834,29	1755,11
834,47	1708,01
834,65	1763,30
834,83	1667,05
835,02	1697,77
835,20	1685,48
835,38	1773,54
835,56	1744,87
835,75	1730,53
835,93	1818,60
836,11	1738,73
836,29	1703,91
836,47	1730,53
836,66	1716,20
836,84	1736,68
837,02	1740,77
837,20	1822,69
837,39	1820,64
837,57	1777,64
837,75	1773,54
837,93	1722,34
838,12	1650,66
838,30	1769,44
838,48	1695,72
838,66	1869,80
838,84	1806,31
839,03	1824,74
839,21	1734,63
839,39	1736,68
839,57	1935,33
839,75	1806,31
839,94	1740,77
840,12	1775,59
840,30	1742,82
840,48	1843,17
840,66	1765,35
840,85	1757,16
841,03	1716,20
841,21	1843,17
841,39	1837,03
841,57	1720,29
841,76	1826,79
841,94	1837,03
842,12	1773,54
842,30	1746,92
842,48	1800,16
842,67	1753,06
842,85	1748,97
843,03	1771,49
843,21	1843,17
843,39	1849,32
843,57	1697,77
843,76	1689,57
843,94	1630,18
844,12	1880,04
844,30	1609,70
844,48	1740,77
844,66	1712,10
844,85	1781,73
845,03	1740,77
845,21	1705,96
845,39	1830,88
845,57	1779,68
845,75	1687,53
845,94	1746,92
846,12	1763,30
846,30	1800,16
846,48	1769,44
846,66	1777,64
846,84	1619,94
847,02	1761,25
847,21	1726,44
847,39	1755,11
847,57	1826,79
847,75	1708,01
847,93	1740,77
848,11	1705,96
848,29	1652,71
848,48	1773,54
848,66	1751,01
848,84	1824,74
849,02	1699,81
849,20	1689,57
849,38	1718,25
849,56	1726,44
849,74	1843,17
849,93	1783,78
850,11	1695,72
850,29	1744,87
850,47	1777,64
850,65	1720,29
850,83	1703,91
851,01	1722,34
851,19	1773,54
851,37	1697,77
851,56	1685,48
851,74	1699,81
851,92	1673,19
852,10	1726,44
852,28	1691,62
852,46	1691,62
852,64	1708,01
852,82	1724,39
853,00	1755,11
853,18	1771,49
853,37	1732,58
853,55	1683,43
853,73	1791,97
853,91	1705,96
854,09	1685,48
854,27	1695,72
854,45	1789,92
854,63	1734,63
854,81	1675,24
854,99	1812,45
855,17	1705,96
855,35	1734,63
855,53	1730,53
855,72	1683,43
855,90	1753,06
856,08	1685,48
856,26	1667,05
856,44	1902,56
856,62	1609,70
856,80	1708,01
856,98	1681,38
857,16	1695,72
857,34	1732,58
857,52	1826,79
857,70	1824,74
857,88	1798,12
858,06	1697,77
858,24	1808,36
858,42	1789,92
858,60	1734,63
858,78	1763,30
858,96	1732,58
859,15	1705,96
859,33	1753,06
859,51	1667,05
859,69	1744,87
859,87	1722,34
860,05	1763,30
860,23	1773,54
860,41	1642,47
860,59	1728,49
860,77	1738,73
860,95	1720,29
861,13	1753,06
861,31	1728,49
861,49	1605,61
861,67	1710,05
861,85	1742,82
862,03	1773,54
862,21	1693,67
862,39	1734,63
862,57	1800,16
862,75	1667,05
862,93	1705,96
863,11	1744,87
863,29	1675,24
863,47	1716,20
863,65	1722,34
863,83	1730,53
864,01	1705,96
864,19	1689,57
864,37	1667,05
864,55	1748,97
864,73	1753,06
864,91	1675,24
865,09	1736,68
865,27	1712,10
865,45	1650,66
865,63	1775,59
865,81	1681,38
865,99	1716,20
866,17	1708,01
866,35	1814,50
866,53	1796,07
866,71	1650,66
866,89	1779,68
867,07	1701,86
867,24	1693,67
867,42	1716,20
867,60	1710,05
867,78	1753,06
867,96	1660,90
868,14	1693,67
868,32	1839,08
868,50	1748,97
868,68	1724,39
868,86	1746,92
869,04	1755,11
869,22	1636,33
869,40	1626,09
869,58	1685,48
869,76	1681,38
869,94	1667,05
870,12	1605,61
870,30	1662,95
870,48	1748,97
870,66	1755,11
870,83	1722,34
871,01	1656,81
871,19	1605,61
871,37	1644,52
871,55	1658,85
871,73	1705,96
871,91	1779,68
872,09	1757,16
872,27	1665,00
872,45	1587,18
872,63	1628,14
872,81	1654,76
872,98	1746,92
873,16	1679,33
873,34	1808,36
873,52	1724,39
873,70	1695,72
873,88	1699,81
874,06	1621,99
874,24	1724,39
874,42	1669,09
874,60	1650,66
874,78	1658,85
874,95	1669,09
875,13	1734,63
875,31	1671,14
875,49	1789,92
875,67	1658,85
875,85	1669,09
876,03	1626,09
876,21	1716,20
876,39	1658,85
876,56	1679,33
876,74	1562,60
876,92	1675,24
877,10	1658,85
877,28	1671,14
877,46	1603,56
877,64	1773,54
877,82	1712,10
877,99	1621,99
878,17	1691,62
878,35	1626,09
878,53	1773,54
878,71	1769,44
878,89	1611,75
879,07	1658,85
879,24	1691,62
879,42	1806,31
879,60	1681,38
879,78	1744,87
879,96	1662,95
880,14	1759,21
880,32	1640,42
880,49	1656,81
880,67	1716,20
880,85	1628,14
881,03	1646,57
881,21	1681,38
881,39	1689,57
881,56	1697,77
881,74	1669,09
881,92	1697,77
882,10	1624,04
882,28	1693,67
882,46	1693,67
882,63	1597,42
882,81	1658,85
882,99	1695,72
883,17	1599,46
883,35	1824,74
883,52	1785,83
883,70	1626,09
883,88	1665,00
884,06	1716,20
884,24	1669,09
884,42	1794,02
884,59	1687,53
884,77	1675,24
884,95	1712,10
885,13	1683,43
885,31	1708,01
885,48	1714,15
885,66	1732,58
885,84	1699,81
886,02	1765,35
886,20	1796,07
886,37	1667,05
886,55	1716,20
886,73	1755,11
886,91	1744,87
887,08	1640,42
887,26	1685,48
887,44	1695,72
887,62	1638,38
887,80	1665,00
887,97	1714,15
888,15	1777,64
888,33	1646,57
888,51	1667,05
888,68	1638,38
888,86	1703,91
889,04	1656,81
889,22	1732,58
889,40	1640,42
889,57	1703,91
889,75	1689,57
889,93	1691,62
890,11	1691,62
890,28	1714,15
890,46	1679,33
890,64	1669,09
890,82	1773,54
890,99	1677,29
891,17	1646,57
891,35	1640,42
891,53	1728,49
891,70	1619,94
891,88	1638,38
892,06	1669,09
892,24	1689,57
892,41	1646,57
892,59	1667,05
892,77	1669,09
892,94	1636,33
893,12	1646,57
893,30	1562,60
893,48	1691,62
893,65	1740,77
893,83	1652,71
894,01	1595,37
894,19	1660,90
894,36	1863,65
894,54	1566,70
894,72	1652,71
894,89	1552,36
895,07	1638,38
895,25	1728,49
895,43	1617,90
895,60	1687,53
895,78	1601,51
895,96	1650,66
896,13	1703,91
896,31	1734,63
896,49	1720,29
896,66	1650,66
896,84	1703,91
897,02	1660,90
897,20	1632,23
897,37	1679,33
897,55	1583,08
897,73	1718,25
897,90	1605,61
898,08	1714,15
898,26	1722,34
898,43	1701,86
898,61	1714,15
898,79	1662,95
898,96	1703,91
899,14	1671,14
899,32	1652,71
899,49	1566,70
899,67	1693,67
899,85	1775,59
900,02	1777,64
900,20	1607,66
900,38	1609,70
900,55	1732,58
900,73	1728,49
900,91	1591,27
901,08	1583,08
901,26	1685,48
901,44	1593,32
901,61	1617,90
901,79	1708,01
901,97	1679,33
902,14	1521,64
902,32	1673,19
902,50	1630,18
902,67	1644,52
902,85	1615,85
903,02	1626,09
903,20	1566,70
903,38	1687,53
903,55	1585,13
903,73	1632,23
903,91	1660,90
904,08	1697,77
904,26	1640,42
904,44	1773,54
904,61	1601,51
904,79	1636,33
904,96	1703,91
905,14	1654,76
905,32	1673,19
905,49	1607,66
905,67	1628,14
905,84	1589,22
906,02	1607,66
906,20	1607,66
906,37	1798,12
906,55	1712,10
906,73	1662,95
906,90	1609,70
907,08	1626,09
907,25	1593,32
907,43	1648,61
907,61	1628,14
907,78	1613,80
907,96	1656,81
908,13	1681,38
908,31	1767,40
908,48	1609,70
908,66	1585,13
908,84	1703,91
909,01	1667,05
909,19	1689,57
909,36	1642,47
909,54	1587,18
909,72	1658,85
909,89	1558,50
910,07	1587,18
910,24	1712,10
910,42	1708,01
910,59	1595,37
910,77	1576,94
910,95	1574,89
911,12	1597,42
911,30	1630,18
911,47	1560,55
911,65	1724,39
911,82	1533,93
912,00	1728,49
912,17	1576,94
912,35	1658,85
912,53	1597,42
912,70	1740,77
912,88	1630,18
913,05	1656,81
913,23	1630,18
913,40	1581,03
913,58	1607,66
913,75	1626,09
913,93	1572,84
914,10	1626,09
914,28	1589,22
914,46	1638,38
914,63	1660,90
914,81	1695,72
914,98	1656,81
915,16	1652,71
915,33	1605,61
915,51	1636,33
915,68	1771,49
915,86	1667,05
916,03	1599,46
916,21	1593,32
916,38	1654,76
916,56	1583,08
916,73	1726,44
916,91	1628,14
917,08	1554,41
917,26	1687,53
917,43	1669,09
917,61	1615,85
917,78	1703,91
917,96	1578,98
918,13	1591,27
918,31	1646,57
918,48	1503,21
918,66	1595,37
918,83	1699,81
919,01	1566,70
919,18	1660,90
919,36	1560,55
919,53	1581,03
919,71	1794,02
919,88	1667,05
920,06	1603,56
920,23	1597,42
920,41	1605,61
920,58	1597,42
920,76	1708,01
920,93	1646,57
921,11	1617,90
921,28	1609,70
921,45	1800,16
921,63	1583,08
921,80	1658,85
921,98	1650,66
922,15	1566,70
922,33	1554,41
922,50	1701,86
922,68	1656,81
922,85	1560,55
923,03	1630,18
923,20	1779,68
923,38	1669,09
923,55	1734,63
923,72	1650,66
923,90	1761,25
924,07	1587,18
924,25	1638,38
924,42	1753,06
924,60	1597,42
924,77	1624,04
924,95	1681,38
925,12	1703,91
925,29	1808,36
925,47	1708,01
925,64	1492,97
925,82	1665,00
925,99	1593,32
926,17	1652,71
926,34	1595,37
926,51	1605,61
926,69	1712,10
926,86	1669,09
927,04	1621,99
927,21	1628,14
927,38	1574,89
927,56	1540,07
927,73	1619,94
927,91	1556,46
928,08	1871,84
928,25	1556,46
928,43	1634,28
928,60	1568,74
928,78	1679,33
928,95	1562,60
929,12	1673,19
929,30	1662,95
929,47	1640,42
929,65	1519,59
929,82	1546,22
929,99	1581,03
930,17	1449,96
930,34	1613,80
930,52	1648,61
930,69	1619,94
930,86	1644,52
931,04	1578,98
931,21	1558,50
931,38	1603,56
931,56	1630,18
931,73	1632,23
931,91	1697,77
932,08	1611,75
932,25	1753,06
932,43	1619,94
932,60	1591,27
932,77	1591,27
932,95	1583,08
933,12	1542,12
933,29	1589,22
933,47	1710,05
933,64	1505,26
933,82	1630,18
933,99	1556,46
934,16	1617,90
934,34	1550,31
934,51	1587,18
934,68	1640,42
934,86	1716,20
935,03	1482,73
935,20	1519,59
935,38	1568,74
935,55	1511,40
935,72	1619,94
935,90	1533,93
936,07	1497,07
936,24	1568,74
936,42	1638,38
936,59	1619,94
936,76	1650,66
936,94	1492,97
937,11	1599,46
937,28	1548,26
937,46	1560,55
937,63	1566,70
937,80	1542,12
937,97	1738,73
938,15	1626,09
938,32	1525,74
938,49	1675,24
938,67	1556,46
938,84	1646,57
939,01	1529,83
939,19	1533,93
939,36	1550,31
939,53	1697,77
939,70	1648,61
939,88	1632,23
940,05	1685,48
940,22	1607,66
940,40	1597,42
940,57	1589,22
940,74	1566,70
940,92	1562,60
941,09	1646,57
941,26	1484,78
941,43	1638,38
941,61	1517,54
941,78	1572,84
941,95	1548,26
942,12	1601,51
942,30	1601,51
942,47	1646,57
942,64	1548,26
942,82	1611,75
942,99	1660,90
943,16	1564,65
943,33	1654,76
943,51	1542,12
943,68	1568,74
943,85	1558,50
944,02	1609,70
944,20	1630,18
944,37	1490,92
944,54	1611,75
944,71	1665,00
944,89	1566,70
945,06	1568,74
945,23	1527,78
945,40	1603,56
945,58	1595,37
945,75	1542,12
945,92	1708,01
946,09	1589,22
946,27	1619,94
946,44	1556,46
946,61	1705,96
946,78	1583,08
946,95	1542,12
947,13	1560,55
947,30	1603,56
947,47	1609,70
947,64	1581,03
947,82	1533,93
947,99	1513,45
948,16	1658,85
948,33	1652,71
948,50	1535,98
948,68	1583,08
948,85	1556,46
949,02	1624,04
949,19	1546,22
949,36	1617,90
949,54	1611,75
949,71	1689,57
949,88	1617,90
950,05	1583,08
950,22	1619,94
950,40	1687,53
950,57	1597,42
950,74	1716,20
950,91	1574,89
951,08	1519,59
951,26	1572,84
951,43	1595,37
951,60	1583,08
951,77	1638,38
951,94	1691,62
952,11	1662,95
952,29	1665,00
952,46	1574,89
952,63	1697,77
952,80	1634,28
952,97	1621,99
953,15	1669,09
953,32	1626,09
953,49	1558,50
953,66	1578,98
953,83	1576,94
954,00	1626,09
954,17	1572,84
954,35	1683,43
954,52	1546,22
954,69	1640,42
954,86	1642,47
955,03	1605,61
955,20	1564,65
955,38	1593,32
955,55	1540,07
955,72	1619,94
955,89	1546,22
956,06	1515,50
956,23	1589,22
956,40	1607,66
956,58	1558,50
956,75	1585,13
956,92	1591,27
957,09	1568,74
957,26	1675,24
957,43	1599,46
957,60	1546,22
957,77	1527,78
957,95	1634,28
958,12	1583,08
958,29	1632,23
958,46	1605,61
958,63	1578,98
958,80	1646,57
958,97	1726,44
959,14	1583,08
959,31	1615,85
959,49	1554,41
959,66	1613,80
959,83	1583,08
960,00	1634,28
960,17	1615,85
960,34	1683,43
960,51	1540,07
960,68	1595,37
960,85	1585,13
961,02	1570,79
961,20	1644,52
961,37	1581,03
961,54	1581,03
961,71	1576,94
961,88	1540,07
962,05	1597,42
962,22	1621,99
962,39	1572,84
962,56	1597,42
962,73	1533,93
962,90	1605,61
963,07	1560,55
963,24	1595,37
963,42	1554,41
963,59	1658,85
963,76	1611,75
963,93	1697,77
964,10	1497,07
964,27	1662,95
964,44	1574,89
964,61	1638,38
964,78	1648,61
964,95	1667,05
965,12	1624,04
965,29	1611,75
965,46	1558,50
965,63	1632,23
965,80	1595,37
965,97	1515,50
966,14	1642,47
966,31	1630,18
966,48	1626,09
966,66	1554,41
966,83	1564,65
967,00	1621,99
967,17	1550,31
967,34	1564,65
967,51	1658,85
967,68	1607,66
967,85	1556,46
968,02	1683,43
968,19	1595,37
968,36	1609,70
968,53	1548,26
968,70	1538,02
968,87	1595,37
969,04	1630,18
969,21	1611,75
969,38	1652,71
969,55	1566,70
969,72	1634,28
969,89	1662,95
970,06	1593,32
970,23	1576,94
970,40	1626,09
970,57	1552,36
970,74	1615,85
970,91	1605,61
971,08	1578,98
971,25	1533,93
971,42	1751,01
971,59	1669,09
971,76	1583,08
971,93	1609,70
972,10	1570,79
972,27	1642,47
972,44	1628,14
972,61	1603,56
972,78	1581,03
972,95	1609,70
973,12	1699,81
973,29	1538,02
973,46	1593,32
973,63	1611,75
973,80	1699,81
973,97	1568,74
974,14	1599,46
974,30	1636,33
974,47	1617,90
974,64	1675,24
974,81	1595,37
974,98	1703,91
975,15	1583,08
975,32	1646,57
975,49	1546,22
975,66	1613,80
975,83	1636,33
976,00	1677,29
976,17	1556,46
976,34	1509,35
976,51	1607,66
976,68	1581,03
976,85	1589,22
977,02	1626,09
977,19	1546,22
977,36	1531,88
977,52	1642,47
977,69	1624,04
977,86	1683,43
978,03	1619,94
978,20	1607,66
978,37	1638,38
978,54	1593,32
978,71	1744,87
978,88	1720,29
979,05	1611,75
979,22	1523,69
979,39	1601,51
979,56	1624,04
979,72	1576,94
979,89	1658,85
980,06	1634,28
980,23	1781,73
980,40	1587,18
980,57	1634,28
980,74	1609,70
980,91	1595,37
981,08	1628,14
981,25	1619,94
981,41	1605,61
981,58	1578,98
981,75	1542,12
981,92	1585,13
982,09	1671,14
982,26	1556,46
982,43	1490,92
982,60	1681,38
982,77	1570,79
982,93	1630,18
983,10	1566,70
983,27	1603,56
983,44	1585,13
983,61	1601,51
983,78	1599,46
983,95	1591,27
984,11	1550,31
984,28	1671,14
984,45	1523,69
984,62	1583,08
984,79	1609,70
984,96	1613,80
985,13	1542,12
985,30	1624,04
985,46	1548,26
985,63	1605,61
985,80	1587,18
985,97	1572,84
986,14	1581,03
986,31	1589,22
986,47	1632,23
986,64	1581,03
986,81	1568,74
986,98	1591,27
987,15	1648,61
987,32	1589,22
987,48	1636,33
987,65	1636,33
987,82	1519,59
987,99	1636,33
988,16	2027,49
988,33	1691,62
988,49	1521,64
988,66	1619,94
988,83	1486,83
989,00	1644,52
989,17	1601,51
989,34	1603,56
989,50	1599,46
989,67	1484,78
989,84	1540,07
990,01	1554,41
990,18	1601,51
990,34	1560,55
990,51	1615,85
990,68	1626,09
990,85	1679,33
991,02	1572,84
991,18	1560,55
991,35	1525,74
991,52	1665,00
991,69	1589,22
991,86	1603,56
992,02	1630,18
992,19	1548,26
992,36	1628,14
992,53	1669,09
992,69	1570,79
992,86	1533,93
993,03	1681,38
993,20	1443,82
993,37	1654,76
993,53	1677,29
993,70	1572,84
993,87	1540,07
994,04	1564,65
994,20	1609,70
994,37	1564,65
994,54	1591,27
994,71	1572,84
994,87	1658,85
995,04	1576,94
995,21	1613,80
995,38	1585,13
995,55	1615,85
995,71	1593,32
995,88	1593,32
996,05	1619,94
996,22	1669,09
996,38	1589,22
996,55	1538,02
996,72	1566,70
996,88	1724,39
997,05	2539,48
997,22	1570,79
997,39	1595,37
997,55	1656,81
997,72	1660,90
997,89	1609,70
998,06	1615,85
998,22	1644,52
998,39	1562,60
998,56	1495,02
998,73	1576,94
998,89	1652,71
999,06	1603,56
999,23	1632,23
999,39	1566,70
999,56	1671,14
999,73	1568,74
999,90	1572,84
1000,06	1638,38
1000,23	1617,90
1000,40	1556,46
1000,56	1576,94
1000,73	1597,42
1000,90	1615,85
1001,06	1515,50
1001,23	1560,55
1001,40	1642,47
1001,57	1531,88
1001,73	1495,02
1001,90	1544,17
1002,07	1554,41
1002,23	1644,52
1002,40	1560,55
1002,57	1591,27
1002,73	1599,46
1002,90	1595,37
1003,07	1621,99
1003,23	1480,68
1003,40	1578,98
1003,57	1570,79
1003,73	1581,03
1003,90	1638,38
1004,07	1507,30
1004,23	1554,41
1004,40	1593,32
1004,57	1505,26
1004,73	1441,77
1004,90	1531,88
1005,07	1574,89
1005,23	1595,37
1005,40	1531,88
1005,57	1507,30
1005,73	1626,09
1005,90	1544,17
1006,07	1773,54
1006,23	1660,90
1006,40	1607,66
1006,57	1513,45
1006,73	1650,66
1006,90	1560,55
1007,06	1572,84
1007,23	1533,93
1007,40	1546,22
1007,56	1529,83
1007,73	1644,52
1007,90	1552,36
1008,06	1650,66
1008,23	1662,95
1008,40	1658,85
1008,56	1511,40
1008,73	1488,87
1008,89	1595,37
1009,06	1718,25
1009,23	1570,79
1009,39	1662,95
1009,56	1550,31
1009,72	1607,66
1009,89	1540,07
1010,06	1581,03
1010,22	1589,22
1010,39	1511,40
1010,55	1634,28
1010,72	1570,79
1010,89	1605,61
1011,05	1609,70
1011,22	1511,40
1011,38	1578,98
1011,55	1621,99
1011,72	1554,41
1011,88	1585,13
1012,05	1562,60
1012,21	1613,80
1012,38	1509,35
1012,55	1566,70
1012,71	1486,83
1012,88	1591,27
1013,04	1652,71
1013,21	1501,16
1013,37	1605,61
1013,54	1511,40
1013,71	1646,57
1013,87	1603,56
1014,04	1640,42
1014,20	1669,09
1014,37	1585,13
1014,53	1542,12
1014,70	1605,61
1014,87	1562,60
1015,03	1665,00
1015,20	1552,36
1015,36	1628,14
1015,53	1513,45
1015,69	1667,05
1015,86	1525,74
1016,02	1636,33
1016,19	1632,23
1016,36	1611,75
1016,52	1533,93
1016,69	1595,37
1016,85	1564,65
1017,02	1619,94
1017,18	1607,66
1017,35	1562,60
1017,51	1478,63
1017,68	1613,80
1017,84	1476,59
1018,01	1472,49
1018,17	1644,52
1018,34	1662,95
1018,50	1589,22
1018,67	1558,50
1018,84	1634,28
1019,00	1507,30
1019,17	1611,75
1019,33	1523,69
1019,50	1677,29
1019,66	1652,71
1019,83	1605,61
1019,99	1642,47
1020,16	1480,68
1020,32	1560,55
1020,49	1589,22
1020,65	1601,51
1020,82	1605,61
1020,98	1624,04
1021,15	1593,32
1021,31	1646,57
1021,48	1632,23
1021,64	1581,03
1021,81	1585,13
1021,97	1578,98
1022,14	1691,62
1022,30	1628,14
1022,47	1560,55
1022,63	1531,88
1022,79	1619,94
1022,96	1609,70
1023,12	1578,98
1023,29	1572,84
1023,45	1703,91
1023,62	1570,79
1023,78	1615,85
1023,95	1525,74
1024,11	1595,37
1024,28	1495,02
1024,44	1652,71
1024,61	1505,26
1024,77	1517,54
1024,94	1572,84
1025,10	1595,37
1025,26	1503,21
1025,43	1644,52
1025,59	1550,31
1025,76	1519,59
1025,92	1636,33
1026,09	1601,51
1026,25	1703,91
1026,42	1523,69
1026,58	1544,17
1026,74	1624,04
1026,91	1613,80
1027,07	1546,22
1027,24	1648,61
1027,40	1578,98
1027,57	1630,18
1027,73	1560,55
1027,90	1650,66
1028,06	1585,13
1028,22	1619,94
1028,39	1564,65
1028,55	1611,75
1028,72	1636,33
1028,88	1761,25
1029,04	1554,41
1029,21	1597,42
1029,37	1529,83
1029,54	1560,55
1029,70	1589,22
1029,87	1546,22
1030,03	1525,74
1030,19	1697,77
1030,36	1560,55
1030,52	1615,85
1030,69	1570,79
1030,85	1458,15
1031,01	1591,27
1031,18	1552,36
1031,34	1599,46
1031,50	1548,26
1031,67	1519,59
1031,83	1591,27
1032,00	1570,79
1032,16	1628,14
1032,32	1636,33
1032,49	1640,42
1032,65	1560,55
1032,82	1677,29
1032,98	1583,08
1033,14	1564,65
1033,31	1652,71
1033,47	1681,38
1033,63	1546,22
1033,80	1589,22
1033,96	1607,66
1034,13	1646,57
1034,29	1611,75
1034,45	1609,70
1034,62	1589,22
1034,78	1658,85
1034,94	1593,32
1035,11	1673,19
1035,27	1495,02
1035,43	1605,61
1035,60	1550,31
1035,76	1544,17
1035,92	1591,27
1036,09	1581,03
1036,25	1638,38
1036,41	1587,18
1036,58	1621,99
1036,74	1644,52
1036,90	1552,36
1037,07	1611,75
1037,23	1613,80
1037,39	1638,38
1037,56	1535,98
1037,72	1650,66
1037,88	1587,18
1038,05	1478,63
1038,21	1681,38
1038,37	1665,00
1038,54	1613,80
1038,70	1630,18
1038,86	1562,60
1039,03	1564,65
1039,19	1652,71
1039,35	1527,78
1039,52	1556,46
1039,68	1601,51
1039,84	1568,74
1040,00	1665,00
1040,17	1564,65
1040,33	1560,55
1040,49	1513,45
1040,66	1628,14
1040,82	1607,66
1040,98	1603,56
1041,15	1607,66
1041,31	1527,78
1041,47	1601,51
1041,63	1568,74
1041,80	1550,31
1041,96	1646,57
1042,12	1523,69
1042,29	1581,03
1042,45	1632,23
1042,61	1515,50
1042,77	1574,89
1042,94	1599,46
1043,10	1841,12
1043,26	1583,08
1043,42	1501,16
1043,59	1726,44
1043,75	1574,89
1043,91	1486,83
1044,07	1624,04
1044,24	1550,31
1044,40	1605,61
