345,22	1251,31
345,44	1251,31
345,66	1251,31
345,88	1279,98
346,10	1198,06
346,32	1480,68
346,54	1441,77
346,75	1380,33
346,97	1386,47
347,19	1329,13
347,41	1425,39
347,63	1304,56
347,85	1431,53
348,07	1433,58
348,29	1533,93
348,51	1447,91
348,73	1435,63
348,95	1351,66
349,16	1394,67
349,38	1411,05
349,60	1449,96
349,82	1456,11
350,04	1392,62
350,26	1540,07
350,48	1445,87
350,70	1509,35
350,92	1378,28
351,14	1507,30
351,35	1503,21
351,57	1417,19
351,79	1392,62
352,01	1390,57
352,23	1435,63
352,45	1433,58
352,67	1499,11
352,89	1454,06
353,10	1421,29
353,32	1411,05
353,54	1449,96
353,76	1462,25
353,98	1404,91
354,20	1529,83
354,42	1458,15
354,64	1374,19
354,85	1452,01
355,07	1413,10
355,29	1441,77
355,51	1441,77
355,73	1419,24
355,95	1417,19
356,17	1529,83
356,38	1452,01
356,60	1449,96
356,82	1503,21
357,04	1472,49
357,26	1419,24
357,48	1413,10
357,69	1458,15
357,91	1433,58
358,13	1519,59
358,35	1480,68
358,57	1501,16
358,79	1476,59
359,01	1523,69
359,22	1538,02
359,44	1542,12
359,66	1505,26
359,88	1456,11
360,10	1452,01
360,32	1460,20
360,53	1431,53
360,75	1447,91
360,97	1406,95
361,19	1535,98
361,41	1591,27
361,62	1464,30
361,84	1460,20
362,06	1411,05
362,28	1402,86
362,50	1474,54
362,72	1468,39
362,93	1435,63
363,15	1394,67
363,37	1439,72
363,59	1443,82
363,81	1413,10
364,02	1478,63
364,24	1425,39
364,46	1525,74
364,68	1406,95
364,90	1490,92
365,11	1452,01
365,33	1535,98
365,55	1386,47
365,77	1488,87
365,99	1406,95
366,20	1480,68
366,42	1482,73
366,64	1386,47
366,86	1404,91
367,07	1417,19
367,29	1380,33
367,51	1425,39
367,73	1347,56
367,95	1486,83
368,16	1447,91
368,38	1490,92
368,60	1441,77
368,82	1441,77
369,03	1562,60
369,25	1476,59
369,47	1429,48
369,69	1423,34
369,91	1468,39
370,12	1368,04
370,34	1415,15
370,56	1484,78
370,78	1452,01
370,99	1468,39
371,21	1380,33
371,43	1458,15
371,65	1552,36
371,86	1433,58
372,08	1501,16
372,30	1380,33
372,52	1468,39
372,73	1427,43
372,95	1466,35
373,17	1429,48
373,39	1413,10
373,60	1409,00
373,82	1445,87
374,04	1394,67
374,26	1480,68
374,47	1452,01
374,69	1445,87
374,91	1439,72
375,12	1556,46
375,34	1464,30
375,56	1495,02
375,78	1445,87
375,99	1431,53
376,21	1540,07
376,43	1445,87
376,65	1476,59
376,86	1437,67
377,08	1433,58
377,30	1538,02
377,51	1404,91
377,73	1400,81
377,95	1366,00
378,17	1415,15
378,38	1392,62
378,60	1425,39
378,82	1462,25
379,03	1447,91
379,25	1421,29
379,47	1501,16
379,68	1406,95
379,90	1318,89
380,12	1425,39
380,34	1398,76
380,55	1478,63
380,77	1490,92
380,99	1464,30
381,20	1535,98
381,42	1466,35
381,64	1456,11
381,85	1423,34
382,07	1482,73
382,29	1478,63
382,50	1478,63
382,72	1499,11
382,94	1470,44
383,15	1527,78
383,37	1411,05
383,59	1443,82
383,80	1478,63
384,02	1433,58
384,24	1521,64
384,45	1417,19
384,67	1480,68
384,89	1345,52
385,10	1462,25
385,32	1439,72
385,54	1396,71
385,75	1402,86
385,97	1458,15
386,19	1535,98
386,40	1374,19
386,62	1464,30
386,84	1488,87
387,05	1456,11
387,27	1421,29
387,49	1484,78
387,70	1501,16
387,92	1454,06
388,14	1378,28
388,35	1359,85
388,57	1425,39
388,79	1464,30
389,00	1468,39
389,22	1476,59
389,43	1435,63
389,65	1454,06
389,87	1525,74
390,08	1384,43
390,30	1466,35
390,52	1492,97
390,73	1458,15
390,95	1429,48
391,17	1404,91
391,38	1497,07
391,60	1499,11
391,81	1460,20
392,03	1433,58
392,25	1413,10
392,46	1366,00
392,68	1578,98
392,89	1476,59
393,11	1394,67
393,33	1449,96
393,54	1441,77
393,76	1441,77
393,98	1507,30
394,19	1423,34
394,41	1406,95
394,62	1392,62
394,84	1525,74
395,06	1507,30
395,27	1402,86
395,49	1470,44
395,70	1552,36
395,92	1466,35
396,13	1404,91
396,35	1507,30
396,57	1458,15
396,78	1445,87
397,00	1462,25
397,21	1497,07
397,43	1560,55
397,65	1413,10
397,86	1581,03
398,08	1476,59
398,29	1523,69
398,51	1433,58
398,72	1572,84
398,94	1552,36
399,16	1447,91
399,37	1458,15
399,59	1517,54
399,80	1404,91
400,02	1464,30
400,23	1472,49
400,45	1435,63
400,67	1585,13
400,88	1490,92
401,10	1472,49
401,31	1449,96
401,53	1519,59
401,74	1445,87
401,96	1447,91
402,17	1478,63
402,39	1470,44
402,61	1538,02
402,82	1515,50
403,04	1583,08
403,25	1468,39
403,47	1501,16
403,68	1501,16
403,90	1535,98
404,11	1527,78
404,33	1421,29
404,54	1538,02
404,76	1529,83
404,97	1476,59
405,19	1599,46
405,41	1529,83
405,62	1589,22
405,84	1433,58
406,05	1609,70
406,27	1435,63
406,48	1527,78
406,70	1574,89
406,91	1531,88
407,13	1509,35
407,34	1513,45
407,56	1609,70
407,77	1578,98
407,99	1478,63
408,20	1527,78
408,42	1480,68
408,63	1507,30
408,85	1544,17
409,06	1556,46
409,28	1611,75
409,49	1427,43
409,71	1540,07
409,92	1597,42
410,14	1523,69
410,35	1591,27
410,57	1613,80
410,78	1523,69
411,00	1630,18
411,21	1583,08
411,43	1607,66
411,64	1605,61
411,86	1576,94
412,07	1585,13
412,29	1634,28
412,50	1544,17
412,72	1644,52
412,93	1665,00
413,15	1619,94
413,36	1546,22
413,58	1677,29
413,79	1636,33
414,01	1595,37
414,22	1607,66
414,43	1757,16
414,65	1689,57
414,86	1738,73
415,08	1687,53
415,29	1689,57
415,51	1646,57
415,72	1687,53
415,94	1679,33
416,15	1773,54
416,37	1777,64
416,58	1701,86
416,80	1744,87
417,01	1744,87
417,22	1779,68
417,44	1789,92
417,65	1767,40
417,87	1734,63
418,08	1898,47
418,30	1851,36
418,51	1845,22
418,73	1802,21
418,94	1822,69
419,15	1925,09
419,37	1986,53
419,58	1898,47
419,80	1951,71
420,01	1994,72
420,23	2031,58
420,44	2035,68
420,65	2019,30
420,87	2166,75
421,08	2084,83
421,30	2203,61
421,51	2189,28
421,73	2197,47
421,94	2197,47
422,15	2217,95
422,37	2234,33
422,58	2168,80
422,80	2293,72
423,01	2324,44
423,22	2334,68
423,44	2410,46
423,65	2478,04
423,87	2607,06
424,08	2537,43
424,29	2660,31
424,51	2596,82
424,72	2715,61
424,94	2652,12
425,15	2738,13
425,36	2969,55
425,58	3018,71
425,79	2987,99
426,01	3067,86
426,22	3114,96
426,43	3309,52
426,65	3315,66
426,86	3368,91
427,08	3522,51
427,29	3381,20
427,50	3606,47
427,72	3381,20
427,93	3620,81
428,14	3682,25
428,36	3907,52
428,57	3979,20
428,79	4073,41
429,00	4022,21
429,21	4151,23
429,43	4167,62
429,64	4390,84
429,85	4530,11
430,07	4728,76
430,28	4718,52
430,49	4808,63
430,71	4951,99
430,92	5400,49
431,14	5365,68
431,35	5439,40
431,56	5547,95
431,78	5652,39
431,99	5832,62
432,20	6303,65
432,42	6221,73
432,63	6584,22
432,84	6592,41
433,06	6582,17
433,27	6971,29
433,48	7282,58
433,70	7124,88
433,91	7372,69
434,12	7444,37
434,34	7839,62
434,55	8232,83
434,76	8284,03
434,98	8368,00
435,19	8914,81
435,40	9166,71
435,62	9185,14
435,83	9365,36
436,04	9770,86
436,26	10018,66
436,47	9791,34
436,68	9858,92
436,90	10772,32
437,11	10987,35
437,32	11243,35
437,54	11841,36
437,75	11593,55
437,96	12375,88
438,17	12371,78
438,39	12697,41
438,60	12779,32
438,81	13406,00
439,03	14528,29
439,24	14602,02
439,45	15048,47
439,67	14685,98
439,88	15183,64
440,09	15042,33
440,30	15789,84
440,52	15884,05
440,73	17047,29
440,94	16881,41
441,16	17264,38
441,37	17628,92
441,58	17925,87
441,80	19308,25
442,01	18929,38
442,22	19859,15
442,43	19672,79
442,65	20412,10
442,86	20352,71
443,07	21243,58
443,28	21089,98
443,50	22286,00
443,71	22853,28
443,92	22791,84
444,14	22488,74
444,35	24032,91
444,56	24342,16
444,77	25454,20
444,99	24049,30
445,20	25187,97
445,41	25745,02
445,62	26553,96
445,84	27201,12
446,05	27706,97
446,26	28468,81
446,47	26564,20
446,69	27381,34
446,90	29675,07
447,11	28917,32
447,32	28681,80
447,54	28933,70
447,75	29560,38
447,96	29107,78
448,17	29470,27
448,39	31290,91
448,60	29505,09
448,81	31104,55
449,02	30619,18
449,23	31454,75
449,45	33027,59
449,66	31139,36
449,87	32245,27
450,08	32378,39
450,30	32067,09
450,51	33132,04
450,72	32822,80
450,93	34399,73
451,15	33742,33
451,36	32681,49
451,57	32787,98
451,78	32593,42
451,99	34473,46
452,21	35005,93
452,42	33648,13
452,63	33086,98
452,84	32611,85
453,05	33476,10
453,27	33715,71
453,48	33555,97
453,69	32841,23
453,90	33943,03
454,11	33656,32
454,33	32634,38
454,54	33822,20
454,75	33979,90
454,96	34088,44
455,17	32992,78
455,39	32794,12
455,60	33170,95
455,81	33775,10
456,02	31825,43
456,23	30987,82
456,45	32142,87
456,66	30877,22
456,87	30432,82
457,08	31790,62
457,29	31419,94
457,50	30164,53
457,72	29886,01
457,93	29494,85
458,14	30662,19
458,35	30512,69
458,56	29511,23
458,77	28548,68
458,99	28935,75
459,20	27518,56
459,41	28270,16
459,62	26465,90
459,83	27061,86
460,04	27934,29
460,26	27006,56
460,47	26271,34
460,68	25132,67
460,89	24729,22
461,10	24340,11
461,31	24977,03
461,52	24243,85
461,74	23787,16
461,95	23361,18
462,16	23580,31
462,37	23500,44
462,58	22521,51
462,79	22314,67
463,00	22181,55
463,22	21864,11
463,43	20838,08
463,64	20786,88
463,85	20502,22
464,06	20786,88
464,27	19713,75
464,48	19746,51
464,70	19746,51
464,91	19568,34
465,12	19590,87
465,33	19482,33
465,54	18765,54
465,75	18671,33
465,96	18978,53
466,17	18114,28
466,38	18159,34
466,60	17280,76
466,81	17186,55
467,02	18085,61
467,23	16994,04
467,44	16453,38
467,65	16359,17
467,86	16293,64
468,07	16955,13
468,28	16367,37
468,50	15585,04
468,71	15562,51
468,92	15503,12
469,13	14868,25
469,34	14702,37
469,55	14954,27
469,76	14851,87
469,97	14409,51
470,18	14581,54
470,39	14513,95
470,60	13893,42
470,82	13227,83
471,03	13526,83
471,24	13770,54
471,45	13199,16
471,66	13477,68
471,87	13250,36
472,08	12846,91
472,29	12404,55
472,50	12744,51
472,71	12603,20
472,92	12283,72
473,13	11970,38
473,34	11949,90
473,55	12015,43
473,77	11966,28
473,98	11564,88
474,19	11640,65
474,40	11646,80
474,61	11312,98
474,82	11145,05
475,03	10782,56
475,24	10563,42
475,45	10811,23
475,66	10608,48
475,87	10524,51
476,08	10712,92
476,29	10336,10
476,50	10436,45
476,71	10162,02
476,92	9738,09
477,13	9877,35
477,34	9607,02
477,55	9609,07
477,76	9543,53
477,97	9492,34
478,18	9531,25
478,40	9387,89
478,61	9140,08
478,82	9154,42
479,03	8998,77
479,24	8699,77
479,45	8966,01
479,66	8421,25
479,87	8353,66
480,08	8402,82
480,29	8445,82
480,50	8343,42
480,71	8212,35
480,92	8075,14
481,13	7970,69
481,34	7960,45
481,55	7716,75
481,76	7837,58
481,97	7503,76
482,18	7456,65
482,39	7329,68
482,60	7497,61
482,81	7331,73
483,02	7255,95
483,23	7018,39
483,44	7055,25
483,65	6991,77
483,86	6901,65
484,07	6934,42
484,28	6979,48
484,49	6776,73
484,70	6586,27
484,91	6717,34
485,12	6414,24
485,33	6559,64
485,54	6367,13
485,75	6152,10
485,96	6414,24
486,17	6201,25
486,38	6158,24
486,59	6082,47
486,80	6172,58
487,01	5928,87
487,21	5928,87
487,42	5703,59
487,63	5885,86
487,84	5760,94
488,05	5607,34
488,26	5674,92
488,47	5457,84
488,68	5443,50
488,89	5482,41
489,10	5361,58
489,31	5312,43
489,52	5162,93
489,73	5181,36
489,94	5140,40
490,15	5048,24
490,36	5185,46
490,57	4962,23
490,78	4761,53
490,99	4954,04
491,20	4747,19
491,41	4880,31
491,61	4802,49
491,82	4751,29
492,03	4800,44
492,24	4528,06
492,45	4431,80
492,66	4507,58
492,87	4501,44
493,08	4411,32
493,29	4333,50
493,50	4319,17
493,71	4390,84
493,92	4206,53
494,13	4079,55
494,34	4054,98
494,54	3950,53
494,75	4054,98
494,96	4085,70
495,17	4005,83
495,38	3903,43
495,59	3952,58
495,80	3885,00
496,01	3778,50
496,22	3733,45
496,43	3637,19
496,64	3596,23
496,84	3672,01
497,05	3626,95
497,26	3633,10
497,47	3506,12
497,68	3477,45
497,89	3583,95
498,10	3485,64
498,31	3524,55
498,52	3485,64
498,72	3360,72
498,93	3461,07
499,14	3317,71
499,35	3256,27
499,56	3317,71
499,77	3258,32
499,98	3225,55
500,19	3219,41
500,40	3137,49
500,60	3010,51
500,81	3252,17
501,02	3059,67
501,23	3039,19
501,44	3098,58
501,65	3047,38
501,86	3016,66
502,06	2904,02
502,27	3010,51
502,48	3008,47
502,69	2891,73
502,90	3112,91
503,11	2830,29
503,32	2811,86
503,53	2785,24
503,73	2865,11
503,94	2887,64
504,15	2877,40
504,36	2791,38
504,57	2844,63
504,78	2740,18
504,98	2697,17
505,19	2633,69
505,40	2789,33
505,61	2600,92
505,82	2652,12
506,03	2670,55
506,23	2684,89
506,44	2635,74
506,65	2674,65
506,86	2545,63
507,07	2527,19
507,28	2514,91
507,48	2527,19
507,69	2516,95
507,90	2500,57
508,11	2363,36
508,32	2480,09
508,53	2398,17
508,73	2398,17
508,94	2457,56
509,15	2404,32
509,36	2420,70
509,57	2367,45
509,77	2359,26
509,98	2318,30
510,19	2383,84
510,40	2416,60
510,61	2279,39
510,81	2295,77
511,02	2437,08
511,23	2410,46
511,44	2250,72
511,65	2197,47
511,85	2373,60
512,06	2201,57
512,27	2238,43
512,48	2224,09
512,69	2334,68
512,89	2228,19
513,10	2252,77
513,31	2215,90
513,52	2293,72
513,73	2185,18
513,93	2211,81
514,14	2176,99
514,35	2322,40
514,56	2246,62
514,76	2160,61
514,97	2195,42
515,18	2179,04
515,39	2246,62
515,60	2191,33
515,80	2230,24
516,01	2183,13
516,22	2254,81
516,43	2148,32
516,63	2138,08
516,84	2189,28
517,05	2050,02
517,26	2158,56
517,46	2176,99
517,67	2113,50
517,88	2070,50
518,09	2107,36
518,29	2117,60
518,50	2142,18
518,71	2039,78
518,92	2121,70
519,12	2060,26
519,33	2076,64
519,54	2076,64
519,75	2105,31
519,95	2099,17
520,16	1992,67
520,37	2029,54
520,57	2029,54
520,78	2172,89
520,99	1939,43
521,20	2013,15
521,40	1990,63
521,61	1947,62
521,82	2004,96
522,03	1988,58
522,23	2031,58
522,44	1974,24
522,65	2025,44
522,85	2025,44
523,06	1933,28
523,27	1986,53
523,48	2033,63
523,68	1941,47
523,89	1982,43
524,10	1984,48
524,30	1961,95
524,51	1920,99
524,72	1968,10
524,93	1902,56
525,13	1976,29
525,34	1906,66
525,55	2009,06
525,75	1986,53
525,96	2009,06
526,17	1984,48
526,37	2007,01
526,58	2017,25
526,79	1980,39
526,99	1925,09
527,20	2023,39
527,41	1943,52
527,62	1972,19
527,82	1986,53
528,03	1865,70
528,24	2004,96
528,44	1976,29
528,65	1865,70
528,86	1888,23
529,06	1970,15
529,27	1916,90
529,48	1898,47
529,68	1964,00
529,89	1898,47
530,10	1943,52
530,30	1935,33
530,51	1873,89
530,72	1908,71
530,92	1916,90
531,13	1875,94
531,34	1869,80
531,54	1918,95
531,75	1898,47
531,96	2015,20
532,16	1906,66
532,37	1959,91
532,57	1898,47
532,78	2002,91
532,99	1904,61
533,19	1904,61
533,40	1974,24
533,61	1839,08
533,81	1884,13
534,02	1781,73
534,23	1968,10
534,43	1925,09
534,64	1925,09
534,84	1957,86
535,05	1888,23
535,26	1904,61
535,46	1955,81
535,67	1888,23
535,88	1906,66
536,08	1810,40
536,29	1906,66
536,49	1875,94
536,70	1902,56
536,91	1810,40
537,11	1826,79
537,32	1886,18
537,53	1900,52
537,73	1966,05
537,94	1818,60
538,14	1898,47
538,35	1865,70
538,56	1896,42
538,76	1818,60
538,97	1890,28
539,17	1816,55
539,38	1937,38
539,59	1974,24
539,79	1816,55
540,00	1892,32
540,20	1820,64
540,41	1849,32
540,62	1953,76
540,82	1877,99
541,03	1896,42
541,23	1851,36
541,44	1732,58
541,64	1904,61
541,85	1859,56
542,06	1904,61
542,26	1826,79
542,47	1871,84
542,67	1890,28
542,88	1937,38
543,08	1966,05
543,29	1910,75
543,50	1841,12
543,70	1968,10
543,91	1927,14
544,11	1841,12
544,32	1996,77
544,52	1933,28
544,73	1806,31
544,94	1902,56
545,14	1771,49
545,35	1816,55
545,55	1931,23
545,76	1775,59
545,96	1841,12
546,17	1853,41
546,37	1933,28
546,58	1892,32
546,78	1820,64
546,99	1865,70
547,20	1892,32
547,40	1826,79
547,61	1830,88
547,81	1830,88
548,02	1798,12
548,22	1773,54
548,43	1925,09
548,63	1853,41
548,84	1841,12
549,04	1875,94
549,25	1882,08
549,45	1861,60
549,66	1716,20
549,86	1861,60
550,07	1744,87
550,27	1763,30
550,48	1898,47
550,69	1892,32
550,89	1933,28
551,10	1794,02
551,30	1832,93
551,51	1798,12
551,71	1886,18
551,92	1816,55
552,12	1865,70
552,33	1796,07
552,53	1832,93
552,74	1748,97
552,94	1802,21
553,15	1804,26
553,35	1884,13
553,56	1853,41
553,76	1867,75
553,97	1796,07
554,17	1755,11
554,38	1871,84
554,58	1888,23
554,79	1818,60
554,99	1763,30
555,19	1873,89
555,40	1810,40
555,60	1920,99
555,81	1734,63
556,01	1834,98
556,22	1865,70
556,42	1794,02
556,63	1761,25
556,83	1886,18
557,04	1787,88
557,24	1886,18
557,45	1869,80
557,65	1738,73
557,86	1785,83
558,06	1888,23
558,27	1753,06
558,47	1820,64
558,67	1849,32
558,88	1845,22
559,08	1773,54
559,29	1851,36
559,49	1923,04
559,70	1769,44
559,90	1822,69
560,11	1849,32
560,31	1839,08
560,52	1818,60
560,72	1720,29
560,92	1832,93
561,13	1845,22
561,33	1884,13
561,54	1738,73
561,74	1822,69
561,95	1767,40
562,15	1851,36
562,35	1720,29
562,56	1822,69
562,76	1712,10
562,97	1794,02
563,17	1839,08
563,38	1837,03
563,58	1843,17
563,78	1851,36
563,99	1812,45
564,19	1644,52
564,40	1816,55
564,60	1810,40
564,80	1740,77
565,01	1773,54
565,21	1832,93
565,42	1884,13
565,62	1763,30
565,83	1822,69
566,03	1828,84
566,23	1853,41
566,44	1796,07
566,64	1800,16
566,85	1730,53
567,05	1755,11
567,25	1683,43
567,46	1843,17
567,66	1816,55
567,86	1890,28
568,07	1765,35
568,27	1816,55
568,48	1777,64
568,68	1841,12
568,88	1777,64
569,09	1861,60
569,29	1773,54
569,50	1796,07
569,70	1828,84
569,90	1830,88
570,11	1847,27
570,31	1757,16
570,51	1822,69
570,72	1816,55
570,92	1777,64
571,13	1867,75
571,33	1757,16
571,53	1843,17
571,74	1849,32
571,94	1748,97
572,14	1789,92
572,35	1744,87
572,55	1839,08
572,75	1810,40
572,96	1894,37
573,16	1822,69
573,36	1716,20
573,57	1837,03
573,77	1736,68
573,97	1783,78
574,18	1728,49
574,38	1796,07
574,59	1798,12
574,79	1816,55
574,99	1759,21
575,20	1775,59
575,40	1773,54
575,60	1884,13
575,81	1857,51
576,01	1761,25
576,21	1800,16
576,42	1871,84
576,62	1732,58
576,82	1695,72
577,02	1730,53
577,23	1818,60
577,43	1830,88
577,63	1775,59
577,84	1783,78
578,04	1785,83
578,24	1744,87
578,45	1716,20
578,65	1722,34
578,85	1814,50
579,06	1890,28
579,26	1744,87
579,46	1783,78
579,67	1861,60
579,87	1845,22
580,07	1824,74
580,27	1753,06
580,48	1886,18
580,68	1728,49
580,88	1820,64
581,09	1869,80
581,29	1779,68
581,49	1757,16
581,69	1814,50
581,90	1769,44
582,10	1761,25
582,30	1806,31
582,51	1775,59
582,71	1683,43
582,91	1775,59
583,11	1822,69
583,32	1765,35
583,52	1751,01
583,72	1716,20
583,93	1802,21
584,13	1761,25
584,33	1789,92
584,53	1845,22
584,74	1796,07
584,94	1710,05
585,14	1802,21
585,34	1853,41
585,55	1791,97
585,75	1765,35
585,95	1761,25
586,15	1761,25
586,36	1769,44
586,56	1773,54
586,76	1877,99
586,96	1703,91
587,17	1775,59
587,37	1765,35
587,57	1712,10
587,77	1701,86
587,98	1779,68
588,18	1769,44
588,38	1769,44
588,58	1767,40
588,79	1802,21
588,99	1722,34
589,19	1732,58
589,39	1798,12
589,60	1695,72
589,80	1826,79
590,00	1701,86
590,20	1714,15
590,40	1734,63
590,61	1687,53
590,81	1736,68
591,01	1693,67
591,21	1730,53
591,42	1777,64
591,62	1728,49
591,82	1646,57
592,02	1804,26
592,22	1802,21
592,43	1722,34
592,63	1851,36
592,83	1828,84
593,03	1802,21
593,23	1712,10
593,44	1808,36
593,64	1695,72
593,84	1808,36
594,04	1775,59
594,24	1681,38
594,45	1769,44
594,65	1677,29
594,85	1753,06
595,05	1710,05
595,25	1703,91
595,46	1777,64
595,66	1710,05
595,86	1759,21
596,06	1699,81
596,26	1726,44
596,46	1726,44
596,67	1798,12
596,87	1705,96
597,07	1742,82
597,27	1744,87
597,47	1771,49
597,67	1775,59
597,88	1765,35
598,08	1748,97
598,28	1781,73
598,48	1730,53
598,68	1734,63
598,88	1810,40
599,09	1882,08
599,29	1675,24
599,49	1722,34
599,69	1798,12
599,89	1734,63
600,09	1708,01
600,30	1773,54
600,50	1779,68
600,70	1826,79
600,90	1742,82
601,10	1746,92
601,30	1902,56
601,50	1753,06
601,71	1830,88
601,91	1857,51
602,11	1771,49
602,31	1785,83
602,51	1794,02
602,71	1759,21
602,91	1732,58
603,11	1785,83
603,32	1759,21
603,52	1712,10
603,72	1818,60
603,92	1728,49
604,12	1691,62
604,32	1740,77
604,52	1802,21
604,72	1875,94
604,93	1765,35
605,13	1779,68
605,33	1794,02
605,53	1781,73
605,73	1693,67
605,93	1863,65
606,13	1679,33
606,33	1742,82
606,53	1765,35
606,74	1710,05
606,94	1832,93
607,14	1787,88
607,34	1771,49
607,54	1685,48
607,74	1828,84
607,94	1712,10
608,14	1867,75
608,34	1800,16
608,54	1777,64
608,74	1759,21
608,95	1777,64
609,15	1880,04
609,35	1724,39
609,55	1785,83
609,75	1740,77
609,95	1822,69
610,15	1738,73
610,35	1814,50
610,55	1787,88
610,75	1687,53
610,95	1685,48
611,15	1779,68
611,35	1712,10
611,55	1812,45
611,76	1877,99
611,96	1812,45
612,16	1841,12
612,36	1886,18
612,56	1888,23
612,76	1851,36
612,96	1884,13
613,16	1845,22
613,36	1814,50
613,56	1816,55
613,76	1777,64
613,96	1851,36
614,16	1753,06
614,36	1738,73
614,56	1806,31
614,76	1867,75
614,96	1845,22
615,16	1691,62
615,36	1791,97
615,56	1798,12
615,76	1798,12
615,97	1832,93
616,17	1787,88
616,37	1865,70
616,57	1830,88
616,77	1839,08
616,97	1933,28
617,17	1791,97
617,37	1847,27
617,57	1875,94
617,77	1834,98
617,97	1818,60
618,17	1751,01
618,37	1822,69
618,57	1849,32
618,77	1837,03
618,97	1841,12
619,17	1779,68
619,37	1810,40
619,57	1839,08
619,77	1738,73
619,97	1916,90
620,17	1804,26
620,37	1802,21
620,57	1753,06
620,77	1826,79
620,97	1812,45
621,17	1748,97
621,37	1771,49
621,57	1818,60
621,77	1773,54
621,97	1877,99
622,17	1798,12
622,37	1802,21
622,57	1837,03
622,77	1837,03
622,97	1828,84
623,17	1832,93
623,37	1886,18
623,57	1869,80
623,77	1720,29
623,97	1773,54
624,16	1703,91
624,36	1746,92
624,56	1826,79
624,76	1812,45
624,96	1716,20
625,16	1816,55
625,36	1820,64
625,56	1755,11
625,76	1796,07
625,96	1798,12
626,16	1828,84
626,36	1763,30
626,56	1892,32
626,76	1826,79
626,96	1697,77
627,16	1820,64
627,36	1806,31
627,56	1904,61
627,76	1882,08
627,96	1779,68
628,16	1890,28
628,35	1843,17
628,55	1746,92
628,75	1918,95
628,95	1791,97
629,15	1884,13
629,35	1769,44
629,55	1820,64
629,75	1867,75
629,95	1759,21
630,15	1853,41
630,35	1849,32
630,55	1849,32
630,75	1861,60
630,95	1929,19
631,14	1796,07
631,34	1834,98
631,54	1839,08
631,74	1716,20
631,94	1781,73
632,14	1761,25
632,34	1794,02
632,54	1814,50
632,74	1804,26
632,94	1818,60
633,14	1867,75
633,33	1814,50
633,53	1863,65
633,73	1925,09
633,93	1847,27
634,13	1886,18
634,33	1763,30
634,53	1775,59
634,73	1763,30
634,93	1753,06
635,12	1755,11
635,32	1822,69
635,52	1781,73
635,72	1740,77
635,92	1822,69
636,12	1900,52
636,32	1839,08
636,52	1834,98
636,71	1802,21
636,91	1884,13
637,11	1771,49
637,31	1806,31
637,51	1812,45
637,71	1916,90
637,91	1781,73
638,11	1839,08
638,30	1722,34
638,50	1738,73
638,70	1875,94
638,90	1867,75
639,10	1765,35
639,30	1822,69
639,50	1769,44
639,69	1791,97
639,89	1781,73
640,09	1746,92
640,29	1800,16
640,49	1800,16
640,69	1796,07
640,88	1806,31
641,08	1769,44
641,28	1859,56
641,48	1845,22
641,68	1765,35
641,88	1867,75
642,07	1716,20
642,27	1845,22
642,47	1830,88
642,67	1855,46
642,87	1869,80
643,07	1816,55
643,26	1875,94
643,46	1837,03
643,66	1779,68
643,86	1875,94
644,06	1884,13
644,26	1834,98
644,45	1748,97
644,65	1724,39
644,85	1781,73
645,05	1826,79
645,25	1814,50
645,44	1861,60
645,64	1820,64
645,84	1769,44
646,04	1720,29
646,24	1806,31
646,43	1859,56
646,63	1845,22
646,83	1783,78
647,03	1871,84
647,23	1769,44
647,42	1787,88
647,62	1822,69
647,82	1822,69
648,02	1703,91
648,22	1822,69
648,41	1753,06
648,61	1796,07
648,81	1857,51
649,01	1832,93
649,20	1886,18
649,40	1796,07
649,60	1904,61
649,80	1853,41
650,00	1777,64
650,19	1736,68
650,39	1832,93
650,59	1839,08
650,79	1787,88
650,98	1808,36
651,18	1789,92
651,38	1880,04
651,58	1843,17
651,77	1800,16
651,97	1845,22
652,17	1730,53
652,37	1830,88
652,56	1726,44
652,76	1738,73
652,96	1804,26
653,16	1779,68
653,35	1771,49
653,55	1845,22
653,75	1746,92
653,95	1826,79
654,14	1791,97
654,34	1787,88
654,54	1728,49
654,74	1841,12
654,93	1763,30
655,13	1828,84
655,33	1720,29
655,52	1787,88
655,72	1767,40
655,92	1783,78
656,12	1826,79
656,31	1794,02
656,51	1742,82
656,71	1789,92
656,91	1779,68
657,10	1652,71
657,30	1771,49
657,50	1767,40
657,69	1769,44
657,89	1800,16
658,09	1898,47
658,29	1802,21
658,48	1802,21
658,68	1830,88
658,88	1830,88
659,07	1847,27
659,27	1740,77
659,47	1744,87
659,66	1849,32
659,86	1742,82
660,06	1802,21
660,26	1777,64
660,45	1773,54
660,65	1869,80
660,85	1810,40
661,04	1744,87
661,24	1857,51
661,44	1714,15
661,63	1736,68
661,83	1816,55
662,03	1843,17
662,22	1781,73
662,42	1824,74
662,62	1814,50
662,81	1746,92
663,01	1812,45
663,21	1820,64
663,40	1771,49
663,60	1873,89
663,80	1722,34
663,99	1849,32
664,19	1761,25
664,39	1734,63
664,58	1814,50
664,78	1720,29
664,98	1736,68
665,17	1660,90
665,37	1791,97
665,57	1873,89
665,76	1808,36
665,96	1712,10
666,16	1759,21
666,35	1728,49
666,55	1789,92
666,74	1867,75
666,94	1771,49
667,14	1761,25
667,33	1837,03
667,53	1796,07
667,73	1763,30
667,92	1822,69
668,12	1802,21
668,32	1865,70
668,51	1748,97
668,71	1708,01
668,90	1767,40
669,10	1695,72
669,30	1759,21
669,49	1781,73
669,69	1828,84
669,89	1730,53
670,08	1736,68
670,28	1961,95
670,47	1757,16
670,67	1832,93
670,87	1812,45
671,06	1857,51
671,26	1769,44
671,45	1697,77
671,65	1826,79
671,85	1761,25
672,04	1757,16
672,24	1757,16
672,43	1773,54
672,63	1798,12
672,83	1654,76
673,02	1800,16
673,22	1767,40
673,41	1820,64
673,61	1693,67
673,81	1712,10
674,00	1783,78
674,20	1740,77
674,39	1716,20
674,59	1683,43
674,78	1738,73
674,98	1808,36
675,18	1781,73
675,37	1722,34
675,57	1710,05
675,76	1779,68
675,96	1722,34
676,15	1718,25
676,35	1767,40
676,55	1769,44
676,74	1652,71
676,94	1755,11
677,13	1734,63
677,33	1798,12
677,52	1751,01
677,72	1671,14
677,91	1693,67
678,11	1671,14
678,31	1710,05
678,50	1687,53
678,70	1695,72
678,89	1822,69
679,09	1761,25
679,28	1697,77
679,48	1787,88
679,67	1775,59
679,87	1652,71
680,06	1882,08
680,26	1869,80
680,46	1691,62
680,65	1794,02
680,85	1738,73
681,04	1736,68
681,24	1757,16
681,43	1757,16
681,63	1777,64
681,82	1791,97
682,02	1720,29
682,21	1828,84
682,41	1785,83
682,60	1818,60
682,80	1820,64
682,99	1806,31
683,19	1828,84
683,38	1820,64
683,58	1763,30
683,77	1648,61
683,97	1787,88
684,16	1828,84
684,36	1640,42
684,55	1744,87
684,75	1769,44
684,94	1820,64
685,14	1738,73
685,33	1732,58
685,53	1716,20
685,72	1687,53
685,92	1781,73
686,11	1665,00
686,31	1695,72
686,50	1789,92
686,70	1773,54
686,89	1693,67
687,09	1697,77
687,28	1701,86
687,48	1685,48
687,67	1771,49
687,87	1689,57
688,06	1742,82
688,26	1728,49
688,45	1699,81
688,65	1787,88
688,84	1724,39
689,03	1708,01
689,23	1644,52
689,42	1742,82
689,62	1761,25
689,81	1744,87
690,01	1742,82
690,20	1626,09
690,40	1667,05
690,59	1798,12
690,79	1708,01
690,98	1683,43
691,17	1763,30
691,37	1859,56
691,56	1796,07
691,76	1820,64
691,95	1753,06
692,15	1728,49
692,34	1832,93
692,54	1630,18
692,73	1728,49
692,92	1724,39
693,12	1697,77
693,31	1687,53
693,51	1777,64
693,70	1736,68
693,90	1656,81
694,09	1777,64
694,28	1748,97
694,48	1783,78
694,67	1740,77
694,87	1830,88
695,06	1785,83
695,26	1728,49
695,45	1736,68
695,64	1671,14
695,84	1810,40
696,03	1703,91
696,23	1753,06
696,42	1761,25
696,61	1800,16
696,81	1787,88
697,00	1673,19
697,20	1701,86
697,39	1824,74
697,58	1748,97
697,78	1730,53
697,97	1701,86
698,17	1685,48
698,36	1759,21
698,55	1644,52
698,75	1775,59
698,94	1736,68
699,14	1746,92
699,33	1681,38
699,52	1722,34
699,72	1742,82
699,91	1720,29
700,10	1734,63
700,30	1703,91
700,49	1646,57
700,69	1769,44
700,88	1695,72
701,07	1699,81
701,27	1787,88
701,46	1925,09
701,65	1757,16
701,85	1783,78
702,04	1867,75
702,23	1695,72
702,43	1718,25
702,62	1720,29
702,82	1820,64
703,01	1855,46
703,20	1742,82
703,40	1777,64
703,59	1789,92
703,78	1830,88
703,98	1867,75
704,17	1761,25
704,36	1722,34
704,56	1929,19
704,75	1765,35
704,94	1804,26
705,14	1814,50
705,33	1826,79
705,52	1781,73
705,72	1753,06
705,91	1810,40
706,10	1722,34
706,30	1830,88
706,49	1859,56
706,68	1798,12
706,88	1791,97
707,07	1808,36
707,26	1761,25
707,46	1859,56
707,65	1884,13
707,84	1748,97
708,04	1773,54
708,23	1892,32
708,42	1742,82
708,62	1812,45
708,81	1738,73
709,00	1888,23
709,19	1841,12
709,39	1789,92
709,58	1722,34
709,77	1746,92
709,97	1777,64
710,16	1775,59
710,35	1861,60
710,55	1851,36
710,74	1918,95
710,93	1816,55
711,12	1798,12
711,32	1787,88
711,51	1906,66
711,70	1832,93
711,90	1865,70
712,09	1742,82
712,28	1789,92
712,47	1877,99
712,67	1877,99
712,86	1857,51
713,05	1816,55
713,24	1789,92
713,44	1843,17
713,63	1804,26
713,82	1730,53
714,02	1804,26
714,21	1933,28
714,40	1761,25
714,59	1820,64
714,79	1742,82
714,98	1845,22
715,17	1839,08
715,36	1771,49
715,56	1828,84
715,75	1800,16
715,94	1863,65
716,13	1851,36
716,33	1794,02
716,52	1806,31
716,71	1859,56
716,90	1794,02
717,10	1806,31
717,29	1812,45
717,48	1841,12
717,67	1832,93
717,87	1845,22
718,06	1808,36
718,25	1769,44
718,44	1822,69
718,63	1888,23
718,83	1773,54
719,02	1824,74
719,21	1816,55
719,40	1771,49
719,60	1777,64
719,79	1873,89
719,98	1812,45
720,17	1816,55
720,36	1839,08
720,56	1812,45
720,75	1734,63
720,94	1802,21
721,13	1839,08
721,33	1787,88
721,52	1826,79
721,71	1812,45
721,90	1869,80
722,09	1812,45
722,29	1853,41
722,48	1789,92
722,67	1806,31
722,86	2009,06
723,05	1742,82
723,24	1845,22
723,44	1869,80
723,63	1808,36
723,82	1830,88
724,01	1777,64
724,20	1886,18
724,40	1798,12
724,59	1810,40
724,78	1755,11
724,97	1783,78
725,16	1828,84
725,35	1867,75
725,55	1830,88
725,74	1800,16
725,93	1945,57
726,12	1910,75
726,31	1914,85
726,51	1949,67
726,70	1814,50
726,89	1880,04
727,08	1832,93
727,27	1857,51
727,46	1867,75
727,65	1818,60
727,85	1787,88
728,04	1806,31
728,23	1757,16
728,42	1925,09
728,61	1863,65
728,80	1920,99
729,00	1886,18
729,19	1869,80
729,38	1947,62
729,57	1830,88
729,76	1873,89
729,95	1867,75
730,14	1916,90
730,33	1816,55
730,53	1906,66
730,72	1843,17
730,91	1904,61
731,10	1910,75
731,29	1945,57
731,48	1853,41
731,67	1908,71
731,86	1941,47
732,06	1847,27
732,25	1843,17
732,44	1871,84
732,63	1791,97
732,82	1961,95
733,01	1920,99
733,20	1888,23
733,39	1820,64
733,59	1904,61
733,78	1859,56
733,97	1994,72
734,16	1970,15
734,35	1931,23
734,54	1951,71
734,73	1939,43
734,92	1859,56
735,11	1918,95
735,30	1894,37
735,49	2025,44
735,69	1990,63
735,88	1953,76
736,07	1920,99
736,26	1906,66
736,45	1996,77
736,64	1906,66
736,83	1959,91
737,02	1982,43
737,21	1925,09
737,40	1900,52
737,59	2027,49
737,78	1847,27
737,98	1849,32
738,17	1925,09
738,36	1992,67
738,55	1902,56
738,74	1896,42
738,93	1966,05
739,12	1859,56
739,31	1933,28
739,50	1925,09
739,69	1949,67
739,88	1880,04
740,07	2000,87
740,26	1947,62
740,45	2099,17
740,64	1943,52
740,83	1904,61
741,02	1877,99
741,22	1906,66
741,41	2031,58
741,60	2017,25
741,79	1992,67
741,98	1964,00
742,17	1894,37
742,36	1896,42
742,55	1877,99
742,74	2072,54
742,93	1906,66
743,12	2031,58
743,31	1880,04
743,50	1966,05
743,69	1976,29
743,88	1953,76
744,07	2017,25
744,26	2068,45
744,45	1923,04
744,64	1955,81
744,83	1982,43
745,02	1957,86
745,21	1877,99
745,40	1957,86
745,59	1986,53
745,78	1843,17
745,97	1968,10
746,16	2015,20
746,35	1966,05
746,54	1925,09
746,73	1937,38
746,92	1937,38
747,11	1953,76
747,30	2023,39
747,49	2056,16
747,68	1927,14
747,87	1953,76
748,06	1935,33
748,25	1984,48
748,44	1953,76
748,63	1976,29
748,82	2033,63
749,01	1957,86
749,20	2013,15
749,39	1945,57
749,58	1972,19
749,77	2052,06
749,96	1933,28
750,15	1972,19
750,34	1953,76
750,53	1976,29
750,72	1974,24
750,91	1937,38
751,10	2099,17
751,29	2017,25
751,48	1890,28
751,67	1929,19
751,86	2002,91
752,04	1998,82
752,23	2043,87
752,42	1970,15
752,61	2058,21
752,80	2021,35
752,99	1871,84
753,18	1906,66
753,37	1964,00
753,56	1931,23
753,75	1984,48
753,94	1986,53
754,13	2064,35
754,32	1855,46
754,51	1959,91
754,70	1992,67
754,89	1939,43
755,08	2000,87
755,27	1916,90
755,45	2076,64
755,64	1943,52
755,83	2021,35
756,02	1992,67
756,21	1861,60
756,40	1943,52
756,59	1941,47
756,78	1873,89
756,97	1910,75
757,16	1894,37
757,35	1972,19
757,54	1861,60
757,72	1925,09
757,91	1873,89
758,10	1935,33
758,29	1814,50
758,48	1910,75
758,67	1816,55
758,86	1869,80
759,05	1730,53
759,24	1791,97
759,43	1777,64
759,61	1671,14
759,80	1818,60
759,99	1867,75
760,18	1779,68
760,37	1837,03
760,56	1728,49
760,75	1755,11
760,94	1804,26
761,13	1794,02
761,31	1810,40
761,50	1765,35
761,69	1755,11
761,88	1710,05
762,07	1777,64
762,26	1746,92
762,45	1773,54
762,64	1751,01
762,82	1681,38
763,01	1718,25
763,20	1812,45
763,39	1748,97
763,58	1736,68
763,77	1695,72
763,96	1722,34
764,14	1689,57
764,33	1724,39
764,52	1705,96
764,71	1800,16
764,90	1767,40
765,09	1740,77
765,27	1757,16
765,46	1744,87
765,65	1828,84
765,84	1779,68
766,03	1802,21
766,22	1787,88
766,41	1701,86
766,59	1804,26
766,78	1787,88
766,97	1867,75
767,16	1890,28
767,35	1763,30
767,54	1982,43
767,72	1976,29
767,91	1843,17
768,10	1843,17
768,29	1894,37
768,48	1951,71
768,66	1863,65
768,85	1918,95
769,04	1839,08
769,23	1894,37
769,42	1880,04
769,61	1890,28
769,79	1957,86
769,98	1908,71
770,17	1892,32
770,36	1871,84
770,55	1808,36
770,73	1822,69
770,92	1923,04
771,11	1939,43
771,30	1918,95
771,49	1970,15
771,67	1986,53
771,86	1947,62
772,05	1935,33
772,24	1947,62
772,42	1851,36
772,61	1900,52
772,80	1900,52
772,99	1902,56
773,18	1869,80
773,36	1857,51
773,55	1908,71
773,74	1798,12
773,93	1964,00
774,11	1841,12
774,30	1959,91
774,49	1957,86
774,68	1914,85
774,87	1884,13
775,05	1880,04
775,24	1884,13
775,43	1959,91
775,62	1912,80
775,80	1912,80
775,99	1933,28
776,18	1966,05
776,37	1939,43
776,55	1943,52
776,74	1908,71
776,93	1941,47
777,12	1931,23
777,30	1900,52
777,49	2002,91
777,68	1912,80
777,87	1880,04
778,05	1894,37
778,24	1892,32
778,43	1894,37
778,62	1865,70
778,80	1914,85
778,99	1992,67
779,18	1916,90
779,36	1912,80
779,55	1875,94
779,74	1923,04
779,93	1935,33
780,11	1904,61
780,30	1820,64
780,49	1832,93
780,68	1861,60
780,86	1970,15
781,05	1908,71
781,24	1955,81
781,42	1953,76
781,61	1877,99
781,80	1861,60
781,98	2007,01
782,17	1925,09
782,36	1955,81
782,55	1775,59
782,73	1923,04
782,92	1904,61
783,11	1802,21
783,29	1974,24
783,48	1841,12
783,67	1888,23
783,85	1863,65
784,04	2007,01
784,23	1900,52
784,42	1882,08
784,60	1861,60
784,79	2002,91
784,98	1839,08
785,16	1861,60
785,35	1820,64
785,54	1865,70
785,72	1925,09
785,91	1806,31
786,10	1834,98
786,28	1908,71
786,47	1918,95
786,66	1867,75
786,84	1935,33
787,03	1888,23
787,22	1855,46
787,40	1855,46
787,59	1957,86
787,78	1806,31
787,96	1877,99
788,15	1832,93
788,34	1865,70
788,52	1927,14
788,71	1941,47
788,89	1869,80
789,08	1902,56
789,27	1900,52
789,45	1871,84
789,64	1880,04
789,83	1867,75
790,01	1906,66
790,20	1820,64
790,39	1923,04
790,57	1863,65
790,76	1880,04
790,95	1837,03
791,13	1908,71
791,32	1775,59
791,50	1773,54
791,69	1902,56
791,88	1894,37
792,06	1882,08
792,25	1867,75
792,43	1890,28
792,62	1902,56
792,81	1834,98
792,99	1863,65
793,18	1898,47
793,37	1843,17
793,55	1779,68
793,74	1873,89
793,92	1947,62
794,11	1888,23
794,30	1794,02
794,48	1777,64
794,67	1855,46
794,85	1845,22
795,04	1814,50
795,23	1863,65
795,41	1812,45
795,60	1908,71
795,78	1867,75
795,97	1961,95
796,15	1896,42
796,34	1908,71
796,53	1802,21
796,71	1861,60
796,90	1810,40
797,08	1802,21
797,27	1877,99
797,46	1837,03
797,64	1748,97
797,83	1875,94
798,01	1841,12
798,20	1900,52
798,38	1828,84
798,57	1757,16
798,76	1849,32
798,94	1773,54
799,13	1843,17
799,31	1847,27
799,50	1843,17
799,68	1857,51
799,87	1818,60
800,05	1890,28
800,24	1777,64
800,43	1849,32
800,61	1892,32
800,80	1970,15
800,98	1742,82
801,17	1863,65
801,35	1802,21
801,54	1888,23
801,72	1824,74
801,91	1931,23
802,09	1789,92
802,28	1798,12
802,46	1857,51
802,65	1855,46
802,84	1935,33
803,02	1826,79
803,21	1839,08
803,39	1863,65
803,58	1800,16
803,76	1871,84
803,95	1886,18
804,13	1837,03
804,32	1902,56
804,50	1966,05
804,69	1822,69
804,87	1859,56
805,06	1933,28
805,24	1953,76
805,43	1834,98
805,61	1875,94
805,80	1857,51
805,98	1832,93
806,17	1824,74
806,35	1777,64
806,54	1837,03
806,72	1804,26
806,91	1822,69
807,09	1855,46
807,28	1789,92
807,46	1851,36
807,65	1880,04
807,83	1794,02
808,02	1769,44
808,20	1855,46
808,39	1855,46
808,57	1796,07
808,76	1888,23
808,94	1855,46
809,13	1759,21
809,31	1767,40
809,49	1896,42
809,68	1775,59
809,86	1798,12
810,05	1800,16
810,23	1875,94
810,42	1951,71
810,60	1824,74
810,79	1763,30
810,97	1730,53
811,16	1742,82
811,34	1769,44
811,53	1853,41
811,71	1703,91
811,89	1886,18
812,08	1757,16
812,26	1830,88
812,45	1824,74
812,63	1818,60
812,82	1796,07
813,00	1773,54
813,19	1849,32
813,37	1791,97
813,55	1761,25
813,74	1718,25
813,92	1871,84
814,11	1748,97
814,29	1765,35
814,48	1785,83
814,66	1796,07
814,84	1851,36
815,03	1740,77
815,21	1828,84
815,40	1779,68
815,58	1724,39
815,77	1681,38
815,95	1742,82
816,13	1708,01
816,32	1871,84
816,50	1843,17
816,69	1732,58
816,87	1685,48
817,05	1769,44
817,24	1851,36
817,42	1724,39
817,61	1701,86
817,79	1763,30
817,97	1769,44
818,16	1703,91
818,34	1882,08
818,53	1769,44
818,71	1783,78
818,89	1720,29
819,08	1757,16
819,26	1812,45
819,45	1732,58
819,63	1771,49
819,81	1718,25
820,00	1810,40
820,18	1679,33
820,36	1779,68
820,55	1814,50
820,73	1712,10
820,92	1708,01
821,10	1769,44
821,28	1718,25
821,47	1785,83
821,65	1861,60
821,83	1927,14
822,02	1722,34
822,20	1773,54
822,39	1748,97
822,57	1685,48
822,75	1738,73
822,94	1689,57
823,12	1726,44
823,30	1615,85
823,49	1869,80
823,67	1767,40
823,85	1759,21
824,04	1699,81
824,22	1728,49
824,40	1748,97
824,59	1812,45
824,77	1783,78
824,95	1724,39
825,14	1761,25
825,32	1781,73
825,50	1759,21
825,69	1767,40
825,87	1820,64
826,05	1791,97
826,24	1767,40
826,42	1806,31
826,60	1826,79
826,79	1734,63
826,97	1665,00
827,15	1730,53
827,34	1740,77
827,52	1689,57
827,70	1769,44
827,89	1757,16
828,07	1757,16
828,25	1720,29
828,44	1781,73
828,62	1714,15
828,80	1771,49
828,98	1755,11
829,17	1665,00
829,35	1732,58
829,53	1617,90
829,72	1703,91
829,90	1619,94
830,08	1726,44
830,27	1740,77
830,45	1826,79
830,63	1742,82
830,81	1710,05
831,00	1730,53
831,18	1705,96
831,36	1781,73
831,55	1691,62
831,73	1693,67
831,91	1646,57
832,09	1765,35
832,28	1828,84
832,46	1648,61
832,64	1742,82
832,82	1753,06
833,01	1742,82
833,19	1728,49
833,37	1683,43
833,55	1757,16
833,74	1802,21
833,92	1679,33
834,10	1701,86
834,29	1751,01
834,47	1644,52
834,65	1708,01
834,83	1677,29
835,02	1624,04
835,20	1726,44
835,38	1708,01
835,56	1755,11
835,75	1832,93
835,93	1732,58
836,11	1724,39
836,29	1615,85
836,47	1703,91
836,66	1673,19
836,84	1726,44
837,02	1683,43
837,20	1681,38
837,39	1734,63
837,57	1701,86
837,75	1699,81
837,93	1802,21
838,12	1630,18
838,30	1673,19
838,48	1742,82
838,66	1714,15
838,84	1658,85
839,03	1712,10
839,21	1652,71
839,39	1669,09
839,57	1683,43
839,75	1755,11
839,94	1720,29
840,12	1703,91
840,30	1732,58
840,48	1695,72
840,66	1777,64
840,85	1695,72
841,03	1662,95
841,21	1736,68
841,39	1746,92
841,57	1705,96
841,76	1701,86
841,94	1712,10
842,12	1617,90
842,30	1687,53
842,48	1843,17
842,67	1763,30
842,85	1589,22
843,03	1763,30
843,21	1652,71
843,39	1777,64
843,57	1726,44
843,76	1691,62
843,94	1617,90
844,12	1714,15
844,30	1560,55
844,48	1656,81
844,66	1656,81
844,85	1650,66
845,03	1695,72
845,21	1673,19
845,39	1718,25
845,57	1703,91
845,75	1683,43
845,94	1757,16
846,12	1693,67
846,30	1695,72
846,48	1624,04
846,66	1724,39
846,84	1716,20
847,02	1695,72
847,21	1650,66
847,39	1589,22
847,57	1785,83
847,75	1691,62
847,93	1626,09
848,11	1605,61
848,29	1675,24
848,48	1630,18
848,66	1695,72
848,84	1763,30
849,02	1626,09
849,20	1634,28
849,38	1740,77
849,56	1730,53
849,74	1714,15
849,93	1679,33
850,11	1722,34
850,29	1681,38
850,47	1646,57
850,65	1660,90
850,83	1660,90
851,01	1652,71
851,19	1601,51
851,37	1650,66
851,56	1599,46
851,74	1665,00
851,92	1621,99
852,10	1640,42
852,28	1675,24
852,46	1660,90
852,64	1636,33
852,82	1689,57
853,00	1722,34
853,18	1730,53
853,37	1718,25
853,55	1634,28
853,73	1658,85
853,91	1714,15
854,09	1599,46
854,27	1667,05
854,45	1703,91
854,63	1601,51
854,81	1634,28
854,99	1662,95
855,17	1630,18
855,35	1593,32
855,53	1617,90
855,72	1648,61
855,90	1640,42
856,08	1697,77
856,26	1601,51
856,44	1665,00
856,62	1609,70
856,80	1570,79
856,98	1613,80
857,16	1615,85
857,34	1679,33
857,52	1708,01
857,70	1695,72
857,88	1597,42
858,06	1685,48
858,24	1677,29
858,42	1609,70
858,60	1679,33
858,78	1619,94
858,96	1619,94
859,15	1630,18
859,33	1568,74
859,51	1699,81
859,69	1751,01
859,87	1650,66
860,05	1605,61
860,23	1683,43
860,41	1648,61
860,59	1748,97
860,77	1583,08
860,95	1644,52
861,13	1589,22
861,31	1574,89
861,49	1572,84
861,67	1665,00
861,85	1603,56
862,03	1701,86
862,21	1632,23
862,39	1679,33
862,57	1667,05
862,75	1632,23
862,93	1652,71
863,11	1685,48
863,29	1454,06
863,47	1634,28
863,65	1617,90
863,83	1591,27
864,01	1615,85
864,19	1638,38
864,37	1658,85
864,55	1619,94
864,73	1578,98
864,91	1638,38
865,09	1761,25
865,27	1658,85
865,45	1581,03
865,63	1658,85
865,81	1560,55
865,99	1578,98
866,17	1615,85
866,35	1677,29
866,53	1595,37
866,71	1572,84
866,89	1576,94
867,07	1675,24
867,24	1564,65
867,42	1564,65
867,60	1695,72
867,78	1597,42
867,96	1595,37
868,14	1619,94
868,32	1736,68
868,50	1628,14
868,68	1630,18
868,86	1613,80
869,04	1669,09
869,22	1566,70
869,40	1505,26
869,58	1560,55
869,76	1548,26
869,94	1572,84
870,12	1529,83
870,30	1566,70
870,48	1671,14
870,66	1564,65
870,83	1533,93
871,01	1581,03
871,19	1540,07
871,37	1583,08
871,55	1480,68
871,73	1607,66
871,91	1568,74
872,09	1648,61
872,27	1552,36
872,45	1546,22
872,63	1576,94
872,81	1558,50
872,98	1662,95
873,16	1697,77
873,34	1685,48
873,52	1630,18
873,70	1669,09
873,88	1605,61
874,06	1589,22
874,24	1546,22
874,42	1552,36
874,60	1615,85
874,78	1501,16
874,95	1624,04
875,13	1572,84
875,31	1581,03
875,49	1638,38
875,67	1546,22
875,85	1589,22
876,03	1540,07
876,21	1615,85
876,39	1548,26
876,56	1621,99
876,74	1548,26
876,92	1554,41
877,10	1642,47
877,28	1542,12
877,46	1574,89
877,64	1566,70
877,82	1566,70
877,99	1544,17
878,17	1624,04
878,35	1566,70
878,53	1671,14
878,71	1621,99
878,89	1619,94
879,07	1550,31
879,24	1581,03
879,42	1619,94
879,60	1544,17
879,78	1658,85
879,96	1628,14
880,14	1699,81
880,32	1597,42
880,49	1591,27
880,67	1619,94
880,85	1566,70
881,03	1597,42
881,21	1501,16
881,39	1562,60
881,56	1560,55
881,74	1621,99
881,92	1599,46
882,10	1552,36
882,28	1587,18
882,46	1593,32
882,63	1550,31
882,81	1519,59
882,99	1572,84
883,17	1566,70
883,35	1656,81
883,52	1609,70
883,70	1607,66
883,88	1533,93
884,06	1589,22
884,24	1589,22
884,42	1613,80
884,59	1593,32
884,77	1597,42
884,95	1630,18
885,13	1574,89
885,31	1642,47
885,48	1570,79
885,66	1576,94
885,84	1603,56
886,02	1568,74
886,20	1669,09
886,37	1677,29
886,55	1634,28
886,73	1552,36
886,91	1626,09
887,08	1589,22
887,26	1581,03
887,44	1585,13
887,62	1560,55
887,80	1583,08
887,97	1628,14
888,15	1619,94
888,33	1599,46
888,51	1611,75
888,68	1609,70
888,86	1583,08
889,04	1503,21
889,22	1626,09
889,40	1613,80
889,57	1597,42
889,75	1642,47
889,93	1617,90
890,11	1609,70
890,28	1615,85
890,46	1572,84
890,64	1531,88
890,82	1628,14
890,99	1605,61
891,17	1578,98
891,35	1611,75
891,53	1626,09
891,70	1497,07
891,88	1525,74
892,06	1564,65
892,24	1511,40
892,41	1552,36
892,59	1527,78
892,77	1603,56
892,94	1538,02
893,12	1523,69
893,30	1484,78
893,48	1628,14
893,65	1564,65
893,83	1599,46
894,01	1581,03
894,19	1562,60
894,36	1652,71
894,54	1484,78
894,72	1568,74
894,89	1548,26
895,07	1523,69
895,25	1538,02
895,43	1525,74
895,60	1570,79
895,78	1634,28
895,96	1527,78
896,13	1609,70
896,31	1646,57
896,49	1501,16
896,66	1556,46
896,84	1603,56
897,02	1564,65
897,20	1511,40
897,37	1658,85
897,55	1462,25
897,73	1607,66
897,90	1585,13
898,08	1544,17
898,26	1517,54
898,43	1531,88
898,61	1583,08
898,79	1581,03
898,96	1544,17
899,14	1509,35
899,32	1538,02
899,49	1497,07
899,67	1587,18
899,85	1624,04
900,02	1576,94
900,20	1468,39
900,38	1564,65
900,55	1712,10
900,73	1609,70
900,91	1527,78
901,08	1617,90
901,26	1480,68
901,44	1560,55
901,61	1503,21
901,79	1519,59
901,97	1624,04
902,14	1523,69
902,32	1585,13
902,50	1568,74
902,67	1535,98
902,85	1556,46
903,02	1521,64
903,20	1527,78
903,38	1509,35
903,55	1499,11
903,73	1562,60
903,91	1542,12
904,08	1589,22
904,26	1492,97
904,44	1626,09
904,61	1482,73
904,79	1548,26
904,96	1433,58
905,14	1554,41
905,32	1560,55
905,49	1519,59
905,67	1521,64
905,84	1572,84
906,02	1570,79
906,20	1570,79
906,37	1648,61
906,55	1490,92
906,73	1529,83
906,90	1538,02
907,08	1550,31
907,25	1525,74
907,43	1552,36
907,61	1460,20
907,78	1490,92
907,96	1484,78
908,13	1574,89
908,31	1595,37
908,48	1501,16
908,66	1531,88
908,84	1515,50
909,01	1597,42
909,19	1574,89
909,36	1468,39
909,54	1538,02
909,72	1533,93
909,89	1417,19
910,07	1535,98
910,24	1591,27
910,42	1650,66
910,59	1527,78
910,77	1445,87
910,95	1466,35
911,12	1470,44
911,30	1546,22
911,47	1488,87
911,65	1482,73
911,82	1525,74
912,00	1458,15
912,17	1490,92
912,35	1511,40
912,53	1499,11
912,70	1566,70
912,88	1521,64
913,05	1482,73
913,23	1525,74
913,40	1527,78
913,58	1497,07
913,75	1503,21
913,93	1419,24
914,10	1492,97
914,28	1505,26
914,46	1486,83
914,63	1472,49
914,81	1544,17
914,98	1417,19
915,16	1554,41
915,33	1458,15
915,51	1501,16
915,68	1595,37
915,86	1460,20
916,03	1497,07
916,21	1495,02
916,38	1542,12
916,56	1435,63
916,73	1570,79
916,91	1519,59
917,08	1511,40
917,26	1578,98
917,43	1562,60
917,61	1546,22
917,78	1607,66
917,96	1517,54
918,13	1538,02
918,31	1511,40
918,48	1511,40
918,66	1458,15
918,83	1548,26
919,01	1527,78
919,18	1501,16
919,36	1404,91
919,53	1523,69
919,71	1662,95
919,88	1556,46
920,06	1554,41
920,23	1441,77
920,41	1501,16
920,58	1478,63
920,76	1495,02
920,93	1601,51
921,11	1488,87
921,28	1452,01
921,45	1546,22
921,63	1527,78
921,80	1484,78
921,98	1495,02
922,15	1462,25
922,33	1460,20
922,50	1593,32
922,68	1490,92
922,85	1517,54
923,03	1513,45
923,20	1480,68
923,38	1501,16
923,55	1605,61
923,72	1513,45
923,90	1658,85
924,07	1480,68
924,25	1497,07
924,42	1673,19
924,60	1486,83
924,77	1515,50
924,95	1593,32
925,12	1515,50
925,29	1578,98
925,47	1533,93
925,64	1443,82
925,82	1529,83
925,99	1466,35
926,17	1460,20
926,34	1464,30
926,51	1490,92
926,69	1523,69
926,86	1570,79
927,04	1517,54
927,21	1505,26
927,38	1445,87
927,56	1462,25
927,73	1478,63
927,91	1507,30
928,08	1636,33
928,25	1527,78
928,43	1511,40
928,60	1417,19
928,78	1470,44
928,95	1503,21
929,12	1460,20
929,30	1513,45
929,47	1507,30
929,65	1394,67
929,82	1482,73
929,99	1484,78
930,17	1400,81
930,34	1497,07
930,52	1419,24
930,69	1554,41
930,86	1468,39
931,04	1378,28
931,21	1417,19
931,38	1480,68
931,56	1538,02
931,73	1560,55
931,91	1509,35
932,08	1392,62
932,25	1482,73
932,43	1452,01
932,60	1409,00
932,77	1382,38
932,95	1447,91
933,12	1499,11
933,29	1392,62
933,47	1503,21
933,64	1452,01
933,82	1437,67
933,99	1449,96
934,16	1417,19
934,34	1470,44
934,51	1415,15
934,68	1523,69
934,86	1472,49
935,03	1433,58
935,20	1468,39
935,38	1423,34
935,55	1425,39
935,72	1433,58
935,90	1497,07
936,07	1431,53
936,24	1392,62
936,42	1482,73
936,59	1452,01
936,76	1452,01
936,94	1413,10
937,11	1509,35
937,28	1427,43
937,46	1447,91
937,63	1538,02
937,80	1474,54
937,97	1507,30
938,15	1449,96
938,32	1423,34
938,49	1435,63
938,67	1474,54
938,84	1570,79
939,01	1464,30
939,19	1413,10
939,36	1452,01
939,53	1486,83
939,70	1507,30
939,88	1343,47
940,05	1533,93
940,22	1427,43
940,40	1501,16
940,57	1437,67
940,74	1402,86
940,92	1382,38
941,09	1445,87
941,26	1376,24
941,43	1495,02
941,61	1423,34
941,78	1458,15
941,95	1515,50
942,12	1411,05
942,30	1413,10
942,47	1480,68
942,64	1441,77
942,82	1497,07
942,99	1499,11
943,16	1372,14
943,33	1468,39
943,51	1368,04
943,68	1415,15
943,85	1363,95
944,02	1470,44
944,20	1484,78
944,37	1435,63
944,54	1419,24
944,71	1392,62
944,89	1472,49
945,06	1411,05
945,23	1411,05
945,40	1480,68
945,58	1390,57
945,75	1452,01
945,92	1454,06
946,09	1415,15
946,27	1503,21
946,44	1333,23
946,61	1476,59
946,78	1443,82
946,95	1431,53
947,13	1409,00
947,30	1484,78
947,47	1370,09
947,64	1415,15
947,82	1433,58
947,99	1447,91
948,16	1454,06
948,33	1386,47
948,50	1392,62
948,68	1423,34
948,85	1421,29
949,02	1425,39
949,19	1433,58
949,36	1411,05
949,54	1421,29
949,71	1515,50
949,88	1335,28
950,05	1497,07
950,22	1361,90
950,40	1466,35
950,57	1406,95
950,74	1511,40
950,91	1394,67
951,08	1374,19
951,26	1392,62
951,43	1439,72
951,60	1425,39
951,77	1472,49
951,94	1425,39
952,11	1478,63
952,29	1476,59
952,46	1421,29
952,63	1445,87
952,80	1464,30
952,97	1433,58
953,15	1488,87
953,32	1396,71
953,49	1396,71
953,66	1400,81
953,83	1402,86
954,00	1376,24
954,17	1390,57
954,35	1460,20
954,52	1366,00
954,69	1421,29
954,86	1488,87
955,03	1458,15
955,20	1439,72
955,38	1388,52
955,55	1421,29
955,72	1472,49
955,89	1372,14
956,06	1366,00
956,23	1394,67
956,40	1419,24
956,58	1337,32
956,75	1411,05
956,92	1452,01
957,09	1419,24
957,26	1394,67
957,43	1429,48
957,60	1470,44
957,77	1476,59
957,95	1404,91
958,12	1409,00
958,29	1488,87
958,46	1458,15
958,63	1421,29
958,80	1484,78
958,97	1443,82
959,14	1398,76
959,31	1392,62
959,49	1470,44
959,66	1443,82
959,83	1361,90
960,00	1345,52
960,17	1421,29
960,34	1413,10
960,51	1335,28
960,68	1544,17
960,85	1443,82
961,02	1497,07
961,20	1538,02
961,37	1458,15
961,54	1462,25
961,71	1466,35
961,88	1466,35
962,05	1372,14
962,22	1484,78
962,39	1458,15
962,56	1452,01
962,73	1429,48
962,90	1378,28
963,07	1466,35
963,24	1449,96
963,42	1394,67
963,59	1386,47
963,76	1431,53
963,93	1538,02
964,10	1374,19
964,27	1423,34
964,44	1441,77
964,61	1497,07
964,78	1376,24
964,95	1386,47
965,12	1458,15
965,29	1468,39
965,46	1415,15
965,63	1519,59
965,80	1388,52
965,97	1441,77
966,14	1396,71
966,31	1392,62
966,48	1437,67
966,66	1445,87
966,83	1435,63
967,00	1409,00
967,17	1480,68
967,34	1447,91
967,51	1505,26
967,68	1449,96
967,85	1318,89
968,02	1515,50
968,19	1415,15
968,36	1482,73
968,53	1370,09
968,70	1443,82
968,87	1472,49
969,04	1441,77
969,21	1386,47
969,38	1542,12
969,55	1341,42
969,72	1417,19
969,89	1462,25
970,06	1439,72
970,23	1419,24
970,40	1472,49
970,57	1421,29
970,74	1441,77
970,91	1515,50
971,08	1452,01
971,25	1452,01
971,42	1488,87
971,59	1433,58
971,76	1392,62
971,93	1447,91
972,10	1417,19
972,27	1349,61
972,44	1419,24
972,61	1441,77
972,78	1411,05
972,95	1474,54
973,12	1554,41
973,29	1431,53
973,46	1429,48
973,63	1472,49
973,80	1456,11
973,97	1349,61
974,14	1525,74
974,30	1495,02
974,47	1548,26
974,64	1454,06
974,81	1421,29
974,98	1468,39
975,15	1439,72
975,32	1484,78
975,49	1433,58
975,66	1415,15
975,83	1509,35
976,00	1482,73
976,17	1411,05
976,34	1384,43
976,51	1443,82
976,68	1406,95
976,85	1400,81
977,02	1392,62
977,19	1472,49
977,36	1419,24
977,52	1454,06
977,69	1437,67
977,86	1462,25
978,03	1449,96
978,20	1466,35
978,37	1454,06
978,54	1503,21
978,71	1507,30
978,88	1486,83
979,05	1474,54
979,22	1413,10
979,39	1460,20
979,56	1482,73
979,72	1396,71
979,89	1482,73
980,06	1480,68
980,23	1470,44
980,40	1447,91
980,57	1480,68
980,74	1437,67
980,91	1439,72
981,08	1501,16
981,25	1415,15
981,41	1443,82
981,58	1468,39
981,75	1310,70
981,92	1433,58
982,09	1439,72
982,26	1376,24
982,43	1368,04
982,60	1515,50
982,77	1357,80
982,93	1478,63
983,10	1394,67
983,27	1507,30
983,44	1361,90
983,61	1482,73
983,78	1466,35
983,95	1343,47
984,11	1468,39
984,28	1480,68
984,45	1447,91
984,62	1474,54
984,79	1406,95
984,96	1478,63
985,13	1400,81
985,30	1558,50
985,46	1400,81
985,63	1415,15
985,80	1484,78
985,97	1355,76
986,14	1482,73
986,31	1439,72
986,47	1429,48
986,64	1402,86
986,81	1460,20
986,98	1443,82
987,15	1419,24
987,32	1480,68
987,48	1382,38
987,65	1341,42
987,82	1398,76
987,99	1523,69
988,16	1802,21
988,33	1492,97
988,49	1413,10
988,66	1445,87
988,83	1419,24
989,00	1542,12
989,17	1427,43
989,34	1452,01
989,50	1413,10
989,67	1378,28
989,84	1372,14
990,01	1382,38
990,18	1415,15
990,34	1431,53
990,51	1404,91
990,68	1388,52
990,85	1595,37
991,02	1462,25
991,18	1470,44
991,35	1353,71
991,52	1454,06
991,69	1368,04
991,86	1470,44
992,02	1378,28
992,19	1343,47
992,36	1439,72
992,53	1429,48
992,69	1402,86
992,86	1425,39
993,03	1499,11
993,20	1390,57
993,37	1431,53
993,53	1525,74
993,70	1423,34
993,87	1361,90
994,04	1482,73
994,20	1376,24
994,37	1411,05
994,54	1415,15
994,71	1390,57
994,87	1449,96
995,04	1488,87
995,21	1411,05
995,38	1337,32
995,55	1378,28
995,71	1404,91
995,88	1423,34
996,05	1460,20
996,22	1423,34
996,38	1484,78
996,55	1400,81
996,72	1351,66
996,88	1605,61
997,05	2166,75
997,22	1394,67
997,39	1378,28
997,55	1501,16
997,72	1433,58
997,89	1359,85
998,06	1433,58
998,22	1474,54
998,39	1390,57
998,56	1335,28
998,73	1327,08
998,89	1368,04
999,06	1306,60
999,23	1435,63
999,39	1478,63
999,56	1419,24
999,73	1419,24
999,90	1382,38
1000,06	1462,25
1000,23	1433,58
1000,40	1417,19
1000,56	1464,30
1000,73	1376,24
1000,90	1427,43
1001,06	1415,15
1001,23	1384,43
1001,40	1411,05
1001,57	1374,19
1001,73	1343,47
1001,90	1419,24
1002,07	1390,57
1002,23	1488,87
1002,40	1413,10
1002,57	1388,52
1002,73	1468,39
1002,90	1413,10
1003,07	1441,77
1003,23	1419,24
1003,40	1421,29
1003,57	1357,80
1003,73	1472,49
1003,90	1394,67
1004,07	1386,47
1004,23	1355,76
1004,40	1421,29
1004,57	1458,15
1004,73	1327,08
1004,90	1374,19
1005,07	1394,67
1005,23	1386,47
1005,40	1335,28
1005,57	1437,67
1005,73	1478,63
1005,90	1376,24
1006,07	1480,68
1006,23	1368,04
1006,40	1406,95
1006,57	1359,85
1006,73	1433,58
1006,90	1409,00
1007,06	1415,15
1007,23	1357,80
1007,40	1390,57
1007,56	1456,11
1007,73	1509,35
1007,90	1386,47
1008,06	1398,76
1008,23	1368,04
1008,40	1454,06
1008,56	1394,67
1008,73	1396,71
1008,89	1411,05
1009,06	1595,37
1009,23	1343,47
1009,39	1431,53
1009,56	1437,67
1009,72	1400,81
1009,89	1355,76
1010,06	1400,81
1010,22	1363,95
1010,39	1394,67
1010,55	1396,71
1010,72	1374,19
1010,89	1349,61
1011,05	1417,19
1011,22	1400,81
1011,38	1441,77
1011,55	1353,71
1011,72	1429,48
1011,88	1423,34
1012,05	1411,05
1012,21	1413,10
1012,38	1411,05
1012,55	1472,49
1012,71	1337,32
1012,88	1419,24
1013,04	1433,58
1013,21	1437,67
1013,37	1458,15
1013,54	1400,81
1013,71	1378,28
1013,87	1447,91
1014,04	1482,73
1014,20	1443,82
1014,37	1374,19
1014,53	1388,52
1014,70	1419,24
1014,87	1320,94
1015,03	1419,24
1015,20	1411,05
1015,36	1490,92
1015,53	1343,47
1015,69	1433,58
1015,86	1437,67
1016,02	1404,91
1016,19	1515,50
1016,36	1386,47
1016,52	1419,24
1016,69	1392,62
1016,85	1376,24
1017,02	1507,30
1017,18	1458,15
1017,35	1429,48
1017,51	1402,86
1017,68	1454,06
1017,84	1413,10
1018,01	1396,71
1018,17	1411,05
1018,34	1497,07
1018,50	1404,91
1018,67	1468,39
1018,84	1488,87
1019,00	1372,14
1019,17	1449,96
1019,33	1415,15
1019,50	1439,72
1019,66	1486,83
1019,83	1351,66
1019,99	1495,02
1020,16	1456,11
1020,32	1390,57
1020,49	1482,73
1020,65	1359,85
1020,82	1386,47
1020,98	1458,15
1021,15	1431,53
1021,31	1445,87
1021,48	1484,78
1021,64	1441,77
1021,81	1476,59
1021,97	1398,76
1022,14	1417,19
1022,30	1404,91
1022,47	1366,00
1022,63	1343,47
1022,79	1482,73
1022,96	1452,01
1023,12	1421,29
1023,29	1400,81
1023,45	1466,35
1023,62	1443,82
1023,78	1396,71
1023,95	1372,14
1024,11	1394,67
1024,28	1411,05
1024,44	1413,10
1024,61	1398,76
1024,77	1384,43
1024,94	1386,47
1025,10	1402,86
1025,26	1341,42
1025,43	1427,43
1025,59	1411,05
1025,76	1419,24
1025,92	1476,59
1026,09	1300,46
1026,25	1505,26
1026,42	1394,67
1026,58	1376,24
1026,74	1468,39
1026,91	1480,68
1027,07	1409,00
1027,24	1443,82
1027,40	1404,91
1027,57	1462,25
1027,73	1374,19
1027,90	1470,44
1028,06	1353,71
1028,22	1392,62
1028,39	1437,67
1028,55	1394,67
1028,72	1501,16
1028,88	1566,70
1029,04	1376,24
1029,21	1437,67
1029,37	1398,76
1029,54	1480,68
1029,70	1357,80
1029,87	1386,47
1030,03	1316,84
1030,19	1441,77
1030,36	1361,90
1030,52	1443,82
1030,69	1327,08
1030,85	1396,71
1031,01	1456,11
1031,18	1417,19
1031,34	1413,10
1031,50	1427,43
1031,67	1415,15
1031,83	1433,58
1032,00	1419,24
1032,16	1421,29
1032,32	1425,39
1032,49	1425,39
1032,65	1474,54
1032,82	1474,54
1032,98	1429,48
1033,14	1413,10
1033,31	1482,73
1033,47	1497,07
1033,63	1394,67
1033,80	1495,02
1033,96	1372,14
1034,13	1439,72
1034,29	1452,01
1034,45	1355,76
1034,62	1388,52
1034,78	1454,06
1034,94	1325,04
1035,11	1431,53
1035,27	1320,94
1035,43	1386,47
1035,60	1497,07
1035,76	1370,09
1035,92	1419,24
1036,09	1357,80
1036,25	1396,71
1036,41	1431,53
1036,58	1427,43
1036,74	1482,73
1036,90	1349,61
1037,07	1419,24
1037,23	1398,76
1037,39	1478,63
1037,56	1302,51
1037,72	1435,63
1037,88	1452,01
1038,05	1400,81
1038,21	1480,68
1038,37	1423,34
1038,54	1449,96
1038,70	1447,91
1038,86	1415,15
1039,03	1513,45
1039,19	1447,91
1039,35	1322,99
1039,52	1396,71
1039,68	1353,71
1039,84	1413,10
1040,00	1488,87
1040,17	1388,52
1040,33	1456,11
1040,49	1406,95
1040,66	1517,54
1040,82	1431,53
1040,98	1396,71
1041,15	1380,33
1041,31	1419,24
1041,47	1415,15
1041,63	1384,43
1041,80	1466,35
1041,96	1458,15
1042,12	1409,00
1042,29	1454,06
1042,45	1429,48
1042,61	1318,89
1042,77	1409,00
1042,94	1431,53
1043,10	1593,32
1043,26	1437,67
1043,42	1417,19
1043,59	1437,67
1043,75	1337,32
1043,91	1341,42
1044,07	1441,77
1044,24	1398,76
1044,40	1421,29
