345,22	1368,04
345,44	1368,04
345,66	1368,04
345,88	1327,08
346,10	1374,19
346,32	1638,38
346,54	1628,14
346,75	1540,07
346,97	1583,08
347,19	1558,50
347,41	1562,60
347,63	1497,07
347,85	1581,03
348,07	1644,52
348,29	1640,42
348,51	1578,98
348,73	1556,46
348,95	1572,84
349,16	1621,99
349,38	1560,55
349,60	1578,98
349,82	1642,47
350,04	1540,07
350,26	1667,05
350,48	1628,14
350,70	1648,61
350,92	1605,61
351,14	1665,00
351,35	1646,57
351,57	1628,14
351,79	1685,48
352,01	1607,66
352,23	1568,74
352,45	1679,33
352,67	1572,84
352,89	1538,02
353,10	1587,18
353,32	1581,03
353,54	1558,50
353,76	1679,33
353,98	1615,85
354,20	1603,56
354,42	1654,76
354,64	1665,00
354,85	1667,05
355,07	1665,00
355,29	1662,95
355,51	1589,22
355,73	1587,18
355,95	1527,78
356,17	1652,71
356,38	1648,61
356,60	1617,90
356,82	1677,29
357,04	1546,22
357,26	1564,65
357,48	1693,67
357,69	1615,85
357,91	1652,71
358,13	1720,29
358,35	1615,85
358,57	1583,08
358,79	1636,33
359,01	1685,48
359,22	1695,72
359,44	1693,67
359,66	1697,77
359,88	1615,85
360,10	1619,94
360,32	1628,14
360,53	1632,23
360,75	1671,14
360,97	1677,29
361,19	1705,96
361,41	1732,58
361,62	1634,28
361,84	1613,80
362,06	1646,57
362,28	1677,29
362,50	1705,96
362,72	1585,13
362,93	1572,84
363,15	1515,50
363,37	1585,13
363,59	1621,99
363,81	1542,12
364,02	1699,81
364,24	1544,17
364,46	1597,42
364,68	1523,69
364,90	1777,64
365,11	1681,38
365,33	1712,10
365,55	1658,85
365,77	1658,85
365,99	1585,13
366,20	1773,54
366,42	1613,80
366,64	1576,94
366,86	1607,66
367,07	1607,66
367,29	1517,54
367,51	1589,22
367,73	1535,98
367,95	1687,53
368,16	1652,71
368,38	1671,14
368,60	1712,10
368,82	1593,32
369,03	1751,01
369,25	1658,85
369,47	1581,03
369,69	1634,28
369,91	1660,90
370,12	1587,18
370,34	1609,70
370,56	1562,60
370,78	1724,39
370,99	1712,10
371,21	1613,80
371,43	1533,93
371,65	1554,41
371,86	1607,66
372,08	1712,10
372,30	1650,66
372,52	1611,75
372,73	1597,42
372,95	1689,57
373,17	1519,59
373,39	1681,38
373,60	1611,75
373,82	1689,57
374,04	1572,84
374,26	1587,18
374,47	1601,51
374,69	1576,94
374,91	1619,94
375,12	1644,52
375,34	1599,46
375,56	1617,90
375,78	1599,46
375,99	1640,42
376,21	1724,39
376,43	1597,42
376,65	1636,33
376,86	1652,71
377,08	1503,21
377,30	1689,57
377,51	1595,37
377,73	1574,89
377,95	1617,90
378,17	1632,23
378,38	1595,37
378,60	1638,38
378,82	1675,24
379,03	1609,70
379,25	1644,52
379,47	1636,33
379,68	1587,18
379,90	1574,89
380,12	1679,33
380,34	1654,76
380,55	1654,76
380,77	1632,23
380,99	1585,13
381,20	1769,44
381,42	1634,28
381,64	1558,50
381,85	1576,94
382,07	1613,80
382,29	1572,84
382,50	1689,57
382,72	1652,71
382,94	1644,52
383,15	1632,23
383,37	1638,38
383,59	1542,12
383,80	1552,36
384,02	1617,90
384,24	1650,66
384,45	1681,38
384,67	1673,19
384,89	1574,89
385,10	1576,94
385,32	1714,15
385,54	1583,08
385,75	1605,61
385,97	1703,91
386,19	1689,57
386,40	1605,61
386,62	1624,04
386,84	1660,90
387,05	1611,75
387,27	1587,18
387,49	1634,28
387,70	1636,33
387,92	1662,95
388,14	1533,93
388,35	1515,50
388,57	1540,07
388,79	1621,99
389,00	1581,03
389,22	1640,42
389,43	1656,81
389,65	1634,28
389,87	1617,90
390,08	1525,74
390,30	1732,58
390,52	1726,44
390,73	1650,66
390,95	1646,57
391,17	1617,90
391,38	1556,46
391,60	1726,44
391,81	1646,57
392,03	1617,90
392,25	1611,75
392,46	1472,49
392,68	1691,62
392,89	1632,23
393,11	1640,42
393,33	1681,38
393,54	1660,90
393,76	1697,77
393,98	1662,95
394,19	1603,56
394,41	1621,99
394,62	1517,54
394,84	1681,38
395,06	1464,30
395,27	1669,09
395,49	1613,80
395,70	1728,49
395,92	1642,47
396,13	1611,75
396,35	1720,29
396,57	1558,50
396,78	1572,84
397,00	1566,70
397,21	1716,20
397,43	1710,05
397,65	1650,66
397,86	1642,47
398,08	1568,74
398,29	1738,73
398,51	1634,28
398,72	1681,38
398,94	1785,83
399,16	1662,95
399,37	1685,48
399,59	1722,34
399,80	1662,95
400,02	1619,94
400,23	1683,43
400,45	1660,90
400,67	1673,19
400,88	1658,85
401,10	1634,28
401,31	1638,38
401,53	1654,76
401,74	1615,85
401,96	1507,30
402,17	1662,95
402,39	1640,42
402,61	1624,04
402,82	1611,75
403,04	1621,99
403,25	1669,09
403,47	1667,05
403,68	1587,18
403,90	1697,77
404,11	1613,80
404,33	1613,80
404,54	1660,90
404,76	1615,85
404,97	1630,18
405,19	1804,26
405,41	1617,90
405,62	1732,58
405,84	1626,09
406,05	1761,25
406,27	1611,75
406,48	1675,24
406,70	1658,85
406,91	1632,23
407,13	1675,24
407,34	1634,28
407,56	1824,74
407,77	1578,98
407,99	1654,76
408,20	1738,73
408,42	1662,95
408,63	1736,68
408,85	1611,75
409,06	1671,14
409,28	1769,44
409,49	1646,57
409,71	1691,62
409,92	1716,20
410,14	1667,05
410,35	1814,50
410,57	1642,47
410,78	1650,66
411,00	1710,05
411,21	1746,92
411,43	1708,01
411,64	1734,63
411,86	1658,85
412,07	1816,55
412,29	1765,35
412,50	1718,25
412,72	1701,86
412,93	1800,16
413,15	1810,40
413,36	1675,24
413,58	1789,92
413,79	1720,29
414,01	1781,73
414,22	1796,07
414,43	1830,88
414,65	1802,21
414,86	1705,96
415,08	1753,06
415,29	1791,97
415,51	1757,16
415,72	1761,25
415,94	1716,20
416,15	1869,80
416,37	1822,69
416,58	1691,62
416,80	1695,72
417,01	1775,59
417,22	1826,79
417,44	1857,51
417,65	1728,49
417,87	1785,83
418,08	1951,71
418,30	1757,16
418,51	1896,42
418,73	1935,33
418,94	1802,21
419,15	1740,77
419,37	1861,60
419,58	1705,96
419,80	1894,37
420,01	1865,70
420,23	1892,32
420,44	1830,88
420,65	1968,10
420,87	1898,47
421,08	1886,18
421,30	1945,57
421,51	1927,14
421,73	1875,94
421,94	1875,94
422,15	1984,48
422,37	1912,80
422,58	1865,70
422,80	1980,39
423,01	1972,19
423,22	1908,71
423,44	1884,13
423,65	2017,25
423,87	1953,76
424,08	2105,31
424,29	2068,45
424,51	2023,39
424,72	2027,49
424,94	2054,11
425,15	2123,74
425,36	2158,56
425,58	2119,65
425,79	2244,57
426,01	2207,71
426,22	2152,42
426,43	2316,25
426,65	2166,75
426,86	2279,39
427,08	2324,44
427,29	2287,58
427,50	2293,72
427,72	2332,64
427,93	2361,31
428,14	2336,73
428,36	2568,15
428,57	2582,49
428,79	2592,73
429,00	2551,77
429,21	2553,82
429,43	2697,17
429,64	2748,37
429,85	2736,09
430,07	2879,44
430,28	2793,43
430,49	2809,81
430,71	2918,36
430,92	2998,23
431,14	3088,34
431,35	3125,20
431,56	3141,58
431,78	3229,65
431,99	3291,09
432,20	3430,35
432,42	3436,49
432,63	3553,23
432,84	3680,20
433,06	3555,27
433,27	3608,52
433,48	3848,13
433,70	3766,21
433,91	3878,85
434,12	3874,76
434,34	4040,64
434,55	4403,13
434,76	4276,16
434,98	4337,60
435,19	4339,65
435,40	4630,46
435,62	4640,70
435,83	4904,89
436,04	4868,02
436,26	5105,59
436,47	4984,76
436,68	4986,80
436,90	5281,71
437,11	5607,34
437,32	5621,67
437,54	5889,96
437,75	5805,99
437,96	6262,69
438,17	6150,05
438,39	6258,59
438,60	6391,71
438,81	6600,60
439,03	6956,95
439,24	7206,80
439,45	7638,92
439,67	7470,99
439,88	7487,37
440,09	7552,91
440,30	7845,77
440,52	7952,26
440,73	8513,41
440,94	8800,12
441,16	8812,41
441,37	9070,45
441,58	9179,00
441,80	10051,43
442,01	9928,55
442,22	10454,88
442,43	10440,54
442,65	10833,75
442,86	10987,35
443,07	11673,42
443,28	11491,15
443,50	12494,66
443,71	12787,52
443,92	12523,33
444,14	12769,09
444,35	13766,45
444,56	13926,19
444,77	14751,52
444,99	14178,09
445,20	15099,67
445,41	15564,56
445,62	16224,01
445,84	16598,79
446,05	17377,01
446,26	17827,57
446,47	16760,58
446,69	17483,51
446,90	19285,72
447,11	19142,36
447,32	19031,77
447,54	19586,77
447,75	20074,19
447,96	20041,42
448,17	20475,59
448,39	22154,93
448,60	21286,59
448,81	22644,39
449,02	22527,66
449,23	23492,25
449,45	25329,28
449,66	23797,40
449,87	24786,57
450,08	25233,02
450,30	25857,65
450,51	27119,20
450,72	27113,06
450,93	28360,27
451,15	27979,35
451,36	27594,33
451,57	28651,08
451,78	28200,53
451,99	30748,20
452,21	31546,91
452,42	30486,06
452,63	30531,12
452,84	30565,93
453,05	31864,35
453,27	32271,89
453,48	32927,24
453,69	32493,07
453,90	33713,66
454,11	33449,47
454,33	33009,16
454,54	34350,58
454,75	35184,10
454,96	35915,23
455,17	34872,81
455,39	35022,31
455,60	36427,22
455,81	36879,82
456,02	35046,89
456,23	34434,55
456,45	36038,11
456,66	34745,84
456,87	34768,37
457,08	36675,02
457,29	36412,88
457,50	35681,76
457,72	35397,09
457,93	34625,01
458,14	36912,59
458,35	36863,44
458,56	36343,25
458,77	34977,26
458,99	35659,23
459,20	34573,81
459,41	35552,74
459,62	33308,16
459,83	34223,61
460,04	35237,35
460,26	34786,80
460,47	33535,49
460,68	32738,83
460,89	32749,07
461,10	31708,70
461,31	32927,24
461,52	32087,57
461,74	31282,72
461,95	30453,30
462,16	31235,62
462,37	30926,38
462,58	29627,96
462,79	29570,62
463,00	29562,43
463,22	29423,17
463,43	27958,87
463,64	27561,56
463,85	27625,05
464,06	28071,51
464,27	26488,43
464,48	26545,77
464,70	26719,85
464,91	26486,38
465,12	26351,21
465,33	26625,64
465,54	25357,95
465,75	24878,72
465,96	25626,23
466,17	24422,03
466,38	24295,05
466,60	23752,34
466,81	23033,50
467,02	24358,54
467,23	22804,13
467,44	22007,47
467,65	21933,75
467,86	21620,41
468,07	22570,66
468,28	22341,29
468,50	21073,60
468,71	20971,20
468,92	20670,15
469,13	19975,89
469,34	19812,05
469,55	20608,71
469,76	19908,30
469,97	19158,75
470,18	19470,04
470,39	19496,66
470,60	18847,46
470,82	18212,59
471,03	17997,55
471,24	18450,15
471,45	17456,89
471,66	18073,32
471,87	17751,79
472,08	16996,09
472,29	16738,05
472,50	16987,90
472,71	16977,66
472,92	16148,23
473,13	16590,59
473,34	15847,18
473,55	15976,20
473,77	16170,76
473,98	15806,22
474,19	15693,58
474,40	15554,32
474,61	15306,52
474,82	14745,38
475,03	14626,59
475,24	14399,27
475,45	14540,58
475,66	14632,74
475,87	14452,52
476,08	14090,02
476,29	14229,29
476,50	13797,17
476,71	13874,99
476,92	13424,44
477,13	13473,59
477,34	13131,58
477,55	13092,66
477,76	13107,00
477,97	12726,08
478,18	12721,98
478,40	12808,00
478,61	12717,89
478,82	12037,96
479,03	12031,82
479,24	11874,12
479,45	11980,62
479,66	11497,30
479,87	11507,54
480,08	11192,15
480,29	11190,10
480,50	11149,14
480,71	10903,39
480,92	10874,71
481,13	10422,11
481,34	10592,09
481,55	10313,57
481,76	10569,57
481,97	10051,43
482,18	10041,19
482,39	9637,74
482,60	9768,81
482,81	9830,25
483,02	9688,94
483,23	9303,92
483,44	9080,69
483,65	9068,41
483,86	8996,73
484,07	9170,80
484,28	9004,92
484,49	8705,92
484,70	8832,89
484,91	8535,93
485,12	8333,18
485,33	8234,88
485,54	8195,97
485,75	8114,05
485,96	8183,68
486,17	7946,12
486,38	7778,19
486,59	7858,06
486,80	7595,92
487,01	7530,38
487,21	7382,93
487,42	7296,91
487,63	7546,76
487,84	7167,89
488,05	7237,52
488,26	7315,34
488,47	7081,88
488,68	6879,13
488,89	6985,62
489,10	6764,44
489,31	6778,78
489,52	6672,28
489,73	6573,98
489,94	6518,68
490,15	6578,08
490,36	6430,62
490,57	6277,02
490,78	6449,05
490,99	6371,23
491,20	6203,30
491,41	6193,06
491,61	6262,69
491,82	6010,79
492,03	5973,92
492,24	5824,42
492,45	5674,92
492,66	5779,37
492,87	5801,90
493,08	5799,85
493,29	5484,46
493,50	5664,68
493,71	5593,00
493,92	5498,80
494,13	5398,45
494,34	5298,10
494,54	5492,65
494,75	5205,94
494,96	5484,46
495,17	5287,86
495,38	5199,79
495,59	5113,78
495,80	5048,24
496,01	5089,20
496,22	4970,42
496,43	4800,44
496,64	4937,65
496,84	4892,60
497,05	4798,39
497,26	4861,88
497,47	4712,38
497,68	4859,83
497,89	4718,52
498,10	4695,99
498,31	4802,49
498,52	4636,60
498,72	4595,64
498,93	4679,61
499,14	4571,07
499,35	4409,28
499,56	4413,37
499,77	4339,65
499,98	4417,47
500,19	4390,84
500,40	4290,49
500,60	4308,93
500,81	4407,23
501,02	4302,78
501,23	4235,20
501,44	4108,23
501,65	4112,32
501,86	4138,94
502,06	4036,55
502,27	4216,77
502,48	4171,71
502,69	4360,13
502,90	4276,16
503,11	4130,75
503,32	4014,02
503,53	4151,23
503,73	4116,42
503,94	4034,50
504,15	4124,61
504,36	4093,89
504,57	3981,25
504,78	4011,97
504,98	4065,22
505,19	3968,96
505,40	3807,17
505,61	3909,57
505,82	3882,95
506,03	3925,96
506,23	3807,17
506,44	3803,08
506,65	3928,00
506,86	3835,85
507,07	3813,32
507,28	3819,46
507,48	3731,40
507,69	3809,22
507,90	3755,97
508,11	3768,26
508,32	3827,65
508,53	3692,49
508,73	3862,47
508,94	3645,38
509,15	3809,22
509,36	3659,72
509,57	3729,35
509,77	3770,31
509,98	3555,27
510,19	3749,83
510,40	3690,44
510,61	3712,97
510,81	3745,73
511,02	3825,61
511,23	3805,13
511,44	3669,96
511,65	3633,10
511,85	3704,78
512,06	3674,06
512,27	3571,66
512,48	3616,71
512,69	3768,26
512,89	3710,92
513,10	3694,54
513,31	3669,96
513,52	3553,23
513,73	3618,76
513,93	3715,02
514,14	3798,98
514,35	3665,86
514,56	3637,19
514,76	3620,81
514,97	3645,38
515,18	3647,43
515,39	3559,37
515,60	3581,90
515,80	3563,47
516,01	3612,62
516,22	3692,49
516,43	3590,09
516,63	3590,09
516,84	3751,88
517,05	3612,62
517,26	3606,47
517,46	3559,37
517,67	3522,51
517,88	3524,55
518,09	3520,46
518,29	3463,12
518,50	3643,34
518,71	3528,65
518,92	3606,47
519,12	3483,59
519,33	3448,78
519,54	3575,75
519,75	3598,28
519,95	3620,81
520,16	3551,18
520,37	3370,96
520,57	3499,98
520,78	3600,33
520,99	3577,80
521,20	3629,00
521,40	3555,27
521,61	3635,14
521,82	3469,26
522,03	3434,44
522,23	3506,12
522,44	3471,31
522,65	3526,60
522,85	3532,75
523,06	3534,79
523,27	3592,14
523,48	3631,05
523,68	3450,83
523,89	3631,05
524,10	3504,07
524,30	3483,59
524,51	3606,47
524,72	3633,10
524,93	3499,98
525,13	3477,45
525,34	3497,93
525,55	3655,62
525,75	3555,27
525,96	3540,94
526,17	3610,57
526,37	3565,51
526,58	3555,27
526,79	3469,26
526,99	3428,30
527,20	3581,90
527,41	3536,84
527,62	3506,12
527,82	3528,65
528,03	3499,98
528,24	3524,55
528,44	3710,92
528,65	3563,47
528,86	3418,06
529,06	3551,18
529,27	3512,27
529,48	3508,17
529,68	3520,46
529,89	3588,04
530,10	3590,09
530,30	3567,56
530,51	3581,90
530,72	3491,79
530,92	3622,86
531,13	3463,12
531,34	3690,44
531,54	3520,46
531,75	3581,90
531,96	3665,86
532,16	3657,67
532,37	3549,13
532,57	3583,95
532,78	3674,06
532,99	3579,85
533,19	3702,73
533,40	3596,23
533,61	3495,88
533,81	3534,79
534,02	3454,92
534,23	3520,46
534,43	3434,44
534,64	3618,76
534,84	3588,04
535,05	3534,79
535,26	3530,70
535,46	3573,71
535,67	3588,04
535,88	3426,25
536,08	3555,27
536,29	3471,31
536,49	3547,08
536,70	3579,85
536,91	3485,64
537,11	3534,79
537,32	3483,59
537,53	3588,04
537,73	3616,71
537,94	3481,55
538,14	3514,31
538,35	3512,27
538,56	3465,16
538,76	3567,56
538,97	3471,31
539,17	3532,75
539,38	3565,51
539,59	3540,94
539,79	3604,42
540,00	3577,80
540,20	3545,03
540,41	3612,62
540,62	3649,48
540,82	3542,99
541,03	3542,99
541,23	3555,27
541,44	3545,03
541,64	3444,68
541,85	3407,82
542,06	3520,46
542,26	3450,83
542,47	3614,66
542,67	3542,99
542,88	3557,32
543,08	3542,99
543,29	3516,36
543,50	3760,07
543,70	3581,90
543,91	3608,52
544,11	3606,47
544,32	3592,14
544,52	3618,76
544,73	3504,07
544,94	3450,83
545,14	3491,79
545,35	3571,66
545,55	3577,80
545,76	3604,42
545,96	3530,70
546,17	3577,80
546,37	3551,18
546,58	3629,00
546,78	3438,54
546,99	3626,95
547,20	3612,62
547,40	3538,89
547,61	3522,51
547,81	3606,47
548,02	3485,64
548,22	3542,99
548,43	3667,91
548,63	3643,34
548,84	3545,03
549,04	3567,56
549,25	3442,64
549,45	3594,19
549,66	3456,97
549,86	3612,62
550,07	3512,27
550,27	3526,60
550,48	3704,78
550,69	3559,37
550,89	3641,29
551,10	3504,07
551,30	3684,30
551,51	3577,80
551,71	3573,71
551,92	3665,86
552,12	3493,83
552,33	3549,13
552,53	3516,36
552,74	3534,79
552,94	3637,19
553,15	3426,25
553,35	3616,71
553,56	3528,65
553,76	3471,31
553,97	3622,86
554,17	3444,68
554,38	3577,80
554,58	3459,02
554,79	3444,68
554,99	3495,88
555,19	3497,93
555,40	3555,27
555,60	3536,84
555,81	3446,73
556,01	3446,73
556,22	3469,26
556,42	3471,31
556,63	3497,93
556,83	3596,23
557,04	3594,19
557,24	3545,03
557,45	3495,88
557,65	3489,74
557,86	3542,99
558,06	3604,42
558,27	3553,23
558,47	3502,03
558,67	3626,95
558,88	3520,46
559,08	3579,85
559,29	3485,64
559,49	3647,43
559,70	3514,31
559,90	3561,42
560,11	3442,64
560,31	3557,32
560,52	3626,95
560,72	3553,23
560,92	3542,99
561,13	3516,36
561,33	3506,12
561,54	3547,08
561,74	3508,17
561,95	3479,50
562,15	3700,68
562,35	3489,74
562,56	3551,18
562,76	3536,84
562,97	3512,27
563,17	3612,62
563,38	3610,57
563,58	3631,05
563,78	3563,47
563,99	3489,74
564,19	3489,74
564,40	3639,24
564,60	3565,51
564,80	3520,46
565,01	3499,98
565,21	3637,19
565,42	3669,96
565,62	3542,99
565,83	3551,18
566,03	3657,67
566,23	3553,23
566,44	3588,04
566,64	3559,37
566,85	3526,60
567,05	3512,27
567,25	3530,70
567,46	3518,41
567,66	3520,46
567,86	3600,33
568,07	3483,59
568,27	3540,94
568,48	3399,63
568,68	3487,69
568,88	3456,97
569,09	3596,23
569,29	3600,33
569,50	3473,36
569,70	3524,55
569,90	3624,90
570,11	3536,84
570,31	3602,38
570,51	3604,42
570,72	3585,99
570,92	3528,65
571,13	3512,27
571,33	3569,61
571,53	3557,32
571,74	3522,51
571,94	3610,57
572,14	3434,44
572,35	3434,44
572,55	3573,71
572,75	3555,27
572,96	3522,51
573,16	3555,27
573,36	3555,27
573,57	3495,88
573,77	3504,07
573,97	3534,79
574,18	3418,06
574,38	3551,18
574,59	3577,80
574,79	3581,90
574,99	3461,07
575,20	3526,60
575,40	3471,31
575,60	3571,66
575,81	3686,34
576,01	3518,41
576,21	3616,71
576,42	3563,47
576,62	3514,31
576,82	3403,72
577,02	3446,73
577,23	3516,36
577,43	3452,88
577,63	3600,33
577,84	3413,96
578,04	3366,86
578,24	3387,34
578,45	3491,79
578,65	3573,71
578,85	3551,18
579,06	3614,66
579,26	3559,37
579,46	3557,32
579,67	3499,98
579,87	3616,71
580,07	3667,91
580,27	3428,30
580,48	3471,31
580,68	3538,89
580,88	3585,99
581,09	3481,55
581,29	3510,22
581,49	3561,42
581,69	3524,55
581,90	3497,93
582,10	3450,83
582,30	3579,85
582,51	3463,12
582,71	3524,55
582,91	3481,55
583,11	3424,20
583,32	3426,25
583,52	3436,49
583,72	3401,68
583,93	3485,64
584,13	3497,93
584,33	3506,12
584,53	3553,23
584,74	3524,55
584,94	3409,87
585,14	3373,00
585,34	3473,36
585,55	3381,20
585,75	3514,31
585,95	3467,21
586,15	3397,58
586,36	3348,43
586,56	3407,82
586,76	3542,99
586,96	3393,48
587,17	3379,15
587,37	3391,44
587,57	3383,24
587,77	3340,24
587,98	3471,31
588,18	3473,36
588,38	3368,91
588,58	3491,79
588,79	3352,52
588,99	3315,66
589,19	3411,92
589,39	3383,24
589,60	3413,96
589,80	3516,36
590,00	3522,51
590,20	3368,91
590,40	3354,57
590,61	3364,81
590,81	3403,72
591,01	3321,81
591,21	3528,65
591,42	3379,15
591,62	3368,91
591,82	3260,37
592,02	3448,78
592,22	3401,68
592,43	3237,84
592,63	3387,34
592,83	3375,05
593,03	3389,39
593,23	3295,18
593,44	3383,24
593,64	3346,38
593,84	3319,76
594,04	3280,85
594,24	3358,67
594,45	3352,52
594,65	3254,22
594,85	3426,25
595,05	3219,41
595,25	3327,95
595,46	3411,92
595,66	3362,76
595,86	3350,48
596,06	3317,71
596,26	3334,09
596,46	3393,48
596,67	3268,56
596,87	3178,45
597,07	3237,84
597,27	3225,55
597,47	3303,37
597,67	3323,85
597,88	3352,52
598,08	3289,04
598,28	3293,13
598,48	3299,28
598,68	3323,85
598,88	3403,72
599,09	3413,96
599,29	3289,04
599,49	3258,32
599,69	3375,05
599,89	3252,17
600,09	3274,70
600,30	3399,63
600,50	3272,65
600,70	3360,72
600,90	3149,78
601,10	3272,65
601,30	3366,86
601,50	3432,40
601,71	3377,10
601,91	3313,61
602,11	3170,26
602,31	3266,51
602,51	3303,37
602,71	3172,30
602,91	3196,88
603,11	3246,03
603,32	3317,71
603,52	3227,60
603,72	3129,30
603,92	3166,16
604,12	3141,58
604,32	3170,26
604,52	3254,22
604,72	3155,92
604,93	3229,65
605,13	3319,76
605,33	3264,46
605,53	3190,74
605,73	3168,21
605,93	3192,78
606,13	3192,78
606,33	3250,13
606,53	3135,44
606,74	3190,74
606,94	3252,17
607,14	3176,40
607,34	3182,54
607,54	3168,21
607,74	3188,69
607,94	3063,76
608,14	3164,11
608,34	3219,41
608,54	3135,44
608,74	3243,98
608,95	3053,52
609,15	3252,17
609,35	3119,06
609,55	3190,74
609,75	3067,86
609,95	3276,75
610,15	3071,95
610,35	3100,62
610,55	3131,34
610,75	3129,30
610,95	3030,99
611,15	3035,09
611,35	3243,98
611,55	3211,22
611,76	3155,92
611,96	3137,49
612,16	3293,13
612,36	3280,85
612,56	3114,96
612,76	3155,92
612,96	3088,34
613,16	3117,01
613,36	3147,73
613,56	3071,95
613,76	2965,46
613,96	2979,79
614,16	3047,38
614,36	3006,42
614,56	3022,80
614,76	3030,99
614,96	3045,33
615,16	2971,60
615,36	2920,40
615,56	3008,47
615,76	3065,81
615,97	3057,62
616,17	3020,75
616,37	3049,43
616,57	3010,51
616,77	3096,53
616,97	3078,10
617,17	3057,62
617,37	3057,62
617,57	3020,75
617,77	3039,19
617,97	3164,11
618,17	3014,61
618,37	3141,58
618,57	3100,62
618,77	3039,19
618,97	2967,51
619,17	3022,80
619,37	3000,27
619,57	2949,08
619,77	2967,51
619,97	2963,41
620,17	2959,31
620,37	3024,85
620,57	2910,16
620,77	3028,95
620,97	2926,55
621,17	3002,32
621,37	2895,83
621,57	2979,79
621,77	2904,02
621,97	2951,12
622,17	2914,26
622,37	2961,36
622,57	2985,94
622,77	2934,74
622,97	2981,84
623,17	2983,89
623,37	3104,72
623,57	2871,25
623,77	2828,24
623,97	2811,86
624,16	2826,20
624,36	2912,21
624,56	2889,68
624,76	2887,64
624,96	2971,60
625,16	2912,21
625,36	2920,40
625,56	2871,25
625,76	2861,01
625,96	2783,19
626,16	2867,16
626,36	2891,73
626,56	2920,40
626,76	2865,11
626,96	2729,94
627,16	2906,07
627,36	2775,00
627,56	2875,35
627,76	2867,16
627,96	2899,92
628,16	2865,11
628,35	2889,68
628,55	2818,00
628,75	2867,16
628,95	2715,61
629,15	2942,93
629,35	2691,03
629,55	2830,29
629,75	2918,36
629,95	2863,06
630,15	2932,69
630,35	2801,62
630,55	2815,96
630,75	2754,52
630,95	2842,58
631,14	2746,33
631,34	2797,53
631,54	2760,66
631,74	2824,15
631,94	2805,72
632,14	2695,13
632,34	2770,90
632,54	2805,72
632,74	2664,41
632,94	2736,09
633,14	2830,29
633,33	2686,94
633,53	2734,04
633,73	2719,70
633,93	2721,75
634,13	2803,67
634,33	2770,90
634,53	2701,27
634,73	2746,33
634,93	2645,98
635,12	2697,17
635,32	2828,24
635,52	2721,75
635,72	2533,34
635,92	2625,50
636,12	2844,63
636,32	2688,98
636,52	2766,81
636,71	2668,50
636,91	2752,47
637,11	2594,78
637,31	2744,28
637,51	2686,94
637,71	2764,76
637,91	2635,74
638,11	2635,74
638,30	2549,72
638,50	2705,37
638,70	2746,33
638,90	2699,22
639,10	2664,41
639,30	2686,94
639,50	2629,59
639,69	2623,45
639,89	2531,29
640,09	2580,44
640,29	2600,92
640,49	2650,07
640,69	2559,96
640,88	2613,21
641,08	2529,24
641,28	2721,75
641,48	2547,67
641,68	2619,35
641,88	2691,03
642,07	2553,82
642,27	2633,69
642,47	2584,54
642,67	2580,44
642,87	2664,41
643,07	2600,92
643,26	2555,86
643,46	2650,07
643,66	2574,30
643,86	2592,73
644,06	2537,43
644,26	2596,82
644,45	2527,19
644,65	2504,67
644,85	2545,63
645,05	2572,25
645,25	2598,87
645,44	2535,39
645,64	2365,40
645,84	2549,72
646,04	2400,22
646,24	2492,38
646,43	2592,73
646,63	2533,34
646,83	2420,70
647,03	2473,95
647,23	2422,75
647,42	2559,96
647,62	2449,37
647,82	2582,49
648,02	2373,60
648,22	2502,62
648,41	2473,95
648,61	2461,66
648,81	2482,14
649,01	2381,79
649,20	2547,67
649,40	2430,94
649,60	2658,26
649,80	2498,52
650,00	2492,38
650,19	2379,74
650,39	2531,29
650,59	2553,82
650,79	2396,12
650,98	2443,23
651,18	2412,51
651,38	2469,85
651,58	2357,21
651,77	2404,32
651,97	2572,25
652,17	2404,32
652,37	2406,36
652,56	2359,26
652,76	2381,79
652,96	2549,72
653,16	2369,50
653,35	2324,44
653,55	2430,94
653,75	2351,07
653,95	2416,60
654,14	2426,84
654,34	2371,55
654,54	2306,01
654,74	2297,82
654,93	2383,84
655,13	2308,06
655,33	2234,33
655,52	2297,82
655,72	2349,02
655,92	2332,64
656,12	2316,25
656,31	2275,29
656,51	2346,97
656,71	2344,92
656,91	2367,45
657,10	2236,38
657,30	2273,25
657,50	2252,77
657,69	2439,13
657,89	2365,40
658,09	2396,12
658,29	2435,03
658,48	2379,74
658,68	2301,92
658,88	2281,44
659,07	2265,05
659,27	2389,98
659,47	2183,13
659,66	2332,64
659,86	2320,35
660,06	2336,73
660,26	2234,33
660,45	2310,11
660,65	2451,42
660,85	2357,21
661,04	2234,33
661,24	2312,16
661,44	2207,71
661,63	2273,25
661,83	2324,44
662,03	2224,09
662,22	2363,36
662,42	2301,92
662,62	2332,64
662,81	2277,34
663,01	2330,59
663,21	2328,54
663,40	2160,61
663,60	2310,11
663,80	2275,29
663,99	2408,41
664,19	2203,61
664,39	2285,53
664,58	2220,00
664,78	2232,29
664,98	2224,09
665,17	2224,09
665,37	2240,48
665,57	2306,01
665,76	2160,61
665,96	2260,96
666,16	2228,19
666,35	2230,24
666,55	2179,04
666,74	2326,49
666,94	2371,55
667,14	2281,44
667,33	2246,62
667,53	2150,37
667,73	2189,28
667,92	2240,48
668,12	2217,95
668,32	2285,53
668,51	2047,97
668,71	2199,52
668,90	2136,03
669,10	2187,23
669,30	2205,66
669,49	2226,14
669,69	2199,52
669,89	2144,22
670,08	2103,26
670,28	2553,82
670,47	2152,42
670,67	2131,94
670,87	2197,47
671,06	2213,85
671,26	2181,09
671,45	2056,16
671,65	2201,57
671,85	2076,64
672,04	2176,99
672,24	2183,13
672,43	2162,66
672,63	2164,70
672,83	2107,36
673,02	2131,94
673,22	2056,16
673,41	2123,74
673,61	2072,54
673,81	2072,54
674,00	2222,05
674,20	2099,17
674,39	2056,16
674,59	2041,82
674,78	2090,98
674,98	2256,86
675,18	2193,37
675,37	2129,89
675,57	2076,64
675,76	2099,17
675,96	2248,67
676,15	2127,84
676,35	2209,76
676,55	2099,17
676,74	2045,92
676,94	2070,50
677,13	2064,35
677,33	2154,46
677,52	2193,37
677,72	2054,11
677,91	2090,98
678,11	2015,20
678,31	2078,69
678,50	2031,58
678,70	2133,98
678,89	2148,32
679,09	2078,69
679,28	2144,22
679,48	2185,18
679,67	2170,85
679,87	2041,82
680,06	2209,76
680,26	2129,89
680,46	2156,51
680,65	2068,45
680,85	2211,81
681,04	2025,44
681,24	2086,88
681,43	2066,40
681,63	2105,31
681,82	2015,20
682,02	2029,54
682,21	2062,30
682,41	2088,93
682,60	2142,18
682,80	2070,50
682,99	2021,35
683,19	2121,70
683,38	2101,22
683,58	2041,82
683,77	2029,54
683,97	2054,11
684,16	2148,32
684,36	2027,49
684,55	2017,25
684,75	1974,24
684,94	2054,11
685,14	2068,45
685,33	2004,96
685,53	1988,58
685,72	2009,06
685,92	2080,74
686,11	1896,42
686,31	1984,48
686,50	2097,12
686,70	2009,06
686,89	2056,16
687,09	1970,15
687,28	2033,63
687,48	2011,11
687,67	2023,39
687,87	1961,95
688,06	2035,68
688,26	2031,58
688,45	1953,76
688,65	1931,23
688,84	2002,91
689,03	2066,40
689,23	1949,67
689,42	2037,73
689,62	2041,82
689,81	2037,73
690,01	2064,35
690,20	2035,68
690,40	1988,58
690,59	2052,06
690,79	1904,61
690,98	2037,73
691,17	1988,58
691,37	2009,06
691,56	1996,77
691,76	2054,11
691,95	2039,78
692,15	1890,28
692,34	2023,39
692,54	2011,11
692,73	2023,39
692,92	2035,68
693,12	1972,19
693,31	1947,62
693,51	2072,54
693,70	1988,58
693,90	1998,82
694,09	1961,95
694,28	1978,34
694,48	2031,58
694,67	1953,76
694,87	2066,40
695,06	2105,31
695,26	1972,19
695,45	1974,24
695,64	1972,19
695,84	2021,35
696,03	1974,24
696,23	2021,35
696,42	1949,67
696,61	2013,15
696,81	1908,71
697,00	1912,80
697,20	1959,91
697,39	2029,54
697,58	1945,57
697,78	1978,34
697,97	1986,53
698,17	2027,49
698,36	1972,19
698,55	1920,99
698,75	2045,92
698,94	1968,10
699,14	2027,49
699,33	2033,63
699,52	2033,63
699,72	2009,06
699,91	2035,68
700,10	1959,91
700,30	1892,32
700,49	1982,43
700,69	1896,42
700,88	1912,80
701,07	1961,95
701,27	2039,78
701,46	2076,64
701,65	1959,91
701,85	1968,10
702,04	2027,49
702,23	2017,25
702,43	1912,80
702,62	1896,42
702,82	1972,19
703,01	2068,45
703,20	1966,05
703,40	1988,58
703,59	1994,72
703,78	2039,78
703,98	2000,87
704,17	1957,86
704,36	1966,05
704,56	2027,49
704,75	1894,37
704,94	1978,34
705,14	2007,01
705,33	1970,15
705,52	1986,53
705,72	1994,72
705,91	1990,63
706,10	1990,63
706,30	2045,92
706,49	2035,68
706,68	2027,49
706,88	1935,33
707,07	1994,72
707,26	1984,48
707,46	2019,30
707,65	2015,20
707,84	1976,29
708,04	1904,61
708,23	2033,63
708,42	2007,01
708,62	1951,71
708,81	1925,09
709,00	2076,64
709,19	2047,97
709,39	1961,95
709,58	1970,15
709,77	1923,04
709,97	2013,15
710,16	1953,76
710,35	2043,87
710,55	1998,82
710,74	2058,21
710,93	2015,20
711,12	2107,36
711,32	1978,34
711,51	2099,17
711,70	1920,99
711,90	1990,63
712,09	1865,70
712,28	1996,77
712,47	2019,30
712,67	1947,62
712,86	1996,77
713,05	1964,00
713,24	2009,06
713,44	1982,43
713,63	2013,15
713,82	2031,58
714,02	1988,58
714,21	1951,71
714,40	1959,91
714,59	1916,90
714,79	1941,47
714,98	1961,95
715,17	2193,37
715,36	1861,60
715,56	1933,28
715,75	1884,13
715,94	1964,00
716,13	1935,33
716,33	1906,66
716,52	1957,86
716,71	1964,00
716,90	1959,91
717,10	1882,08
717,29	1855,46
717,48	1974,24
717,67	1943,52
717,87	1931,23
718,06	1900,52
718,25	1877,99
718,44	1992,67
718,63	2000,87
718,83	1859,56
719,02	1898,47
719,21	1900,52
719,40	1798,12
719,60	1837,03
719,79	1974,24
719,98	1968,10
720,17	1920,99
720,36	1908,71
720,56	1966,05
720,75	1849,32
720,94	1939,43
721,13	1914,85
721,33	2011,11
721,52	1914,85
721,71	1896,42
721,90	2011,11
722,09	1959,91
722,29	1916,90
722,48	1847,27
722,67	1830,88
722,86	2041,82
723,05	1892,32
723,24	2004,96
723,44	1816,55
723,63	1908,71
723,82	1877,99
724,01	1994,72
724,20	1929,19
724,40	1961,95
724,59	1828,84
724,78	1843,17
724,97	1857,51
725,16	1914,85
725,35	1964,00
725,55	1816,55
725,74	1935,33
725,93	2084,83
726,12	1918,95
726,31	2002,91
726,51	1937,38
726,70	1916,90
726,89	1916,90
727,08	1886,18
727,27	1939,43
727,46	1918,95
727,65	1900,52
727,85	1884,13
728,04	1957,86
728,23	1839,08
728,42	1906,66
728,61	1949,67
728,80	1920,99
729,00	1902,56
729,19	1955,81
729,38	1931,23
729,57	1859,56
729,76	1923,04
729,95	2062,30
730,14	1853,41
730,33	1877,99
730,53	1855,46
730,72	1929,19
730,91	1966,05
731,10	1927,14
731,29	2078,69
731,48	1984,48
731,67	1853,41
731,86	1900,52
732,06	1937,38
732,25	1906,66
732,44	1927,14
732,63	1972,19
732,82	1986,53
733,01	1943,52
733,20	1920,99
733,39	1970,15
733,59	1957,86
733,78	1920,99
733,97	2019,30
734,16	1998,82
734,35	1947,62
734,54	2039,78
734,73	1927,14
734,92	2043,87
735,11	1855,46
735,30	1900,52
735,49	1951,71
735,69	2090,98
735,88	1972,19
736,07	1980,39
736,26	1984,48
736,45	1880,04
736,64	1863,65
736,83	2007,01
737,02	2017,25
737,21	2027,49
737,40	1871,84
737,59	2105,31
737,78	1906,66
737,98	1910,75
738,17	1912,80
738,36	1994,72
738,55	1955,81
738,74	1910,75
738,93	1972,19
739,12	1873,89
739,31	1918,95
739,50	1933,28
739,69	2074,59
739,88	1939,43
740,07	1974,24
740,26	1927,14
740,45	2050,02
740,64	1957,86
740,83	1951,71
741,02	1906,66
741,22	1957,86
741,41	1982,43
741,60	1998,82
741,79	1959,91
741,98	1974,24
742,17	1955,81
742,36	2056,16
742,55	1906,66
742,74	2070,50
742,93	1927,14
743,12	1920,99
743,31	1845,22
743,50	1994,72
743,69	2025,44
743,88	1972,19
744,07	1957,86
744,26	2133,98
744,45	1943,52
744,64	1984,48
744,83	2084,83
745,02	1884,13
745,21	2002,91
745,40	1941,47
745,59	2045,92
745,78	1916,90
745,97	1980,39
746,16	2013,15
746,35	2033,63
746,54	1974,24
746,73	1923,04
746,92	1951,71
747,11	1914,85
747,30	1992,67
747,49	1884,13
747,68	1947,62
747,87	1882,08
748,06	2011,11
748,25	1964,00
748,44	1914,85
748,63	2039,78
748,82	1957,86
749,01	1916,90
749,20	1865,70
749,39	1918,95
749,58	1951,71
749,77	2007,01
749,96	1853,41
750,15	1943,52
750,34	1839,08
750,53	2025,44
750,72	2050,02
750,91	1896,42
751,10	2007,01
751,29	1945,57
751,48	1839,08
751,67	1796,07
751,86	1943,52
752,04	1978,34
752,23	1943,52
752,42	1961,95
752,61	1873,89
752,80	1945,57
752,99	1953,76
753,18	1900,52
753,37	2031,58
753,56	1839,08
753,75	1814,50
753,94	1886,18
754,13	2009,06
754,32	2033,63
754,51	1970,15
754,70	1888,23
754,89	1910,75
755,08	1839,08
755,27	1851,36
755,45	1910,75
755,64	1904,61
755,83	1925,09
756,02	1970,15
756,21	1888,23
756,40	1925,09
756,59	1875,94
756,78	1798,12
756,97	1851,36
757,16	1845,22
757,35	1961,95
757,54	1789,92
757,72	1898,47
757,91	1785,83
758,10	1877,99
758,29	1830,88
758,48	1894,37
758,67	1826,79
758,86	1888,23
759,05	1794,02
759,24	1818,60
759,43	1773,54
759,61	1789,92
759,80	1847,27
759,99	1875,94
760,18	1767,40
760,37	1794,02
760,56	1705,96
760,75	1789,92
760,94	1847,27
761,13	1736,68
761,31	1830,88
761,50	1859,56
761,69	1755,11
761,88	1771,49
762,07	1718,25
762,26	1818,60
762,45	1877,99
762,64	1832,93
762,82	1679,33
763,01	1900,52
763,20	1794,02
763,39	1863,65
763,58	1806,31
763,77	1763,30
763,96	1798,12
764,14	1818,60
764,33	1759,21
764,52	1791,97
764,71	1826,79
764,90	1791,97
765,09	1794,02
765,27	1812,45
765,46	1851,36
765,65	1759,21
765,84	1875,94
766,03	1902,56
766,22	1824,74
766,41	1763,30
766,59	1781,73
766,78	1933,28
766,97	1841,12
767,16	1851,36
767,35	1816,55
767,54	1978,34
767,72	1853,41
767,91	1933,28
768,10	1748,97
768,29	1890,28
768,48	1884,13
768,66	1869,80
768,85	1771,49
769,04	1888,23
769,23	1755,11
769,42	1890,28
769,61	1851,36
769,79	1918,95
769,98	1925,09
770,17	1839,08
770,36	1949,67
770,55	1843,17
770,73	1959,91
770,92	1839,08
771,11	1892,32
771,30	1839,08
771,49	1892,32
771,67	1941,47
771,86	1794,02
772,05	1898,47
772,24	1918,95
772,42	1851,36
772,61	1837,03
772,80	1814,50
772,99	1816,55
773,18	1902,56
773,36	1900,52
773,55	1908,71
773,74	1806,31
773,93	1804,26
774,11	1783,78
774,30	1884,13
774,49	1867,75
774,68	1867,75
774,87	1867,75
775,05	1798,12
775,24	1785,83
775,43	1945,57
775,62	1855,46
775,80	1888,23
775,99	1880,04
776,18	1920,99
776,37	1806,31
776,55	1853,41
776,74	1920,99
776,93	1888,23
777,12	1830,88
777,30	1832,93
777,49	1853,41
777,68	1855,46
777,87	1789,92
778,05	1837,03
778,24	1880,04
778,43	1839,08
778,62	1769,44
778,80	1941,47
778,99	1992,67
779,18	1873,89
779,36	1873,89
779,55	1851,36
779,74	1908,71
779,93	1937,38
780,11	1832,93
780,30	1806,31
780,49	1877,99
780,68	1904,61
780,86	2004,96
781,05	1810,40
781,24	1865,70
781,42	1933,28
781,61	1818,60
781,80	1800,16
781,98	1863,65
782,17	1837,03
782,36	1814,50
782,55	1810,40
782,73	1847,27
782,92	1990,63
783,11	1798,12
783,29	1748,97
783,48	1894,37
783,67	1894,37
783,85	1877,99
784,04	1806,31
784,23	1839,08
784,42	1818,60
784,60	1859,56
784,79	1976,29
784,98	1832,93
785,16	1877,99
785,35	1759,21
785,54	1961,95
785,72	1951,71
785,91	1800,16
786,10	1800,16
786,28	1929,19
786,47	1884,13
786,66	1740,77
786,84	1882,08
787,03	1943,52
787,22	1910,75
787,40	1828,84
787,59	1972,19
787,78	1882,08
787,96	1837,03
788,15	1832,93
788,34	1837,03
788,52	1867,75
788,71	1851,36
788,89	1783,78
789,08	1765,35
789,27	1935,33
789,45	1914,85
789,64	1794,02
789,83	1796,07
790,01	1765,35
790,20	1865,70
790,39	1761,25
790,57	1804,26
790,76	1847,27
790,95	1732,58
791,13	1912,80
791,32	1814,50
791,50	1943,52
791,69	1863,65
791,88	1839,08
792,06	1904,61
792,25	1888,23
792,43	1841,12
792,62	1857,51
792,81	1697,77
792,99	1839,08
793,18	1798,12
793,37	1834,98
793,55	1724,39
793,74	1875,94
793,92	1834,98
794,11	1900,52
794,30	1824,74
794,48	1789,92
794,67	1744,87
794,85	1755,11
795,04	1720,29
795,23	1820,64
795,41	1761,25
795,60	1763,30
795,78	1810,40
795,97	1937,38
796,15	1908,71
796,34	1867,75
796,53	1855,46
796,71	1828,84
796,90	1804,26
797,08	1767,40
797,27	1828,84
797,46	1859,56
797,64	1808,36
797,83	1804,26
798,01	1753,06
798,20	1859,56
798,38	1873,89
798,57	1763,30
798,76	1720,29
798,94	1751,01
799,13	1787,88
799,31	1775,59
799,50	1742,82
799,68	1736,68
799,87	1708,01
800,05	1828,84
800,24	1740,77
800,43	1730,53
800,61	1978,34
800,80	1894,37
800,98	1751,01
801,17	1761,25
801,35	1800,16
801,54	1851,36
801,72	1791,97
801,91	1851,36
802,09	1804,26
802,28	1757,16
802,46	1806,31
802,65	1857,51
802,84	1933,28
803,02	1861,60
803,21	1865,70
803,39	1791,97
803,58	1861,60
803,76	1822,69
803,95	1834,98
804,13	1751,01
804,32	1804,26
804,50	1855,46
804,69	1908,71
804,87	1826,79
805,06	1820,64
805,24	1925,09
805,43	1808,36
805,61	1845,22
805,80	1859,56
805,98	1818,60
806,17	1763,30
806,35	1791,97
806,54	1779,68
806,72	1736,68
806,91	1820,64
807,09	1777,64
807,28	1900,52
807,46	1791,97
807,65	1851,36
807,83	1753,06
808,02	1736,68
808,20	1791,97
808,39	1798,12
808,57	1789,92
808,76	1785,83
808,94	1779,68
809,13	1826,79
809,31	1732,58
809,49	1810,40
809,68	1724,39
809,86	1773,54
810,05	1781,73
810,23	1802,21
810,42	1886,18
810,60	1753,06
810,79	1726,44
810,97	1773,54
811,16	1800,16
811,34	1765,35
811,53	1755,11
811,71	1660,90
811,89	1732,58
812,08	1765,35
812,26	1667,05
812,45	1777,64
812,63	1726,44
812,82	1877,99
813,00	1726,44
813,19	1785,83
813,37	1765,35
813,55	1722,34
813,74	1712,10
813,92	1806,31
814,11	1720,29
814,29	1599,46
814,48	1804,26
814,66	1775,59
814,84	1843,17
815,03	1746,92
815,21	1818,60
815,40	1806,31
815,58	1718,25
815,77	1869,80
815,95	1796,07
816,13	1728,49
816,32	1849,32
816,50	1873,89
816,69	1705,96
816,87	1728,49
817,05	1730,53
817,24	1787,88
817,42	1712,10
817,61	1724,39
817,79	1845,22
817,97	1755,11
818,16	1710,05
818,34	1806,31
818,53	1742,82
818,71	1877,99
818,89	1683,43
819,08	1718,25
819,26	1712,10
819,45	1734,63
819,63	1759,21
819,81	1828,84
820,00	1861,60
820,18	1679,33
820,36	1679,33
820,55	1710,05
820,73	1613,80
820,92	1705,96
821,10	1708,01
821,28	1748,97
821,47	1816,55
821,65	1781,73
821,83	1845,22
822,02	1685,48
822,20	1828,84
822,39	1671,14
822,57	1634,28
822,75	1742,82
822,94	1740,77
823,12	1798,12
823,30	1576,94
823,49	1849,32
823,67	1748,97
823,85	1785,83
824,04	1656,81
824,22	1736,68
824,40	1748,97
824,59	1718,25
824,77	1759,21
824,95	1775,59
825,14	1791,97
825,32	1810,40
825,50	1714,15
825,69	1787,88
825,87	1765,35
826,05	1771,49
826,24	1804,26
826,42	1736,68
826,60	1765,35
826,79	1748,97
826,97	1703,91
827,15	1755,11
827,34	1710,05
827,52	1748,97
827,70	1646,57
827,89	1675,24
828,07	1773,54
828,25	1656,81
828,44	1744,87
828,62	1755,11
828,80	1785,83
828,98	1699,81
829,17	1714,15
829,35	1722,34
829,53	1705,96
829,72	1708,01
829,90	1689,57
830,08	1763,30
830,27	1843,17
830,45	1869,80
830,63	1824,74
830,81	1716,20
831,00	1771,49
831,18	1650,66
831,36	1855,46
831,55	1740,77
831,73	1712,10
831,91	1720,29
832,09	1812,45
832,28	1845,22
832,46	1765,35
832,64	1765,35
832,82	1695,72
833,01	1839,08
833,19	1798,12
833,37	1742,82
833,55	1730,53
833,74	1794,02
833,92	1703,91
834,10	1636,33
834,29	1718,25
834,47	1652,71
834,65	1787,88
834,83	1607,66
835,02	1718,25
835,20	1726,44
835,38	1695,72
835,56	1748,97
835,75	1847,27
835,93	1751,01
836,11	1732,58
836,29	1673,19
836,47	1808,36
836,66	1738,73
836,84	1771,49
837,02	1685,48
837,20	1683,43
837,39	1816,55
837,57	1767,40
837,75	1785,83
837,93	1757,16
838,12	1722,34
838,30	1759,21
838,48	1755,11
838,66	1730,53
838,84	1712,10
839,03	1945,57
839,21	1736,68
839,39	1695,72
839,57	1814,50
839,75	1755,11
839,94	1712,10
840,12	1660,90
840,30	1658,85
840,48	1798,12
840,66	1753,06
840,85	1687,53
841,03	1796,07
841,21	1769,44
841,39	1769,44
841,57	1744,87
841,76	1759,21
841,94	1855,46
842,12	1705,96
842,30	1822,69
842,48	1798,12
842,67	1740,77
842,85	1675,24
843,03	1812,45
843,21	1751,01
843,39	1751,01
843,57	1650,66
843,76	1783,78
843,94	1658,85
844,12	1757,16
844,30	1615,85
844,48	1621,99
844,66	1822,69
844,85	1665,00
845,03	1783,78
845,21	1699,81
845,39	1832,93
845,57	1800,16
845,75	1791,97
845,94	1794,02
846,12	1785,83
846,30	1806,31
846,48	1675,24
846,66	1740,77
846,84	1638,38
847,02	1710,05
847,21	1712,10
847,39	1687,53
847,57	1705,96
847,75	1646,57
847,93	1593,32
848,11	1746,92
848,29	1673,19
848,48	1695,72
848,66	1720,29
848,84	1783,78
849,02	1636,33
849,20	1671,14
849,38	1734,63
849,56	1708,01
849,74	1718,25
849,93	1824,74
850,11	1630,18
850,29	1681,38
850,47	1699,81
850,65	1681,38
850,83	1632,23
851,01	1679,33
851,19	1740,77
851,37	1634,28
851,56	1683,43
851,74	1716,20
851,92	1669,09
852,10	1691,62
852,28	1710,05
852,46	1687,53
852,64	1763,30
852,82	1738,73
853,00	1679,33
853,18	1710,05
853,37	1757,16
853,55	1691,62
853,73	1671,14
853,91	1712,10
854,09	1656,81
854,27	1777,64
854,45	1730,53
854,63	1761,25
854,81	1716,20
854,99	1675,24
855,17	1621,99
855,35	1679,33
855,53	1615,85
855,72	1710,05
855,90	1722,34
856,08	1746,92
856,26	1665,00
856,44	1818,60
856,62	1615,85
856,80	1601,51
856,98	1763,30
857,16	1730,53
857,34	1687,53
857,52	1759,21
857,70	1771,49
857,88	1708,01
858,06	1699,81
858,24	1665,00
858,42	1863,65
858,60	1769,44
858,78	1630,18
858,96	1679,33
859,15	1748,97
859,33	1730,53
859,51	1712,10
859,69	1726,44
859,87	1732,58
860,05	1662,95
860,23	1791,97
860,41	1699,81
860,59	1748,97
860,77	1763,30
860,95	1744,87
861,13	1691,62
861,31	1654,76
861,49	1652,71
861,67	1654,76
861,85	1730,53
862,03	1728,49
862,21	1689,57
862,39	1744,87
862,57	1826,79
862,75	1638,38
862,93	1681,38
863,11	1794,02
863,29	1591,27
863,47	1765,35
863,65	1720,29
863,83	1624,04
864,01	1683,43
864,19	1621,99
864,37	1726,44
864,55	1712,10
864,73	1675,24
864,91	1685,48
865,09	1728,49
865,27	1722,34
865,45	1679,33
865,63	1738,73
865,81	1632,23
865,99	1613,80
866,17	1734,63
866,35	1753,06
866,53	1761,25
866,71	1697,77
866,89	1716,20
867,07	1683,43
867,24	1679,33
867,42	1718,25
867,60	1744,87
867,78	1751,01
867,96	1658,85
868,14	1654,76
868,32	1820,64
868,50	1693,67
868,68	1665,00
868,86	1669,09
869,04	1730,53
869,22	1693,67
869,40	1607,66
869,58	1624,04
869,76	1636,33
869,94	1662,95
870,12	1611,75
870,30	1703,91
870,48	1624,04
870,66	1685,48
870,83	1648,61
871,01	1687,53
871,19	1595,37
871,37	1675,24
871,55	1630,18
871,73	1703,91
871,91	1691,62
872,09	1660,90
872,27	1667,05
872,45	1611,75
872,63	1613,80
872,81	1650,66
872,98	1634,28
873,16	1732,58
873,34	1767,40
873,52	1724,39
873,70	1689,57
873,88	1609,70
874,06	1597,42
874,24	1679,33
874,42	1624,04
874,60	1630,18
874,78	1572,84
874,95	1691,62
875,13	1560,55
875,31	1687,53
875,49	1755,11
875,67	1626,09
875,85	1605,61
876,03	1644,52
876,21	1744,87
876,39	1648,61
876,56	1691,62
876,74	1562,60
876,92	1710,05
877,10	1701,86
877,28	1716,20
877,46	1644,52
877,64	1720,29
877,82	1730,53
877,99	1581,03
878,17	1636,33
878,35	1705,96
878,53	1773,54
878,71	1794,02
878,89	1607,66
879,07	1714,15
879,24	1746,92
879,42	1767,40
879,60	1640,42
879,78	1705,96
879,96	1652,71
880,14	1773,54
880,32	1697,77
880,49	1605,61
880,67	1718,25
880,85	1679,33
881,03	1646,57
881,21	1701,86
881,39	1656,81
881,56	1703,91
881,74	1638,38
881,92	1638,38
882,10	1638,38
882,28	1736,68
882,46	1669,09
882,63	1642,47
882,81	1546,22
882,99	1642,47
883,17	1642,47
883,35	1726,44
883,52	1718,25
883,70	1763,30
883,88	1660,90
884,06	1730,53
884,24	1665,00
884,42	1757,16
884,59	1685,48
884,77	1744,87
884,95	1738,73
885,13	1665,00
885,31	1642,47
885,48	1617,90
885,66	1767,40
885,84	1705,96
886,02	1699,81
886,20	1724,39
886,37	1679,33
886,55	1730,53
886,73	1667,05
886,91	1669,09
887,08	1710,05
887,26	1679,33
887,44	1654,76
887,62	1607,66
887,80	1654,76
887,97	1681,38
888,15	1703,91
888,33	1630,18
888,51	1624,04
888,68	1718,25
888,86	1728,49
889,04	1533,93
889,22	1708,01
889,40	1636,33
889,57	1689,57
889,75	1763,30
889,93	1662,95
890,11	1689,57
890,28	1687,53
890,46	1644,52
890,64	1699,81
890,82	1656,81
890,99	1734,63
891,17	1667,05
891,35	1738,73
891,53	1656,81
891,70	1560,55
891,88	1658,85
892,06	1695,72
892,24	1654,76
892,41	1732,58
892,59	1667,05
892,77	1630,18
892,94	1646,57
893,12	1617,90
893,30	1552,36
893,48	1591,27
893,65	1744,87
893,83	1662,95
894,01	1648,61
894,19	1619,94
894,36	1734,63
894,54	1601,51
894,72	1646,57
894,89	1634,28
895,07	1634,28
895,25	1642,47
895,43	1617,90
895,60	1640,42
895,78	1673,19
895,96	1685,48
896,13	1689,57
896,31	1777,64
896,49	1701,86
896,66	1613,80
896,84	1740,77
897,02	1660,90
897,20	1648,61
897,37	1667,05
897,55	1578,98
897,73	1775,59
897,90	1615,85
898,08	1708,01
898,26	1642,47
898,43	1630,18
898,61	1677,29
898,79	1669,09
898,96	1660,90
899,14	1574,89
899,32	1646,57
899,49	1638,38
899,67	1658,85
899,85	1738,73
900,02	1697,77
900,20	1591,27
900,38	1685,48
900,55	1693,67
900,73	1804,26
900,91	1665,00
901,08	1691,62
901,26	1667,05
901,44	1693,67
901,61	1638,38
901,79	1673,19
901,97	1646,57
902,14	1611,75
902,32	1703,91
902,50	1607,66
902,67	1624,04
902,85	1675,24
903,02	1632,23
903,20	1599,46
903,38	1679,33
903,55	1581,03
903,73	1624,04
903,91	1658,85
904,08	1761,25
904,26	1644,52
904,44	1767,40
904,61	1538,02
904,79	1724,39
904,96	1708,01
905,14	1683,43
905,32	1624,04
905,49	1636,33
905,67	1535,98
905,84	1626,09
906,02	1669,09
906,20	1607,66
906,37	1804,26
906,55	1685,48
906,73	1658,85
906,90	1716,20
907,08	1658,85
907,25	1593,32
907,43	1636,33
907,61	1605,61
907,78	1638,38
907,96	1613,80
908,13	1691,62
908,31	1701,86
908,48	1665,00
908,66	1673,19
908,84	1646,57
909,01	1712,10
909,19	1712,10
909,36	1585,13
909,54	1597,42
909,72	1621,99
909,89	1568,74
910,07	1572,84
910,24	1662,95
910,42	1654,76
910,59	1605,61
910,77	1636,33
910,95	1533,93
911,12	1636,33
911,30	1714,15
911,47	1646,57
911,65	1581,03
911,82	1578,98
912,00	1685,48
912,17	1591,27
912,35	1671,14
912,53	1681,38
912,70	1705,96
912,88	1628,14
913,05	1636,33
913,23	1589,22
913,40	1714,15
913,58	1617,90
913,75	1624,04
913,93	1542,12
914,10	1574,89
914,28	1546,22
914,46	1646,57
914,63	1638,38
914,81	1701,86
914,98	1576,94
915,16	1607,66
915,33	1617,90
915,51	1615,85
915,68	1669,09
915,86	1669,09
916,03	1503,21
916,21	1540,07
916,38	1650,66
916,56	1566,70
916,73	1710,05
916,91	1642,47
917,08	1587,18
917,26	1691,62
917,43	1568,74
917,61	1593,32
917,78	1710,05
917,96	1535,98
918,13	1572,84
918,31	1673,19
918,48	1513,45
918,66	1523,69
918,83	1687,53
919,01	1619,94
919,18	1675,24
919,36	1615,85
919,53	1654,76
919,71	1744,87
919,88	1716,20
920,06	1665,00
920,23	1619,94
920,41	1646,57
920,58	1687,53
920,76	1621,99
920,93	1675,24
921,11	1607,66
921,28	1574,89
921,45	1703,91
921,63	1677,29
921,80	1703,91
921,98	1619,94
922,15	1585,13
922,33	1585,13
922,50	1640,42
922,68	1611,75
922,85	1564,65
923,03	1587,18
923,20	1675,24
923,38	1630,18
923,55	1753,06
923,72	1638,38
923,90	1832,93
924,07	1554,41
924,25	1687,53
924,42	1783,78
924,60	1624,04
924,77	1617,90
924,95	1685,48
925,12	1708,01
925,29	1806,31
925,47	1632,23
925,64	1515,50
925,82	1640,42
925,99	1595,37
926,17	1619,94
926,34	1656,81
926,51	1642,47
926,69	1708,01
926,86	1599,46
927,04	1632,23
927,21	1587,18
927,38	1542,12
927,56	1613,80
927,73	1658,85
927,91	1597,42
928,08	1791,97
928,25	1601,51
928,43	1595,37
928,60	1599,46
928,78	1695,72
928,95	1562,60
929,12	1646,57
929,30	1632,23
929,47	1628,14
929,65	1576,94
929,82	1605,61
929,99	1685,48
930,17	1529,83
930,34	1679,33
930,52	1626,09
930,69	1593,32
930,86	1703,91
931,04	1603,56
931,21	1511,40
931,38	1540,07
931,56	1593,32
931,73	1695,72
931,91	1593,32
932,08	1652,71
932,25	1703,91
932,43	1601,51
932,60	1552,36
932,77	1630,18
932,95	1558,50
933,12	1640,42
933,29	1564,65
933,47	1695,72
933,64	1591,27
933,82	1564,65
933,99	1615,85
934,16	1593,32
934,34	1687,53
934,51	1638,38
934,68	1648,61
934,86	1617,90
935,03	1529,83
935,20	1613,80
935,38	1605,61
935,55	1566,70
935,72	1581,03
935,90	1632,23
936,07	1607,66
936,24	1572,84
936,42	1703,91
936,59	1726,44
936,76	1740,77
936,94	1550,31
937,11	1546,22
937,28	1591,27
937,46	1585,13
937,63	1609,70
937,80	1564,65
937,97	1708,01
938,15	1619,94
938,32	1554,41
938,49	1697,77
938,67	1589,22
938,84	1642,47
939,01	1599,46
939,19	1601,51
939,36	1613,80
939,53	1634,28
939,70	1624,04
939,88	1630,18
940,05	1566,70
940,22	1656,81
940,40	1630,18
940,57	1675,24
940,74	1554,41
940,92	1572,84
941,09	1615,85
941,26	1478,63
941,43	1630,18
941,61	1605,61
941,78	1576,94
941,95	1642,47
942,12	1636,33
942,30	1615,85
942,47	1648,61
942,64	1533,93
942,82	1654,76
942,99	1773,54
943,16	1576,94
943,33	1597,42
943,51	1576,94
943,68	1665,00
943,85	1615,85
944,02	1642,47
944,20	1699,81
944,37	1591,27
944,54	1601,51
944,71	1701,86
944,89	1613,80
945,06	1464,30
945,23	1628,14
945,40	1654,76
945,58	1529,83
945,75	1558,50
945,92	1662,95
946,09	1615,85
946,27	1621,99
946,44	1490,92
946,61	1671,14
946,78	1611,75
946,95	1601,51
947,13	1556,46
947,30	1589,22
947,47	1593,32
947,64	1568,74
947,82	1558,50
947,99	1576,94
948,16	1593,32
948,33	1589,22
948,50	1525,74
948,68	1712,10
948,85	1552,36
949,02	1671,14
949,19	1581,03
949,36	1593,32
949,54	1626,09
949,71	1624,04
949,88	1585,13
950,05	1589,22
950,22	1578,98
950,40	1671,14
950,57	1554,41
950,74	1703,91
950,91	1658,85
951,08	1548,26
951,26	1621,99
951,43	1576,94
951,60	1531,88
951,77	1656,81
951,94	1648,61
952,11	1597,42
952,29	1683,43
952,46	1554,41
952,63	1720,29
952,80	1583,08
952,97	1529,83
953,15	1611,75
953,32	1603,56
953,49	1550,31
953,66	1613,80
953,83	1562,60
954,00	1562,60
954,17	1599,46
954,35	1718,25
954,52	1525,74
954,69	1673,19
954,86	1689,57
955,03	1638,38
955,20	1632,23
955,38	1595,37
955,55	1638,38
955,72	1644,52
955,89	1609,70
956,06	1583,08
956,23	1568,74
956,40	1621,99
956,58	1499,11
956,75	1527,78
956,92	1544,17
957,09	1562,60
957,26	1646,57
957,43	1621,99
957,60	1540,07
957,77	1538,02
957,95	1611,75
958,12	1613,80
958,29	1646,57
958,46	1654,76
958,63	1568,74
958,80	1587,18
958,97	1667,05
959,14	1640,42
959,31	1628,14
959,49	1581,03
959,66	1550,31
959,83	1638,38
960,00	1529,83
960,17	1654,76
960,34	1732,58
960,51	1572,84
960,68	1667,05
960,85	1615,85
961,02	1552,36
961,20	1671,14
961,37	1533,93
961,54	1630,18
961,71	1591,27
961,88	1656,81
962,05	1538,02
962,22	1621,99
962,39	1605,61
962,56	1630,18
962,73	1515,50
962,90	1546,22
963,07	1703,91
963,24	1660,90
963,42	1542,12
963,59	1636,33
963,76	1564,65
963,93	1675,24
964,10	1572,84
964,27	1669,09
964,44	1646,57
964,61	1654,76
964,78	1648,61
964,95	1576,94
965,12	1665,00
965,29	1646,57
965,46	1495,02
965,63	1658,85
965,80	1609,70
965,97	1464,30
966,14	1574,89
966,31	1574,89
966,48	1665,00
966,66	1644,52
966,83	1550,31
967,00	1605,61
967,17	1646,57
967,34	1665,00
967,51	1671,14
967,68	1646,57
967,85	1558,50
968,02	1673,19
968,19	1474,54
968,36	1714,15
968,53	1546,22
968,70	1705,96
968,87	1671,14
969,04	1628,14
969,21	1619,94
969,38	1785,83
969,55	1632,23
969,72	1646,57
969,89	1587,18
970,06	1658,85
970,23	1607,66
970,40	1613,80
970,57	1599,46
970,74	1607,66
970,91	1640,42
971,08	1583,08
971,25	1521,64
971,42	1695,72
971,59	1603,56
971,76	1605,61
971,93	1667,05
972,10	1595,37
972,27	1624,04
972,44	1578,98
972,61	1652,71
972,78	1523,69
972,95	1611,75
973,12	1683,43
973,29	1646,57
973,46	1601,51
973,63	1554,41
973,80	1638,38
973,97	1548,26
974,14	1699,81
974,30	1619,94
974,47	1660,90
974,64	1621,99
974,81	1613,80
974,98	1712,10
975,15	1574,89
975,32	1658,85
975,49	1609,70
975,66	1550,31
975,83	1716,20
976,00	1613,80
976,17	1519,59
976,34	1638,38
976,51	1597,42
976,68	1554,41
976,85	1646,57
977,02	1607,66
977,19	1601,51
977,36	1513,45
977,52	1697,77
977,69	1703,91
977,86	1736,68
978,03	1585,13
978,20	1583,08
978,37	1650,66
978,54	1660,90
978,71	1685,48
978,88	1683,43
979,05	1566,70
979,22	1589,22
979,39	1636,33
979,56	1632,23
979,72	1466,35
979,89	1658,85
980,06	1646,57
980,23	1734,63
980,40	1589,22
980,57	1587,18
980,74	1556,46
980,91	1636,33
981,08	1560,55
981,25	1599,46
981,41	1673,19
981,58	1505,26
981,75	1552,36
981,92	1656,81
982,09	1638,38
982,26	1591,27
982,43	1462,25
982,60	1648,61
982,77	1515,50
982,93	1624,04
983,10	1630,18
983,27	1495,02
983,44	1583,08
983,61	1624,04
983,78	1568,74
983,95	1576,94
984,11	1558,50
984,28	1763,30
984,45	1509,35
984,62	1484,78
984,79	1593,32
984,96	1665,00
985,13	1613,80
985,30	1671,14
985,46	1531,88
985,63	1587,18
985,80	1693,67
985,97	1554,41
986,14	1478,63
986,31	1615,85
986,47	1597,42
986,64	1533,93
986,81	1626,09
986,98	1568,74
987,15	1648,61
987,32	1628,14
987,48	1566,70
987,65	1574,89
987,82	1558,50
987,99	1697,77
988,16	2062,30
988,33	1771,49
988,49	1603,56
988,66	1720,29
988,83	1507,30
989,00	1628,14
989,17	1531,88
989,34	1632,23
989,50	1560,55
989,67	1570,79
989,84	1507,30
990,01	1603,56
990,18	1574,89
990,34	1654,76
990,51	1552,36
990,68	1607,66
990,85	1679,33
991,02	1593,32
991,18	1531,88
991,35	1617,90
991,52	1609,70
991,69	1548,26
991,86	1654,76
992,02	1583,08
992,19	1583,08
992,36	1587,18
992,53	1671,14
992,69	1519,59
992,86	1599,46
993,03	1671,14
993,20	1466,35
993,37	1748,97
993,53	1607,66
993,70	1642,47
993,87	1538,02
994,04	1615,85
994,20	1538,02
994,37	1605,61
994,54	1562,60
994,71	1583,08
994,87	1593,32
995,04	1667,05
995,21	1587,18
995,38	1488,87
995,55	1507,30
995,71	1615,85
995,88	1601,51
996,05	1617,90
996,22	1619,94
996,38	1603,56
996,55	1548,26
996,72	1566,70
996,88	1748,97
997,05	2537,43
997,22	1624,04
997,39	1605,61
997,55	1652,71
997,72	1621,99
997,89	1624,04
998,06	1642,47
998,22	1601,51
998,39	1535,98
998,56	1593,32
998,73	1507,30
998,89	1581,03
999,06	1525,74
999,23	1611,75
999,39	1638,38
999,56	1642,47
999,73	1523,69
999,90	1583,08
1000,06	1595,37
1000,23	1605,61
1000,40	1693,67
1000,56	1632,23
1000,73	1542,12
1000,90	1593,32
1001,06	1605,61
1001,23	1554,41
1001,40	1632,23
1001,57	1660,90
1001,73	1548,26
1001,90	1460,20
1002,07	1644,52
1002,23	1583,08
1002,40	1593,32
1002,57	1581,03
1002,73	1578,98
1002,90	1587,18
1003,07	1628,14
1003,23	1589,22
1003,40	1624,04
1003,57	1568,74
1003,73	1585,13
1003,90	1630,18
1004,07	1556,46
1004,23	1599,46
1004,40	1630,18
1004,57	1495,02
1004,73	1578,98
1004,90	1615,85
1005,07	1593,32
1005,23	1654,76
1005,40	1515,50
1005,57	1601,51
1005,73	1638,38
1005,90	1562,60
1006,07	1681,38
1006,23	1660,90
1006,40	1583,08
1006,57	1581,03
1006,73	1679,33
1006,90	1611,75
1007,06	1652,71
1007,23	1581,03
1007,40	1562,60
1007,56	1585,13
1007,73	1593,32
1007,90	1568,74
1008,06	1613,80
1008,23	1640,42
1008,40	1611,75
1008,56	1624,04
1008,73	1558,50
1008,89	1634,28
1009,06	1675,24
1009,23	1621,99
1009,39	1572,84
1009,56	1646,57
1009,72	1675,24
1009,89	1607,66
1010,06	1634,28
1010,22	1560,55
1010,39	1552,36
1010,55	1597,42
1010,72	1628,14
1010,89	1576,94
1011,05	1621,99
1011,22	1578,98
1011,38	1587,18
1011,55	1568,74
1011,72	1540,07
1011,88	1595,37
1012,05	1611,75
1012,21	1619,94
1012,38	1574,89
1012,55	1593,32
1012,71	1482,73
1012,88	1533,93
1013,04	1624,04
1013,21	1550,31
1013,37	1673,19
1013,54	1589,22
1013,71	1617,90
1013,87	1548,26
1014,04	1587,18
1014,20	1660,90
1014,37	1599,46
1014,53	1687,53
1014,70	1574,89
1014,87	1595,37
1015,03	1689,57
1015,20	1550,31
1015,36	1570,79
1015,53	1538,02
1015,69	1617,90
1015,86	1615,85
1016,02	1669,09
1016,19	1685,48
1016,36	1585,13
1016,52	1626,09
1016,69	1665,00
1016,85	1578,98
1017,02	1691,62
1017,18	1550,31
1017,35	1626,09
1017,51	1611,75
1017,68	1669,09
1017,84	1566,70
1018,01	1556,46
1018,17	1693,67
1018,34	1703,91
1018,50	1509,35
1018,67	1568,74
1018,84	1660,90
1019,00	1585,13
1019,17	1548,26
1019,33	1660,90
1019,50	1636,33
1019,66	1701,86
1019,83	1576,94
1019,99	1699,81
1020,16	1558,50
1020,32	1523,69
1020,49	1648,61
1020,65	1587,18
1020,82	1628,14
1020,98	1671,14
1021,15	1570,79
1021,31	1703,91
1021,48	1589,22
1021,64	1578,98
1021,81	1640,42
1021,97	1572,84
1022,14	1613,80
1022,30	1634,28
1022,47	1560,55
1022,63	1607,66
1022,79	1581,03
1022,96	1634,28
1023,12	1595,37
1023,29	1568,74
1023,45	1755,11
1023,62	1640,42
1023,78	1687,53
1023,95	1595,37
1024,11	1615,85
1024,28	1501,16
1024,44	1538,02
1024,61	1499,11
1024,77	1583,08
1024,94	1632,23
1025,10	1581,03
1025,26	1550,31
1025,43	1576,94
1025,59	1589,22
1025,76	1654,76
1025,92	1574,89
1026,09	1568,74
1026,25	1703,91
1026,42	1570,79
1026,58	1560,55
1026,74	1646,57
1026,91	1636,33
1027,07	1613,80
1027,24	1699,81
1027,40	1581,03
1027,57	1638,38
1027,73	1546,22
1027,90	1656,81
1028,06	1548,26
1028,22	1675,24
1028,39	1578,98
1028,55	1626,09
1028,72	1578,98
1028,88	1671,14
1029,04	1581,03
1029,21	1662,95
1029,37	1576,94
1029,54	1574,89
1029,70	1560,55
1029,87	1587,18
1030,03	1548,26
1030,19	1708,01
1030,36	1581,03
1030,52	1621,99
1030,69	1523,69
1030,85	1587,18
1031,01	1550,31
1031,18	1630,18
1031,34	1671,14
1031,50	1572,84
1031,67	1662,95
1031,83	1628,14
1032,00	1552,36
1032,16	1613,80
1032,32	1550,31
1032,49	1656,81
1032,65	1716,20
1032,82	1681,38
1032,98	1533,93
1033,14	1574,89
1033,31	1576,94
1033,47	1671,14
1033,63	1556,46
1033,80	1644,52
1033,96	1593,32
1034,13	1621,99
1034,29	1525,74
1034,45	1626,09
1034,62	1650,66
1034,78	1654,76
1034,94	1544,17
1035,11	1624,04
1035,27	1566,70
1035,43	1621,99
1035,60	1662,95
1035,76	1515,50
1035,92	1525,74
1036,09	1484,78
1036,25	1599,46
1036,41	1630,18
1036,58	1599,46
1036,74	1646,57
1036,90	1538,02
1037,07	1566,70
1037,23	1605,61
1037,39	1681,38
1037,56	1591,27
1037,72	1656,81
1037,88	1634,28
1038,05	1540,07
1038,21	1648,61
1038,37	1644,52
1038,54	1642,47
1038,70	1650,66
1038,86	1538,02
1039,03	1597,42
1039,19	1527,78
1039,35	1509,35
1039,52	1519,59
1039,68	1535,98
1039,84	1603,56
1040,00	1640,42
1040,17	1499,11
1040,33	1624,04
1040,49	1675,24
1040,66	1621,99
1040,82	1556,46
1040,98	1607,66
1041,15	1560,55
1041,31	1603,56
1041,47	1572,84
1041,63	1482,73
1041,80	1552,36
1041,96	1689,57
1042,12	1583,08
1042,29	1650,66
1042,45	1662,95
1042,61	1527,78
1042,77	1603,56
1042,94	1630,18
1043,10	1808,36
1043,26	1581,03
1043,42	1605,61
1043,59	1693,67
1043,75	1632,23
1043,91	1613,80
1044,07	1640,42
1044,24	1601,51
1044,40	1570,79
