345,22	1337,32
345,44	1337,32
345,66	1337,32
345,88	1282,03
346,10	1296,36
346,32	1384,43
346,54	1476,59
346,75	1497,07
346,97	1470,44
347,19	1460,20
347,41	1427,43
347,63	1427,43
347,85	1402,86
348,07	1462,25
348,29	1470,44
348,51	1441,77
348,73	1495,02
348,95	1404,91
349,16	1452,01
349,38	1445,87
349,60	1513,45
349,82	1474,54
350,04	1470,44
350,26	1425,39
350,48	1548,26
350,70	1587,18
350,92	1486,83
351,14	1546,22
351,35	1474,54
351,57	1425,39
351,79	1466,35
352,01	1499,11
352,23	1449,96
352,45	1466,35
352,67	1443,82
352,89	1452,01
353,10	1501,16
353,32	1501,16
353,54	1529,83
353,76	1519,59
353,98	1484,78
354,20	1415,15
354,42	1503,21
354,64	1411,05
354,85	1572,84
355,07	1464,30
355,29	1509,35
355,51	1492,97
355,73	1429,48
355,95	1441,77
356,17	1468,39
356,38	1449,96
356,60	1495,02
356,82	1519,59
357,04	1435,63
357,26	1423,34
357,48	1589,22
357,69	1441,77
357,91	1521,64
358,13	1468,39
358,35	1503,21
358,57	1517,54
358,79	1583,08
359,01	1517,54
359,22	1501,16
359,44	1607,66
359,66	1542,12
359,88	1415,15
360,10	1429,48
360,32	1480,68
360,53	1470,44
360,75	1429,48
360,97	1480,68
361,19	1546,22
361,41	1478,63
361,62	1556,46
361,84	1409,00
362,06	1458,15
362,28	1499,11
362,50	1566,70
362,72	1544,17
362,93	1402,86
363,15	1382,38
363,37	1499,11
363,59	1509,35
363,81	1466,35
364,02	1583,08
364,24	1478,63
364,46	1507,30
364,68	1415,15
364,90	1626,09
365,11	1540,07
365,33	1531,88
365,55	1437,67
365,77	1490,92
365,99	1439,72
366,20	1607,66
366,42	1503,21
366,64	1492,97
366,86	1503,21
367,07	1474,54
367,29	1378,28
367,51	1441,77
367,73	1415,15
367,95	1554,41
368,16	1548,26
368,38	1466,35
368,60	1476,59
368,82	1445,87
369,03	1591,27
369,25	1587,18
369,47	1562,60
369,69	1421,29
369,91	1486,83
370,12	1458,15
370,34	1449,96
370,56	1505,26
370,78	1503,21
370,99	1527,78
371,21	1562,60
371,43	1527,78
371,65	1441,77
371,86	1533,93
372,08	1554,41
372,30	1435,63
372,52	1554,41
372,73	1540,07
372,95	1509,35
373,17	1476,59
373,39	1472,49
373,60	1540,07
373,82	1566,70
374,04	1415,15
374,26	1505,26
374,47	1470,44
374,69	1499,11
374,91	1597,42
375,12	1548,26
375,34	1525,74
375,56	1583,08
375,78	1525,74
375,99	1517,54
376,21	1613,80
376,43	1597,42
376,65	1538,02
376,86	1589,22
377,08	1507,30
377,30	1656,81
377,51	1603,56
377,73	1581,03
377,95	1624,04
378,17	1687,53
378,38	1613,80
378,60	1699,81
378,82	1769,44
379,03	1765,35
379,25	1742,82
379,47	1925,09
379,68	1632,23
379,90	1697,77
380,12	1714,15
380,34	1740,77
380,55	1744,87
380,77	1761,25
380,99	1855,46
381,20	1978,34
381,42	1918,95
381,64	1910,75
381,85	1882,08
382,07	2004,96
382,29	2045,92
382,50	2072,54
382,72	2045,92
382,94	2035,68
383,15	2123,74
383,37	2172,89
383,59	2203,61
383,80	2191,33
384,02	2295,77
384,24	2314,20
384,45	2463,71
384,67	2486,23
384,89	2447,32
385,10	2539,48
385,32	2701,27
385,54	2605,02
385,75	2787,29
385,97	2783,19
386,19	2818,00
386,40	2947,03
386,62	2953,17
386,84	3037,14
387,05	3084,24
387,27	3217,36
387,49	3248,08
387,70	3336,14
387,92	3461,07
388,14	3604,42
388,35	3534,79
388,57	3733,45
388,79	3762,12
389,00	3889,09
389,22	3956,68
389,43	4210,62
389,65	4304,83
389,87	4276,16
390,08	4360,13
390,30	4577,21
390,52	4755,38
390,73	4837,30
390,95	4958,13
391,17	5144,50
391,38	5234,61
391,60	5347,25
391,81	5810,09
392,03	5640,11
392,25	5789,61
392,46	5885,86
392,68	6184,87
392,89	6291,36
393,11	6600,60
393,33	6483,87
393,54	6807,45
393,76	6829,98
393,98	7108,50
394,19	7163,79
394,41	7585,68
394,62	7436,17
394,84	7784,33
395,06	7759,75
395,27	7937,93
395,49	8021,89
395,70	8243,07
395,92	8413,06
396,13	8556,41
396,35	8759,16
396,57	9062,26
396,78	9238,39
397,00	8994,68
397,21	9570,16
397,43	9627,50
397,65	9731,95
397,86	9764,72
398,08	9850,73
398,29	9955,18
398,51	9817,96
398,72	9955,18
398,94	10184,55
399,16	9926,50
399,37	10102,63
399,59	10397,54
399,80	10332,00
400,02	9989,99
400,23	10354,53
400,45	10100,58
400,67	10422,11
400,88	10360,67
401,10	10020,71
401,31	9797,48
401,53	9944,94
401,74	9889,64
401,96	9568,11
402,17	9791,34
402,39	9494,38
402,61	9676,65
402,82	9647,98
403,04	9443,18
403,25	9222,00
403,47	9054,07
403,68	8714,11
403,90	8836,99
404,11	8648,57
404,33	8662,91
404,54	8638,33
404,76	8095,62
404,97	8241,03
405,19	8279,94
405,41	7815,05
405,62	7548,81
405,84	7239,57
406,05	7380,88
406,27	7235,47
406,48	7012,24
406,70	6592,41
406,91	6391,71
407,13	6612,89
407,34	6328,22
407,56	6231,97
407,77	6051,75
407,99	5760,94
408,20	6053,80
408,42	5707,69
408,63	5701,54
408,85	5429,17
409,06	5345,20
409,28	5218,22
409,49	5009,33
409,71	4945,84
409,92	4761,53
410,14	4605,88
410,35	4794,29
410,57	4683,70
410,78	4470,72
411,00	4526,01
411,21	4411,32
411,43	4573,11
411,64	4235,20
411,86	3981,25
412,07	4210,62
412,29	4014,02
412,50	3913,67
412,72	4044,74
412,93	4032,45
413,15	3790,79
413,36	3645,38
413,58	3727,30
413,79	3626,95
414,01	3659,72
414,22	3672,01
414,43	3600,33
414,65	3538,89
414,86	3512,27
415,08	3358,67
415,29	3325,90
415,51	3284,94
415,72	3213,26
415,94	3129,30
416,15	3135,44
416,37	3143,63
416,58	3160,02
416,80	3082,19
417,01	2947,03
417,22	3035,09
417,44	2973,65
417,65	2912,21
417,87	2889,68
418,08	2940,88
418,30	2818,00
418,51	2789,33
418,73	2822,10
418,94	2611,16
419,15	2627,54
419,37	2695,13
419,58	2668,50
419,80	2609,11
420,01	2650,07
420,23	2734,04
420,44	2570,20
420,65	2662,36
420,87	2617,30
421,08	2607,06
421,30	2605,02
421,51	2502,62
421,73	2371,55
421,94	2385,88
422,15	2451,42
422,37	2461,66
422,58	2400,22
422,80	2281,44
423,01	2480,09
423,22	2346,97
423,44	2228,19
423,65	2303,96
423,87	2289,63
424,08	2324,44
424,29	2357,21
424,51	2303,96
424,72	2381,79
424,94	2314,20
425,15	2365,40
425,36	2332,64
425,58	2308,06
425,79	2277,34
426,01	2346,97
426,22	2263,01
426,43	2361,31
426,65	2250,72
426,86	2301,92
427,08	2351,07
427,29	2250,72
427,50	2203,61
427,72	2248,67
427,93	2277,34
428,14	2330,59
428,36	2293,72
428,57	2260,96
428,79	2357,21
429,00	2181,09
429,21	2203,61
429,43	2281,44
429,64	2254,81
429,85	2267,10
430,07	2385,88
430,28	2285,53
430,49	2256,86
430,71	2299,87
430,92	2289,63
431,14	2359,26
431,35	2359,26
431,56	2289,63
431,78	2379,74
431,99	2375,64
432,20	2389,98
432,42	2361,31
432,63	2498,52
432,84	2445,27
433,06	2346,97
433,27	2375,64
433,48	2439,13
433,70	2406,36
433,91	2430,94
434,12	2359,26
434,34	2482,14
434,55	2443,23
434,76	2551,77
434,98	2519,00
435,19	2471,90
435,40	2330,59
435,62	2541,53
435,83	2611,16
436,04	2549,72
436,26	2516,95
436,47	2586,58
436,68	2508,76
436,90	2488,28
437,11	2557,91
437,32	2582,49
437,54	2672,60
437,75	2492,38
437,96	2746,33
438,17	2607,06
438,39	2578,39
438,60	2617,30
438,81	2641,88
439,03	2836,44
439,24	2682,84
439,45	2918,36
439,67	2654,17
439,88	2758,61
440,09	2727,89
440,30	2752,47
440,52	2731,99
440,73	2744,28
440,94	2731,99
441,16	2734,04
441,37	2822,10
441,58	2740,18
441,80	2893,78
442,01	2873,30
442,22	2922,45
442,43	2850,77
442,65	3041,23
442,86	2932,69
443,07	2934,74
443,28	2736,09
443,50	2963,41
443,71	2944,98
443,92	2879,44
444,14	2818,00
444,35	3092,43
444,56	2979,79
444,77	2934,74
444,99	2967,51
445,20	2897,88
445,41	2975,70
445,62	3069,91
445,84	3010,51
446,05	3121,10
446,26	3131,34
446,47	2934,74
446,69	2838,48
446,90	3006,42
447,11	2955,22
447,32	2822,10
447,54	2891,73
447,75	2926,55
447,96	2940,88
448,17	2906,07
448,39	3022,80
448,60	2842,58
448,81	2854,87
449,02	2863,06
449,23	2920,40
449,45	2992,08
449,66	2918,36
449,87	2944,98
450,08	2883,54
450,30	2801,62
450,51	2846,68
450,72	2803,67
450,93	2879,44
451,15	2867,16
451,36	2887,64
451,57	2842,58
451,78	2826,20
451,99	2883,54
452,21	2836,44
452,42	2762,71
452,63	2768,85
452,84	2596,82
453,05	2766,81
453,27	2793,43
453,48	2904,02
453,69	2760,66
453,90	2822,10
454,11	2828,24
454,33	2600,92
454,54	2652,12
454,75	2697,17
454,96	2723,80
455,17	2693,08
455,39	2674,65
455,60	2707,41
455,81	2744,28
456,02	2703,32
456,23	2652,12
456,45	2758,61
456,66	2772,95
456,87	2641,88
457,08	2711,51
457,29	2676,70
457,50	2580,44
457,72	2666,46
457,93	2555,86
458,14	2738,13
458,35	2691,03
458,56	2691,03
458,77	2625,50
458,99	2588,63
459,20	2535,39
459,41	2627,54
459,62	2500,57
459,83	2607,06
460,04	2615,26
460,26	2625,50
460,47	2566,10
460,68	2553,82
460,89	2455,51
461,10	2508,76
461,31	2559,96
461,52	2545,63
461,74	2551,77
461,95	2383,84
462,16	2449,37
462,37	2494,43
462,58	2525,15
462,79	2594,78
463,00	2400,22
463,22	2498,52
463,43	2396,12
463,64	2537,43
463,85	2412,51
464,06	2502,62
464,27	2428,89
464,48	2432,99
464,70	2379,74
464,91	2457,56
465,12	2435,03
465,33	2484,19
465,54	2543,58
465,75	2537,43
465,96	2437,08
466,17	2412,51
466,38	2582,49
466,60	2406,36
466,81	2381,79
467,02	2559,96
467,23	2441,18
467,44	2461,66
467,65	2398,17
467,86	2584,54
468,07	2473,95
468,28	2492,38
468,50	2404,32
468,71	2510,81
468,92	2512,86
469,13	2443,23
469,34	2375,64
469,55	2457,56
469,76	2547,67
469,97	2478,04
470,18	2463,71
470,39	2447,32
470,60	2439,13
470,82	2432,99
471,03	2435,03
471,24	2580,44
471,45	2389,98
471,66	2533,34
471,87	2412,51
472,08	2502,62
472,29	2496,47
472,50	2510,81
472,71	2383,84
472,92	2484,19
473,13	2365,40
473,34	2484,19
473,55	2523,10
473,77	2475,99
473,98	2541,53
474,19	2578,39
474,40	2453,47
474,61	2478,04
474,82	2547,67
475,03	2486,23
475,24	2465,75
475,45	2543,58
475,66	2607,06
475,87	2615,26
476,08	2553,82
476,29	2691,03
476,50	2594,78
476,71	2641,88
476,92	2623,45
477,13	2713,56
477,34	2621,40
477,55	2625,50
477,76	2641,88
477,97	2607,06
478,18	2584,54
478,40	2578,39
478,61	2719,70
478,82	2615,26
479,03	2762,71
479,24	2781,14
479,45	2760,66
479,66	2641,88
479,87	2791,38
480,08	2557,91
480,29	2738,13
480,50	2836,44
480,71	2770,90
480,92	2850,77
481,13	2709,46
481,34	2742,23
481,55	2734,04
481,76	2775,00
481,97	2858,96
482,18	2824,15
482,39	2744,28
482,60	2795,48
482,81	2783,19
483,02	2836,44
483,23	2981,84
483,44	2879,44
483,65	2899,92
483,86	2967,51
484,07	2895,83
484,28	3041,23
484,49	2936,79
484,70	2981,84
484,91	2998,23
485,12	2973,65
485,33	2912,21
485,54	3010,51
485,75	3004,37
485,96	3047,38
486,17	3074,00
486,38	2932,69
486,59	3014,61
486,80	3078,10
487,01	2957,27
487,21	3047,38
487,42	3110,86
487,63	3200,98
487,84	3061,71
488,05	3055,57
488,26	3248,08
488,47	3022,80
488,68	3041,23
488,89	3184,59
489,10	3266,51
489,31	3143,63
489,52	3055,57
489,73	3295,18
489,94	3366,86
490,15	3264,46
490,36	3211,22
490,57	3157,97
490,78	3221,45
490,99	3243,98
491,20	3332,05
491,41	3391,44
491,61	3542,99
491,82	3358,67
492,03	3313,61
492,24	3428,30
492,45	3327,95
492,66	3383,24
492,87	3295,18
493,08	3330,00
493,29	3295,18
493,50	3348,43
493,71	3446,73
493,92	3452,88
494,13	3438,54
494,34	3403,72
494,54	3471,31
494,75	3567,56
494,96	3692,49
495,17	3504,07
495,38	3456,97
495,59	3465,16
495,80	3551,18
496,01	3553,23
496,22	3594,19
496,43	3495,88
496,64	3667,91
496,84	3567,56
497,05	3594,19
497,26	3798,98
497,47	3741,64
497,68	3665,86
497,89	3661,77
498,10	3755,97
498,31	3743,69
498,52	3696,58
498,72	3682,25
498,93	3844,04
499,14	3719,11
499,35	3672,01
499,56	3710,92
499,77	3782,60
499,98	3833,80
500,19	3805,13
500,40	3850,18
500,60	3729,35
500,81	3850,18
501,02	3925,96
501,23	3944,39
501,44	3778,50
501,65	3780,55
501,86	3786,69
502,06	3774,41
502,27	3807,17
502,48	3925,96
502,69	3977,16
502,90	3987,40
503,11	3942,34
503,32	3975,11
503,53	3956,68
503,73	3985,35
503,94	4044,74
504,15	4054,98
504,36	3936,20
504,57	3954,63
504,78	3864,52
504,98	4014,02
505,19	4044,74
505,40	4024,26
505,61	4057,03
505,82	4024,26
506,03	4106,18
506,23	3968,96
506,44	4181,95
506,65	4196,29
506,86	4052,93
507,07	4022,21
507,28	4085,70
507,48	4216,77
507,69	4050,88
507,90	4067,27
508,11	4227,01
508,32	4106,18
508,53	4186,05
508,73	4020,16
508,94	3977,16
509,15	4204,48
509,36	4194,24
509,57	4179,90
509,77	4261,82
509,98	4100,03
510,19	4169,66
510,40	4321,21
510,61	4065,22
510,81	4173,76
511,02	4210,62
511,23	4308,93
511,44	4163,52
511,65	4265,92
511,85	4337,60
512,06	4274,11
512,27	4229,06
512,48	4253,63
512,69	4335,55
512,89	4327,36
513,10	4437,95
513,31	4337,60
513,52	4313,02
513,73	4444,09
513,93	4255,68
514,14	4415,42
514,35	4487,10
514,56	4362,17
514,76	4366,27
514,97	4491,20
515,18	4538,30
515,39	4433,85
515,60	4396,99
515,80	4421,56
516,01	4511,68
516,22	4431,80
516,43	4409,28
516,63	4452,28
516,84	4413,37
517,05	4431,80
517,26	4407,23
517,46	4345,79
517,67	4589,50
517,88	4415,42
518,09	4446,14
518,29	4388,80
518,50	4521,92
518,71	4321,21
518,92	4542,39
519,12	4579,26
519,33	4659,13
519,54	4390,84
519,75	4683,70
519,95	4507,58
520,16	4648,89
520,37	4507,58
520,57	4589,50
520,78	4685,75
520,99	4753,34
521,20	4583,35
521,40	4503,48
521,61	4673,46
521,82	4646,84
522,03	4739,00
522,23	4614,07
522,44	4634,55
522,65	4618,17
522,85	4556,73
523,06	4642,75
523,27	4722,62
523,48	4796,34
523,68	4523,96
523,89	4648,89
524,10	4681,66
524,30	4753,34
524,51	4739,00
524,72	4820,92
524,93	4659,13
525,13	4714,42
525,34	4710,33
525,55	4784,06
525,75	4712,38
525,96	4800,44
526,17	4796,34
526,37	4755,38
526,58	4794,29
526,79	4734,90
526,99	4698,04
527,20	4851,64
527,41	4849,59
527,62	4761,53
527,82	4685,75
528,03	4786,10
528,24	4773,82
528,44	4835,25
528,65	4806,58
528,86	4773,82
529,06	4747,19
529,27	4706,23
529,48	4638,65
529,68	4806,58
529,89	4882,36
530,10	4876,21
530,30	4880,31
530,51	4825,01
530,72	4939,70
530,92	4839,35
531,13	4929,46
531,34	4929,46
531,54	4886,45
531,75	4892,60
531,96	5027,76
532,16	4827,06
532,37	4745,14
532,57	5017,52
532,78	4868,02
532,99	4849,59
533,19	4872,12
533,40	5038,00
533,61	4859,83
533,81	4962,23
534,02	4833,21
534,23	4849,59
534,43	4913,08
534,64	4925,36
534,84	4933,56
535,05	4915,12
535,26	4990,90
535,46	4945,84
535,67	4847,54
535,88	4902,84
536,08	4851,64
536,29	4863,93
536,49	4853,69
536,70	5058,48
536,91	4855,73
537,11	4865,97
537,32	4925,36
537,53	4966,32
537,73	4908,98
537,94	4863,93
538,14	4962,23
538,35	4870,07
538,56	4966,32
538,76	4732,86
538,97	4843,45
539,17	4829,11
539,38	4956,08
539,59	5013,43
539,79	4894,65
540,00	4833,21
540,20	4935,60
540,41	4964,28
540,62	5005,24
540,82	4943,80
541,03	4964,28
541,23	5074,87
541,44	4775,86
541,64	4974,52
541,85	4951,99
542,06	4820,92
542,26	4876,21
542,47	4876,21
542,67	4970,42
542,88	4939,70
543,08	5019,57
543,29	4904,89
543,50	4954,04
543,70	4976,56
543,91	4972,47
544,11	4933,56
544,32	5083,06
544,52	5068,72
544,73	4964,28
544,94	4884,41
545,14	5091,25
545,35	4806,58
545,55	4997,04
545,76	5015,48
545,96	4915,12
546,17	4935,60
546,37	5027,76
546,58	5046,20
546,78	4949,94
546,99	4999,09
547,20	5021,62
547,40	5011,38
547,61	4990,90
547,81	4968,37
548,02	4937,65
548,22	4984,76
548,43	4999,09
548,63	4915,12
548,84	5076,91
549,04	4984,76
549,25	4941,75
549,45	4888,50
549,66	4888,50
549,86	5015,48
550,07	4915,12
550,27	4808,63
550,48	5083,06
550,69	5187,50
550,89	5119,92
551,10	5017,52
551,30	5148,59
551,51	5029,81
551,71	5005,24
551,92	4890,55
552,12	5015,48
552,33	5029,81
552,53	4980,66
552,74	4960,18
552,94	5142,45
553,15	4868,02
553,35	5109,68
553,56	4947,89
553,76	4888,50
553,97	4980,66
554,17	4962,23
554,38	5056,43
554,58	4988,85
554,79	4990,90
554,99	4941,75
555,19	5013,43
555,40	5046,20
555,60	5040,05
555,81	4884,41
556,01	4931,51
556,22	5066,67
556,42	5019,57
556,63	4913,08
556,83	4982,71
557,04	4908,98
557,24	5132,21
557,45	4997,04
557,65	5007,28
557,86	5062,58
558,06	4872,12
558,27	5062,58
558,47	4956,08
558,67	5035,96
558,88	4915,12
559,08	5062,58
559,29	4962,23
559,49	5140,40
559,70	5062,58
559,90	5019,57
560,11	4941,75
560,31	4980,66
560,52	5064,63
560,72	5023,67
560,92	4945,84
561,13	5029,81
561,33	4911,03
561,54	4974,52
561,74	5054,39
561,95	4968,37
562,15	5033,91
562,35	5081,01
562,56	5048,24
562,76	4931,51
562,97	5052,34
563,17	5058,48
563,38	4972,47
563,58	4939,70
563,78	4935,60
563,99	4988,85
564,19	4902,84
564,40	4874,17
564,60	5068,72
564,80	5078,96
565,01	4941,75
565,21	4855,73
565,42	5085,11
565,62	5001,14
565,83	5048,24
566,03	4911,03
566,23	5011,38
566,44	4935,60
566,64	4792,25
566,85	4925,36
567,05	4906,93
567,25	4919,22
567,46	5005,24
567,66	4913,08
567,86	5001,14
568,07	4937,65
568,27	5066,67
568,48	4888,50
568,68	4906,93
568,88	4861,88
569,09	4915,12
569,29	4908,98
569,50	4841,40
569,70	5113,78
569,90	4964,28
570,11	4978,61
570,31	4921,27
570,51	4929,46
570,72	4956,08
570,92	4865,97
571,13	4980,66
571,33	4736,95
571,53	4872,12
571,74	4810,68
571,94	5093,30
572,14	4880,31
572,35	4859,83
572,55	4943,80
572,75	4925,36
572,96	4859,83
573,16	4913,08
573,36	4886,45
573,57	4882,36
573,77	4884,41
573,97	4835,25
574,18	4851,64
574,38	4902,84
574,59	4943,80
574,79	4843,45
574,99	4796,34
575,20	4943,80
575,40	4880,31
575,60	4820,92
575,81	4874,17
576,01	4855,73
576,21	4945,84
576,42	4810,68
576,62	4782,01
576,82	4788,15
577,02	4886,45
577,23	4790,20
577,43	4876,21
577,63	4917,17
577,84	4820,92
578,04	4861,88
578,24	4972,47
578,45	4863,93
578,65	4767,67
578,85	4718,52
579,06	4788,15
579,26	4974,52
579,46	4931,51
579,67	5015,48
579,87	4847,54
580,07	4876,21
580,27	4786,10
580,48	4943,80
580,68	4782,01
580,88	4949,94
581,09	4677,56
581,29	4872,12
581,49	4843,45
581,69	4773,82
581,90	4763,58
582,10	4798,39
582,30	4796,34
582,51	4906,93
582,71	4802,49
582,91	4827,06
583,11	4802,49
583,32	4798,39
583,52	4663,22
583,72	4655,03
583,93	4892,60
584,13	4851,64
584,33	4761,53
584,53	4851,64
584,74	4757,43
584,94	4749,24
585,14	4767,67
585,34	4667,32
585,55	4804,53
585,75	4702,14
585,95	4667,32
586,15	4724,66
586,36	4544,44
586,56	4710,33
586,76	4630,46
586,96	4517,82
587,17	4708,28
587,37	4620,22
587,57	4652,98
587,77	4751,29
587,98	4702,14
588,18	4585,40
588,38	4593,59
588,58	4612,03
588,79	4712,38
588,99	4693,94
589,19	4630,46
589,39	4683,70
589,60	4521,92
589,80	4728,76
590,00	4607,93
590,20	4601,79
590,40	4550,59
590,61	4693,94
590,81	4652,98
591,01	4499,39
591,21	4521,92
591,42	4612,03
591,62	4386,75
591,82	4378,56
592,02	4540,35
592,22	4523,96
592,43	4495,29
592,63	4595,64
592,83	4683,70
593,03	4642,75
593,23	4509,63
593,44	4476,86
593,64	4452,28
593,84	4577,21
594,04	4538,30
594,24	4583,35
594,45	4440,00
594,65	4544,44
594,85	4571,07
595,05	4614,07
595,25	4560,83
595,46	4429,76
595,66	4437,95
595,86	4558,78
596,06	4503,48
596,26	4595,64
596,46	4427,71
596,67	4382,65
596,87	4403,13
597,07	4532,15
597,27	4456,38
597,47	4444,09
597,67	4646,84
597,88	4515,77
598,08	4507,58
598,28	4425,66
598,48	4491,20
598,68	4497,34
598,88	4450,24
599,09	4485,05
599,29	4425,66
599,49	4538,30
599,69	4452,28
599,89	4417,47
600,09	4628,41
600,30	4380,61
600,50	4544,44
600,70	4513,72
600,90	4392,89
601,10	4431,80
601,30	4423,61
601,50	4540,35
601,71	4472,76
601,91	4491,20
602,11	4392,89
602,31	4462,52
602,51	4444,09
602,71	4302,78
602,91	4364,22
603,11	4372,41
603,32	4540,35
603,52	4456,38
603,72	4452,28
603,92	4399,04
604,12	4407,23
604,32	4437,95
604,52	4382,65
604,72	4536,25
604,93	4419,52
605,13	4483,00
605,33	4419,52
605,53	4382,65
605,73	4366,27
605,93	4440,00
606,13	4417,47
606,33	4437,95
606,53	4329,41
606,74	4454,33
606,94	4370,37
607,14	4286,40
607,34	4179,90
607,54	4288,45
607,74	4370,37
607,94	4251,58
608,14	4384,70
608,34	4270,01
608,54	4372,41
608,74	4286,40
608,95	4270,01
609,15	4274,11
609,35	4263,87
609,55	4372,41
609,75	4276,16
609,95	4343,74
610,15	4364,22
610,35	4376,51
610,55	4274,11
610,75	4196,29
610,95	4249,54
611,15	4267,97
611,35	4259,78
611,55	4364,22
611,76	4396,99
611,96	4257,73
612,16	4270,01
612,36	4263,87
612,56	4450,24
612,76	4331,45
612,96	4284,35
613,16	4272,06
613,36	4235,20
613,56	4335,55
613,76	4192,19
613,96	4235,20
614,16	4179,90
614,36	4308,93
614,56	4267,97
614,76	4302,78
614,96	4247,49
615,16	4218,82
615,36	4145,09
615,56	4153,28
615,76	4087,75
615,97	4261,82
616,17	4196,29
616,37	4212,67
616,57	4227,01
616,77	4126,66
616,97	4253,63
617,17	4100,03
617,37	4159,42
617,57	4140,99
617,77	4222,91
617,97	4231,10
618,17	4071,36
618,37	4116,42
618,57	4138,94
618,77	4112,32
618,97	4206,53
619,17	4102,08
619,37	4110,27
619,57	4075,46
619,77	4136,90
619,97	4173,76
620,17	4061,12
620,37	4140,99
620,57	3936,20
620,77	4063,17
620,97	4069,31
621,17	4016,07
621,37	4028,35
621,57	3919,81
621,77	3950,53
621,97	4075,46
622,17	3983,30
622,37	3915,72
622,57	4177,86
622,77	4005,83
622,97	4155,33
623,17	3925,96
623,37	4128,70
623,57	3925,96
623,77	3991,49
623,97	3942,34
624,16	3817,41
624,36	4026,31
624,56	3878,85
624,76	3930,05
624,96	3979,20
625,16	3944,39
625,36	3893,19
625,56	3917,76
625,76	3895,24
625,96	3893,19
626,16	4024,26
626,36	3936,20
626,56	3964,87
626,76	3866,56
626,96	3891,14
627,16	3913,67
627,36	3919,81
627,56	3942,34
627,76	3862,47
627,96	3801,03
628,16	3841,99
628,35	3798,98
628,55	3735,50
628,75	3786,69
628,95	3731,40
629,15	3872,71
629,35	3774,41
629,55	3887,04
629,75	3921,86
629,95	3823,56
630,15	3880,90
630,35	3784,65
630,55	3782,60
630,75	3819,46
630,95	3848,13
631,14	3876,80
631,34	3704,78
631,54	3723,21
631,74	3813,32
631,94	3792,84
632,14	3788,74
632,34	3643,34
632,54	3618,76
632,74	3762,12
632,94	3704,78
633,14	3653,58
633,33	3712,97
633,53	3655,62
633,73	3786,69
633,93	3721,16
634,13	3684,30
634,33	3676,10
634,53	3715,02
634,73	3766,21
634,93	3594,19
635,12	3596,23
635,32	3747,78
635,52	3532,75
635,72	3604,42
635,92	3598,28
636,12	3682,25
636,32	3506,12
636,52	3657,67
636,71	3561,42
636,91	3499,98
637,11	3592,14
637,31	3588,04
637,51	3567,56
637,71	3723,21
637,91	3581,90
638,11	3467,21
638,30	3495,88
638,50	3508,17
638,70	3690,44
638,90	3583,95
639,10	3659,72
639,30	3583,95
639,50	3524,55
639,69	3563,47
639,89	3495,88
640,09	3442,64
640,29	3512,27
640,49	3465,16
640,69	3411,92
640,88	3524,55
641,08	3370,96
641,28	3471,31
641,48	3456,97
641,68	3434,44
641,88	3407,82
642,07	3510,22
642,27	3493,83
642,47	3428,30
642,67	3549,13
642,87	3307,47
643,07	3366,86
643,26	3471,31
643,46	3438,54
643,66	3420,11
643,86	3375,05
644,06	3340,24
644,26	3461,07
644,45	3377,10
644,65	3377,10
644,85	3295,18
645,05	3389,39
645,25	3243,98
645,44	3327,95
645,64	3203,02
645,84	3409,87
646,04	3186,64
646,24	3284,94
646,43	3303,37
646,63	3305,42
646,83	3309,52
647,03	3313,61
647,23	3151,82
647,42	3303,37
647,62	3112,91
647,82	3305,42
648,02	3090,38
648,22	3119,06
648,41	3246,03
648,61	3239,89
648,81	3274,70
649,01	3272,65
649,20	3200,98
649,40	3223,50
649,60	3422,16
649,80	3241,93
650,00	3200,98
650,19	3047,38
650,39	3131,34
650,59	3219,41
650,79	3227,60
650,98	3153,87
651,18	2994,13
651,38	3233,74
651,58	3184,59
651,77	2985,94
651,97	3076,05
652,17	3076,05
652,37	3012,56
652,56	3096,53
652,76	3026,90
652,96	3088,34
653,16	3018,71
653,35	3059,67
653,55	3057,62
653,75	3008,47
653,95	3080,14
654,14	3053,52
654,34	2920,40
654,54	2953,17
654,74	3057,62
654,93	2992,08
655,13	2981,84
655,33	2822,10
655,52	2867,16
655,72	2975,70
655,92	2942,93
656,12	2951,12
656,31	3030,99
656,51	3016,66
656,71	2918,36
656,91	2916,31
657,10	2818,00
657,30	2893,78
657,50	2858,96
657,69	2930,64
657,89	2951,12
658,09	3010,51
658,29	2955,22
658,48	2863,06
658,68	2979,79
658,88	2840,53
659,07	2926,55
659,27	2885,59
659,47	2897,88
659,66	2877,40
659,86	2762,71
660,06	2875,35
660,26	2908,12
660,45	2869,20
660,65	3028,95
660,85	2885,59
661,04	2924,50
661,24	2881,49
661,44	2723,80
661,63	2795,48
661,83	2881,49
662,03	2793,43
662,22	2844,63
662,42	2838,48
662,62	2914,26
662,81	2861,01
663,01	2807,77
663,21	2807,77
663,40	2662,36
663,60	2775,00
663,80	2820,05
663,99	2924,50
664,19	2744,28
664,39	2832,34
664,58	2830,29
664,78	2775,00
664,98	2707,41
665,17	2805,72
665,37	2834,39
665,57	2793,43
665,76	2754,52
665,96	2779,09
666,16	2652,12
666,35	2762,71
666,55	2711,51
666,74	2744,28
666,94	2799,57
667,14	2801,62
667,33	2795,48
667,53	2721,75
667,73	2643,93
667,92	2734,04
668,12	2731,99
668,32	2719,70
668,51	2650,07
668,71	2652,12
668,90	2574,30
669,10	2594,78
669,30	2676,70
669,49	2682,84
669,69	2703,32
669,89	2631,64
670,08	2553,82
670,28	2809,81
670,47	2598,87
670,67	2648,02
670,87	2527,19
671,06	2727,89
671,26	2680,79
671,45	2582,49
671,65	2678,74
671,85	2549,72
672,04	2641,88
672,24	2533,34
672,43	2613,21
672,63	2621,40
672,83	2637,78
673,02	2392,03
673,22	2494,43
673,41	2562,01
673,61	2478,04
673,81	2502,62
674,00	2543,58
674,20	2629,59
674,39	2447,32
674,59	2439,13
674,78	2492,38
674,98	2617,30
675,18	2652,12
675,37	2424,80
675,57	2545,63
675,76	2510,81
675,96	2594,78
676,15	2541,53
676,35	2535,39
676,55	2602,97
676,74	2588,63
676,94	2533,34
677,13	2506,71
677,33	2555,86
677,52	2445,27
677,72	2488,28
677,91	2439,13
678,11	2502,62
678,31	2439,13
678,50	2480,09
678,70	2432,99
678,89	2432,99
679,09	2478,04
679,28	2453,47
679,48	2496,47
679,67	2385,88
679,87	2410,46
680,06	2611,16
680,26	2551,77
680,46	2406,36
680,65	2512,86
680,85	2539,48
681,04	2426,84
681,24	2342,88
681,43	2392,03
681,63	2432,99
681,82	2355,16
682,02	2430,94
682,21	2404,32
682,41	2377,69
682,60	2430,94
682,80	2371,55
682,99	2377,69
683,19	2387,93
683,38	2445,27
683,58	2406,36
683,77	2406,36
683,97	2422,75
684,16	2504,67
684,36	2285,53
684,55	2385,88
684,75	2383,84
684,94	2322,40
685,14	2396,12
685,33	2334,68
685,53	2406,36
685,72	2320,35
685,92	2365,40
686,11	2414,56
686,31	2381,79
686,50	2385,88
686,70	2320,35
686,89	2293,72
687,09	2336,73
687,28	2336,73
687,48	2283,49
687,67	2430,94
687,87	2224,09
688,06	2308,06
688,26	2252,77
688,45	2332,64
688,65	2322,40
688,84	2334,68
689,03	2303,96
689,23	2275,29
689,42	2281,44
689,62	2430,94
689,81	2338,78
690,01	2269,15
690,20	2301,92
690,40	2209,76
690,59	2385,88
690,79	2252,77
690,98	2361,31
691,17	2248,67
691,37	2326,49
691,56	2285,53
691,76	2342,88
691,95	2379,74
692,15	2220,00
692,34	2330,59
692,54	2201,57
692,73	2269,15
692,92	2351,07
693,12	2346,97
693,31	2263,01
693,51	2258,91
693,70	2320,35
693,90	2271,20
694,09	2252,77
694,28	2258,91
694,48	2361,31
694,67	2332,64
694,87	2312,16
695,06	2246,62
695,26	2277,34
695,45	2193,37
695,64	2308,06
695,84	2238,43
696,03	2222,05
696,23	2283,49
696,42	2289,63
696,61	2238,43
696,81	2338,78
697,00	2312,16
697,20	2279,39
697,39	2250,72
697,58	2154,46
697,78	2263,01
697,97	2312,16
698,17	2252,77
698,36	2256,86
698,55	2246,62
698,75	2426,84
698,94	2279,39
699,14	2220,00
699,33	2271,20
699,52	2369,50
699,72	2416,60
699,91	2369,50
700,10	2308,06
700,30	2285,53
700,49	2293,72
700,69	2254,81
700,88	2197,47
701,07	2357,21
701,27	2203,61
701,46	2400,22
701,65	2263,01
701,85	2287,58
702,04	2396,12
702,23	2295,77
702,43	2185,18
702,62	2299,87
702,82	2357,21
703,01	2369,50
703,20	2320,35
703,40	2377,69
703,59	2320,35
703,78	2252,77
703,98	2316,25
704,17	2373,60
704,36	2371,55
704,56	2465,75
704,75	2273,25
704,94	2365,40
705,14	2420,70
705,33	2418,65
705,52	2340,83
705,72	2326,49
705,91	2404,32
706,10	2303,96
706,30	2379,74
706,49	2385,88
706,68	2373,60
706,88	2428,89
707,07	2256,86
707,26	2377,69
707,46	2443,23
707,65	2443,23
707,84	2357,21
708,04	2328,54
708,23	2394,08
708,42	2351,07
708,62	2402,27
708,81	2283,49
709,00	2447,32
709,19	2373,60
709,39	2428,89
709,58	2432,99
709,77	2328,54
709,97	2441,18
710,16	2324,44
710,35	2355,16
710,55	2500,57
710,74	2383,84
710,93	2328,54
711,12	2445,27
711,32	2322,40
711,51	2443,23
711,70	2353,12
711,90	2432,99
712,09	2308,06
712,28	2426,84
712,47	2328,54
712,67	2465,75
712,86	2306,01
713,05	2332,64
713,24	2441,18
713,44	2447,32
713,63	2293,72
713,82	2295,77
714,02	2406,36
714,21	2303,96
714,40	2373,60
714,59	2361,31
714,79	2246,62
714,98	2297,82
715,17	2498,52
715,36	2293,72
715,56	2398,17
715,75	2248,67
715,94	2258,91
716,13	2355,16
716,33	2226,14
716,52	2303,96
716,71	2328,54
716,90	2236,38
717,10	2316,25
717,29	2203,61
717,48	2250,72
717,67	2230,24
717,87	2220,00
718,06	2349,02
718,25	2220,00
718,44	2344,92
718,63	2293,72
718,83	2289,63
719,02	2144,22
719,21	2293,72
719,40	2174,94
719,60	2183,13
719,79	2174,94
719,98	2201,57
720,17	2174,94
720,36	2220,00
720,56	2297,82
720,75	2211,81
720,94	2234,33
721,13	2260,96
721,33	2234,33
721,52	2205,66
721,71	2273,25
721,90	2291,68
722,09	2375,64
722,29	2213,85
722,48	2209,76
722,67	2265,05
722,86	2357,21
723,05	2189,28
723,24	2338,78
723,44	2203,61
723,63	2197,47
723,82	2289,63
724,01	2269,15
724,20	2293,72
724,40	2338,78
724,59	2170,85
724,78	2222,05
724,97	2316,25
725,16	2359,26
725,35	2344,92
725,55	2312,16
725,74	2170,85
725,93	2293,72
726,12	2289,63
726,31	2392,03
726,51	2336,73
726,70	2295,77
726,89	2306,01
727,08	2289,63
727,27	2334,68
727,46	2303,96
727,65	2342,88
727,85	2340,83
728,04	2271,20
728,23	2197,47
728,42	2248,67
728,61	2361,31
728,80	2271,20
729,00	2295,77
729,19	2340,83
729,38	2430,94
729,57	2445,27
729,76	2312,16
729,95	2414,56
730,14	2346,97
730,33	2324,44
730,53	2375,64
730,72	2365,40
730,91	2189,28
731,10	2486,23
731,29	2418,65
731,48	2394,08
731,67	2306,01
731,86	2306,01
732,06	2357,21
732,25	2377,69
732,44	2475,99
732,63	2320,35
732,82	2441,18
733,01	2418,65
733,20	2324,44
733,39	2322,40
733,59	2260,96
733,78	2416,60
733,97	2469,85
734,16	2480,09
734,35	2461,66
734,54	2353,12
734,73	2365,40
734,92	2555,86
735,11	2451,42
735,30	2459,61
735,49	2359,26
735,69	2535,39
735,88	2519,00
736,07	2449,37
736,26	2461,66
736,45	2453,47
736,64	2412,51
736,83	2512,86
737,02	2389,98
737,21	2392,03
737,40	2387,93
737,59	2576,34
737,78	2375,64
737,98	2371,55
738,17	2396,12
738,36	2541,53
738,55	2441,18
738,74	2406,36
738,93	2455,51
739,12	2428,89
739,31	2478,04
739,50	2506,71
739,69	2492,38
739,88	2529,24
740,07	2471,90
740,26	2510,81
740,45	2578,39
740,64	2502,62
740,83	2437,08
741,02	2424,80
741,22	2539,48
741,41	2523,10
741,60	2580,44
741,79	2508,76
741,98	2488,28
742,17	2592,73
742,36	2453,47
742,55	2383,84
742,74	2594,78
742,93	2557,91
743,12	2516,95
743,31	2478,04
743,50	2467,80
743,69	2562,01
743,88	2508,76
744,07	2523,10
744,26	2535,39
744,45	2566,10
744,64	2535,39
744,83	2570,20
745,02	2478,04
745,21	2451,42
745,40	2494,43
745,59	2607,06
745,78	2553,82
745,97	2547,67
746,16	2557,91
746,35	2590,68
746,54	2488,28
746,73	2508,76
746,92	2441,18
747,11	2432,99
747,30	2531,29
747,49	2445,27
747,68	2422,75
747,87	2400,22
748,06	2488,28
748,25	2557,91
748,44	2562,01
748,63	2590,68
748,82	2506,71
749,01	2461,66
749,20	2459,61
749,39	2512,86
749,58	2531,29
749,77	2482,14
749,96	2416,60
750,15	2475,99
750,34	2406,36
750,53	2455,51
750,72	2437,08
750,91	2502,62
751,10	2584,54
751,29	2402,27
751,48	2359,26
751,67	2475,99
751,86	2506,71
752,04	2557,91
752,23	2480,09
752,42	2406,36
752,61	2562,01
752,80	2498,52
752,99	2383,84
753,18	2486,23
753,37	2514,91
753,56	2332,64
753,75	2455,51
753,94	2473,95
754,13	2502,62
754,32	2408,41
754,51	2408,41
754,70	2519,00
754,89	2369,50
755,08	2412,51
755,27	2330,59
755,45	2387,93
755,64	2437,08
755,83	2422,75
756,02	2435,03
756,21	2318,30
756,40	2306,01
756,59	2273,25
756,78	2250,72
756,97	2312,16
757,16	2392,03
757,35	2346,97
757,54	2164,70
757,72	2240,48
757,91	2283,49
758,10	2201,57
758,29	2119,65
758,48	2303,96
758,67	2191,33
758,86	2154,46
759,05	2123,74
759,24	2164,70
759,43	2095,07
759,61	2109,41
759,80	2207,71
759,99	2129,89
760,18	2019,30
760,37	2086,88
760,56	2017,25
760,75	2113,50
760,94	2070,50
761,13	2064,35
761,31	2125,79
761,50	2021,35
761,69	2015,20
761,88	1986,53
762,07	1992,67
762,26	2023,39
762,45	2088,93
762,64	2084,83
762,82	1832,93
763,01	2025,44
763,20	2060,26
763,39	2084,83
763,58	2074,59
763,77	1998,82
763,96	2043,87
764,14	1951,71
764,33	2002,91
764,52	2017,25
764,71	2129,89
764,90	2086,88
765,09	2011,11
765,27	2097,12
765,46	2019,30
765,65	2101,22
765,84	2097,12
766,03	2168,80
766,22	2213,85
766,41	2107,36
766,59	2144,22
766,78	2226,14
766,97	2181,09
767,16	2156,51
767,35	2183,13
767,54	2215,90
767,72	2279,39
767,91	2283,49
768,10	2209,76
768,29	2222,05
768,48	2250,72
768,66	2238,43
768,85	2291,68
769,04	2256,86
769,23	2246,62
769,42	2328,54
769,61	2183,13
769,79	2336,73
769,98	2353,12
770,17	2306,01
770,36	2306,01
770,55	2316,25
770,73	2355,16
770,92	2373,60
771,11	2299,87
771,30	2320,35
771,49	2265,05
771,67	2324,44
771,86	2254,81
772,05	2213,85
772,24	2263,01
772,42	2346,97
772,61	2252,77
772,80	2318,30
772,99	2246,62
773,18	2377,69
773,36	2277,34
773,55	2293,72
773,74	2242,53
773,93	2258,91
774,11	2310,11
774,30	2334,68
774,49	2353,12
774,68	2365,40
774,87	2287,58
775,05	2234,33
775,24	2240,48
775,43	2293,72
775,62	2217,95
775,80	2310,11
775,99	2273,25
776,18	2367,45
776,37	2297,82
776,55	2365,40
776,74	2293,72
776,93	2279,39
777,12	2322,40
777,30	2344,92
777,49	2283,49
777,68	2303,96
777,87	2271,20
778,05	2301,92
778,24	2211,81
778,43	2220,00
778,62	2217,95
778,80	2224,09
778,99	2318,30
779,18	2299,87
779,36	2406,36
779,55	2209,76
779,74	2269,15
779,93	2293,72
780,11	2299,87
780,30	2244,57
780,49	2254,81
780,68	2299,87
780,86	2330,59
781,05	2240,48
781,24	2285,53
781,42	2267,10
781,61	2164,70
781,80	2195,42
781,98	2267,10
782,17	2308,06
782,36	2129,89
782,55	2236,38
782,73	2158,56
782,92	2326,49
783,11	2240,48
783,29	2252,77
783,48	2281,44
783,67	2322,40
783,85	2265,05
784,04	2189,28
784,23	2265,05
784,42	2207,71
784,60	2179,04
784,79	2285,53
784,98	2263,01
785,16	2217,95
785,35	2215,90
785,54	2209,76
785,72	2297,82
785,91	2179,04
786,10	2217,95
786,28	2342,88
786,47	2273,25
786,66	2220,00
786,84	2326,49
787,03	2275,29
787,22	2269,15
787,40	2179,04
787,59	2295,77
787,78	2160,61
787,96	2152,42
788,15	2246,62
788,34	2121,70
788,52	2127,84
788,71	2199,52
788,89	2103,26
789,08	2168,80
789,27	2222,05
789,45	2103,26
789,64	2142,18
789,83	2121,70
790,01	2107,36
790,20	2074,59
790,39	2217,95
790,57	2119,65
790,76	2131,94
790,95	2168,80
791,13	2244,57
791,32	2158,56
791,50	2189,28
791,69	2078,69
791,88	2150,37
792,06	2174,94
792,25	2162,66
792,43	2109,41
792,62	2250,72
792,81	2050,02
792,99	2115,55
793,18	2136,03
793,37	2183,13
793,55	2054,11
793,74	2197,47
793,92	2189,28
794,11	2172,89
794,30	2019,30
794,48	2142,18
794,67	2019,30
794,85	2129,89
795,04	2199,52
795,23	2072,54
795,41	2138,08
795,60	2105,31
795,78	2058,21
795,97	2244,57
796,15	2101,22
796,34	2064,35
796,53	2101,22
796,71	2160,61
796,90	2058,21
797,08	2117,60
797,27	2236,38
797,46	2088,93
797,64	2131,94
797,83	2123,74
798,01	2123,74
798,20	2185,18
798,38	2133,98
798,57	2031,58
798,76	2101,22
798,94	2078,69
799,13	2101,22
799,31	2056,16
799,50	2105,31
799,68	2101,22
799,87	2121,70
800,05	2166,75
800,24	2127,84
800,43	2025,44
800,61	2144,22
800,80	2154,46
800,98	2062,30
801,17	2105,31
801,35	2090,98
801,54	2097,12
801,72	2150,37
801,91	2105,31
802,09	2179,04
802,28	2156,51
802,46	2150,37
802,65	2105,31
802,84	2230,24
803,02	2007,01
803,21	2078,69
803,39	2052,06
803,58	2199,52
803,76	2125,79
803,95	2133,98
804,13	2123,74
804,32	2099,17
804,50	2179,04
804,69	2123,74
804,87	2074,59
805,06	2133,98
805,24	2117,60
805,43	2187,23
805,61	2109,41
805,80	2117,60
805,98	2193,37
806,17	2095,07
806,35	2088,93
806,54	2176,99
806,72	2084,83
806,91	2050,02
807,09	2072,54
807,28	2095,07
807,46	2172,89
807,65	2123,74
807,83	2043,87
808,02	2025,44
808,20	2107,36
808,39	2045,92
808,57	2029,54
808,76	2037,73
808,94	2093,02
809,13	2064,35
809,31	2045,92
809,49	2064,35
809,68	2095,07
809,86	2056,16
810,05	2133,98
810,23	2060,26
810,42	2082,78
810,60	2121,70
810,79	2007,01
810,97	2117,60
811,16	2031,58
811,34	2097,12
811,53	2054,11
811,71	2064,35
811,89	2021,35
812,08	2007,01
812,26	2019,30
812,45	2013,15
812,63	1929,19
812,82	2113,50
813,00	1851,36
813,19	1961,95
813,37	2041,82
813,55	1970,15
813,74	1933,28
813,92	1990,63
814,11	1904,61
814,29	1804,26
814,48	2058,21
814,66	1949,67
814,84	1974,24
815,03	1974,24
815,21	2043,87
815,40	1994,72
815,58	1910,75
815,77	2070,50
815,95	1896,42
816,13	1861,60
816,32	1980,39
816,50	1957,86
816,69	1949,67
816,87	1779,68
817,05	1851,36
817,24	1968,10
817,42	1890,28
817,61	1816,55
817,79	1925,09
817,97	1900,52
818,16	1916,90
818,34	1988,58
818,53	1898,47
818,71	1978,34
818,89	1873,89
819,08	1939,43
819,26	1830,88
819,45	1914,85
819,63	1961,95
819,81	1923,04
820,00	2047,97
820,18	1875,94
820,36	1976,29
820,55	1988,58
820,73	1877,99
820,92	1837,03
821,10	1908,71
821,28	1869,80
821,47	2023,39
821,65	1937,38
821,83	2052,06
822,02	1892,32
822,20	1916,90
822,39	1906,66
822,57	1931,23
822,75	1945,57
822,94	1964,00
823,12	1839,08
823,30	1859,56
823,49	2041,82
823,67	1920,99
823,85	1929,19
824,04	1834,98
824,22	1918,95
824,40	2027,49
824,59	1990,63
824,77	1886,18
824,95	1863,65
825,14	1941,47
825,32	2027,49
825,50	1861,60
825,69	1873,89
825,87	1918,95
826,05	1859,56
826,24	2007,01
826,42	1966,05
826,60	1943,52
826,79	1865,70
826,97	1875,94
827,15	1916,90
827,34	1978,34
827,52	1869,80
827,70	1884,13
827,89	1861,60
828,07	1955,81
828,25	1894,37
828,44	1894,37
828,62	1888,23
828,80	2000,87
828,98	1904,61
829,17	1877,99
829,35	1908,71
829,53	1861,60
829,72	1867,75
829,90	1810,40
830,08	1902,56
830,27	1941,47
830,45	2035,68
830,63	2000,87
830,81	1886,18
831,00	1918,95
831,18	1863,65
831,36	1910,75
831,55	1810,40
831,73	1845,22
831,91	1841,12
832,09	1984,48
832,28	2019,30
832,46	1798,12
832,64	1867,75
832,82	1867,75
833,01	1890,28
833,19	1900,52
833,37	1886,18
833,55	1847,27
833,74	1894,37
833,92	1890,28
834,10	1908,71
834,29	1882,08
834,47	1920,99
834,65	1964,00
834,83	1791,97
835,02	1777,64
835,20	1820,64
835,38	1904,61
835,56	1886,18
835,75	1886,18
835,93	1980,39
836,11	1886,18
836,29	1808,36
836,47	1959,91
836,66	1937,38
836,84	1867,75
837,02	1882,08
837,20	1968,10
837,39	1933,28
837,57	1875,94
837,75	1894,37
837,93	1953,76
838,12	1781,73
838,30	1894,37
838,48	1900,52
838,66	1920,99
838,84	1959,91
839,03	2000,87
839,21	1806,31
839,39	1980,39
839,57	1984,48
839,75	1910,75
839,94	1857,51
840,12	1888,23
840,30	1900,52
840,48	1832,93
840,66	1820,64
840,85	1906,66
841,03	1894,37
841,21	1843,17
841,39	1968,10
841,57	1939,43
841,76	1990,63
841,94	1935,33
842,12	1851,36
842,30	1900,52
842,48	1923,04
842,67	1880,04
842,85	1777,64
843,03	1937,38
843,21	1812,45
843,39	1912,80
843,57	1839,08
843,76	1951,71
843,94	1873,89
844,12	1959,91
844,30	1744,87
844,48	1834,98
844,66	1916,90
844,85	1837,03
845,03	1945,57
845,21	1951,71
845,39	1968,10
845,57	1947,62
845,75	1873,89
845,94	1824,74
846,12	1880,04
846,30	1855,46
846,48	1871,84
846,66	1888,23
846,84	1814,50
847,02	1886,18
847,21	1834,98
847,39	1832,93
847,57	1798,12
847,75	1775,59
847,93	1851,36
848,11	1863,65
848,29	1802,21
848,48	1892,32
848,66	1814,50
848,84	1869,80
849,02	1845,22
849,20	1775,59
849,38	1906,66
849,56	1814,50
849,74	1906,66
849,93	1925,09
850,11	1828,84
850,29	1789,92
850,47	1851,36
850,65	1843,17
850,83	1808,36
851,01	1853,41
851,19	1832,93
851,37	1779,68
851,56	1808,36
851,74	1834,98
851,92	1787,88
852,10	1839,08
852,28	1771,49
852,46	1712,10
852,64	1779,68
852,82	1830,88
853,00	1826,79
853,18	1863,65
853,37	1847,27
853,55	1818,60
853,73	1824,74
853,91	1818,60
854,09	1773,54
854,27	1859,56
854,45	1892,32
854,63	1849,32
854,81	1753,06
854,99	1882,08
855,17	1769,44
855,35	1818,60
855,53	1789,92
855,72	1744,87
855,90	1843,17
856,08	1890,28
856,26	1787,88
856,44	1900,52
856,62	1763,30
856,80	1804,26
856,98	1814,50
857,16	1814,50
857,34	1810,40
857,52	1828,84
857,70	1808,36
857,88	1820,64
858,06	1826,79
858,24	1859,56
858,42	1894,37
858,60	1771,49
858,78	1748,97
858,96	1796,07
859,15	1701,86
859,33	1843,17
859,51	1755,11
859,69	1841,12
859,87	1798,12
860,05	1828,84
860,23	1834,98
860,41	1802,21
860,59	1834,98
860,77	1888,23
860,95	1791,97
861,13	1781,73
861,31	1791,97
861,49	1736,68
861,67	1804,26
861,85	1824,74
862,03	1882,08
862,21	1810,40
862,39	1798,12
862,57	1830,88
862,75	1695,72
862,93	1759,21
863,11	1843,17
863,29	1716,20
863,47	1820,64
863,65	1818,60
863,83	1681,38
864,01	1804,26
864,19	1765,35
864,37	1757,16
864,55	1802,21
864,73	1826,79
864,91	1791,97
865,09	1857,51
865,27	1744,87
865,45	1748,97
865,63	1794,02
865,81	1736,68
865,99	1755,11
866,17	1800,16
866,35	1853,41
866,53	1775,59
866,71	1763,30
866,89	1837,03
867,07	1789,92
867,24	1824,74
867,42	1736,68
867,60	1761,25
867,78	1755,11
867,96	1724,39
868,14	1740,77
868,32	1828,84
868,50	1759,21
868,68	1673,19
868,86	1773,54
869,04	1837,03
869,22	1665,00
869,40	1708,01
869,58	1650,66
869,76	1714,15
869,94	1759,21
870,12	1658,85
870,30	1740,77
870,48	1748,97
870,66	1724,39
870,83	1724,39
871,01	1773,54
871,19	1658,85
871,37	1748,97
871,55	1691,62
871,73	1701,86
871,91	1761,25
872,09	1783,78
872,27	1785,83
872,45	1697,77
872,63	1714,15
872,81	1650,66
872,98	1734,63
873,16	1732,58
873,34	1810,40
873,52	1726,44
873,70	1695,72
873,88	1759,21
874,06	1728,49
874,24	1718,25
874,42	1673,19
874,60	1693,67
874,78	1716,20
874,95	1767,40
875,13	1744,87
875,31	1740,77
875,49	1806,31
875,67	1695,72
875,85	1742,82
876,03	1740,77
876,21	1728,49
876,39	1689,57
876,56	1796,07
876,74	1640,42
876,92	1759,21
877,10	1828,84
877,28	1730,53
877,46	1683,43
877,64	1785,83
877,82	1748,97
877,99	1654,76
878,17	1675,24
878,35	1761,25
878,53	1732,58
878,71	1810,40
878,89	1611,75
879,07	1740,77
879,24	1789,92
879,42	1769,44
879,60	1740,77
879,78	1761,25
879,96	1669,09
880,14	1699,81
880,32	1685,48
880,49	1679,33
880,67	1710,05
880,85	1677,29
881,03	1673,19
881,21	1708,01
881,39	1732,58
881,56	1630,18
881,74	1712,10
881,92	1716,20
882,10	1697,77
882,28	1777,64
882,46	1736,68
882,63	1624,04
882,81	1697,77
882,99	1599,46
883,17	1654,76
883,35	1796,07
883,52	1751,01
883,70	1673,19
883,88	1673,19
884,06	1730,53
884,24	1746,92
884,42	1812,45
884,59	1648,61
884,77	1736,68
884,95	1806,31
885,13	1617,90
885,31	1646,57
885,48	1699,81
885,66	1746,92
885,84	1779,68
886,02	1773,54
886,20	1759,21
886,37	1765,35
886,55	1808,36
886,73	1728,49
886,91	1810,40
887,08	1648,61
887,26	1794,02
887,44	1667,05
887,62	1642,47
887,80	1859,56
887,97	1714,15
888,15	1722,34
888,33	1687,53
888,51	1701,86
888,68	1728,49
888,86	1691,62
889,04	1740,77
889,22	1716,20
889,40	1703,91
889,57	1650,66
889,75	1738,73
889,93	1769,44
890,11	1783,78
890,28	1771,49
890,46	1681,38
890,64	1652,71
890,82	1734,63
890,99	1718,25
891,17	1642,47
891,35	1699,81
891,53	1779,68
891,70	1591,27
891,88	1589,22
892,06	1658,85
892,24	1736,68
892,41	1570,79
892,59	1611,75
892,77	1703,91
892,94	1599,46
893,12	1646,57
893,30	1613,80
893,48	1652,71
893,65	1716,20
893,83	1693,67
894,01	1654,76
894,19	1683,43
894,36	1699,81
894,54	1681,38
894,72	1654,76
894,89	1538,02
895,07	1642,47
895,25	1662,95
895,43	1607,66
895,60	1656,81
895,78	1654,76
895,96	1652,71
896,13	1687,53
896,31	1566,70
896,49	1679,33
896,66	1667,05
896,84	1683,43
897,02	1685,48
897,20	1597,42
897,37	1689,57
897,55	1587,18
897,73	1689,57
897,90	1634,28
898,08	1669,09
898,26	1646,57
898,43	1601,51
898,61	1648,61
898,79	1593,32
898,96	1601,51
899,14	1587,18
899,32	1683,43
899,49	1572,84
899,67	1675,24
899,85	1687,53
900,02	1726,44
900,20	1556,46
900,38	1644,52
900,55	1718,25
900,73	1710,05
900,91	1630,18
901,08	1593,32
901,26	1621,99
901,44	1654,76
901,61	1611,75
901,79	1587,18
901,97	1632,23
902,14	1617,90
902,32	1615,85
902,50	1560,55
902,67	1617,90
902,85	1611,75
903,02	1611,75
903,20	1630,18
903,38	1591,27
903,55	1587,18
903,73	1597,42
903,91	1687,53
904,08	1701,86
904,26	1589,22
904,44	1818,60
904,61	1572,84
904,79	1585,13
904,96	1658,85
905,14	1605,61
905,32	1660,90
905,49	1605,61
905,67	1593,32
905,84	1605,61
906,02	1638,38
906,20	1624,04
906,37	1796,07
906,55	1607,66
906,73	1665,00
906,90	1619,94
907,08	1650,66
907,25	1648,61
907,43	1654,76
907,61	1583,08
907,78	1572,84
907,96	1607,66
908,13	1578,98
908,31	1683,43
908,48	1609,70
908,66	1558,50
908,84	1556,46
909,01	1621,99
909,19	1624,04
909,36	1535,98
909,54	1654,76
909,72	1638,38
909,89	1497,07
910,07	1544,17
910,24	1617,90
910,42	1728,49
910,59	1574,89
910,77	1603,56
910,95	1552,36
911,12	1515,50
911,30	1603,56
911,47	1529,83
911,65	1562,60
911,82	1468,39
912,00	1613,80
912,17	1501,16
912,35	1578,98
912,53	1599,46
912,70	1619,94
912,88	1591,27
913,05	1572,84
913,23	1581,03
913,40	1548,26
913,58	1548,26
913,75	1634,28
913,93	1519,59
914,10	1484,78
914,28	1564,65
914,46	1515,50
914,63	1466,35
914,81	1613,80
914,98	1544,17
915,16	1527,78
915,33	1538,02
915,51	1607,66
915,68	1673,19
915,86	1640,42
916,03	1486,83
916,21	1581,03
916,38	1593,32
916,56	1615,85
916,73	1648,61
916,91	1591,27
917,08	1621,99
917,26	1654,76
917,43	1544,17
917,61	1638,38
917,78	1562,60
917,96	1507,30
918,13	1568,74
918,31	1656,81
918,48	1589,22
918,66	1499,11
918,83	1765,35
919,01	1583,08
919,18	1605,61
919,36	1484,78
919,53	1660,90
919,71	1775,59
919,88	1695,72
920,06	1648,61
920,23	1576,94
920,41	1568,74
920,58	1538,02
920,76	1525,74
920,93	1658,85
921,11	1546,22
921,28	1466,35
921,45	1605,61
921,63	1601,51
921,80	1501,16
921,98	1576,94
922,15	1566,70
922,33	1513,45
922,50	1611,75
922,68	1634,28
922,85	1538,02
923,03	1519,59
923,20	1597,42
923,38	1511,40
923,55	1640,42
923,72	1611,75
923,90	1607,66
924,07	1550,31
924,25	1578,98
924,42	1650,66
924,60	1560,55
924,77	1546,22
924,95	1593,32
925,12	1605,61
925,29	1632,23
925,47	1603,56
925,64	1488,87
925,82	1501,16
925,99	1490,92
926,17	1624,04
926,34	1605,61
926,51	1525,74
926,69	1591,27
926,86	1585,13
927,04	1609,70
927,21	1570,79
927,38	1519,59
927,56	1583,08
927,73	1548,26
927,91	1585,13
928,08	1703,91
928,25	1533,93
928,43	1517,54
928,60	1484,78
928,78	1640,42
928,95	1560,55
929,12	1617,90
929,30	1488,87
929,47	1554,41
929,65	1470,44
929,82	1523,69
929,99	1544,17
930,17	1441,77
930,34	1523,69
930,52	1470,44
930,69	1552,36
930,86	1521,64
931,04	1462,25
931,21	1417,19
931,38	1472,49
931,56	1441,77
931,73	1591,27
931,91	1540,07
932,08	1507,30
932,25	1556,46
932,43	1411,05
932,60	1421,29
932,77	1433,58
932,95	1454,06
933,12	1482,73
933,29	1474,54
933,47	1597,42
933,64	1396,71
933,82	1458,15
933,99	1443,82
934,16	1468,39
934,34	1564,65
934,51	1466,35
934,68	1519,59
934,86	1495,02
935,03	1495,02
935,20	1490,92
935,38	1439,72
935,55	1433,58
935,72	1474,54
935,90	1478,63
936,07	1509,35
936,24	1466,35
936,42	1501,16
936,59	1521,64
936,76	1486,83
936,94	1433,58
937,11	1505,26
937,28	1439,72
937,46	1443,82
937,63	1449,96
937,80	1544,17
937,97	1568,74
938,15	1531,88
938,32	1509,35
938,49	1529,83
938,67	1476,59
938,84	1538,02
939,01	1472,49
939,19	1433,58
939,36	1574,89
939,53	1480,68
939,70	1511,40
939,88	1452,01
940,05	1533,93
940,22	1497,07
940,40	1478,63
940,57	1517,54
940,74	1435,63
940,92	1454,06
941,09	1456,11
941,26	1454,06
941,43	1538,02
941,61	1435,63
941,78	1484,78
941,95	1433,58
942,12	1439,72
942,30	1456,11
942,47	1546,22
942,64	1380,33
942,82	1566,70
942,99	1578,98
943,16	1431,53
943,33	1490,92
943,51	1406,95
943,68	1552,36
943,85	1482,73
944,02	1509,35
944,20	1404,91
944,37	1449,96
944,54	1503,21
944,71	1517,54
944,89	1535,98
945,06	1406,95
945,23	1404,91
945,40	1517,54
945,58	1449,96
945,75	1466,35
945,92	1542,12
946,09	1513,45
946,27	1449,96
946,44	1462,25
946,61	1591,27
946,78	1476,59
946,95	1404,91
947,13	1470,44
947,30	1456,11
947,47	1423,34
947,64	1427,43
947,82	1400,81
947,99	1413,10
948,16	1513,45
948,33	1544,17
948,50	1474,54
948,68	1497,07
948,85	1452,01
949,02	1554,41
949,19	1480,68
949,36	1480,68
949,54	1466,35
949,71	1538,02
949,88	1445,87
950,05	1476,59
950,22	1466,35
950,40	1568,74
950,57	1435,63
950,74	1538,02
950,91	1474,54
951,08	1447,91
951,26	1460,20
951,43	1505,26
951,60	1443,82
951,77	1566,70
951,94	1566,70
952,11	1474,54
952,29	1535,98
952,46	1409,00
952,63	1560,55
952,80	1544,17
952,97	1503,21
953,15	1495,02
953,32	1417,19
953,49	1421,29
953,66	1492,97
953,83	1452,01
954,00	1482,73
954,17	1454,06
954,35	1587,18
954,52	1415,15
954,69	1456,11
954,86	1560,55
955,03	1484,78
955,20	1454,06
955,38	1433,58
955,55	1492,97
955,72	1540,07
955,89	1421,29
956,06	1474,54
956,23	1480,68
956,40	1452,01
956,58	1464,30
956,75	1419,24
956,92	1435,63
957,09	1427,43
957,26	1466,35
957,43	1480,68
957,60	1425,39
957,77	1460,20
957,95	1470,44
958,12	1443,82
958,29	1552,36
958,46	1525,74
958,63	1425,39
958,80	1576,94
958,97	1499,11
959,14	1462,25
959,31	1488,87
959,49	1482,73
959,66	1445,87
959,83	1495,02
960,00	1447,91
960,17	1474,54
960,34	1544,17
960,51	1495,02
960,68	1472,49
960,85	1521,64
961,02	1488,87
961,20	1499,11
961,37	1392,62
961,54	1486,83
961,71	1437,67
961,88	1484,78
962,05	1464,30
962,22	1562,60
962,39	1529,83
962,56	1425,39
962,73	1427,43
962,90	1425,39
963,07	1560,55
963,24	1417,19
963,42	1417,19
963,59	1538,02
963,76	1527,78
963,93	1609,70
964,10	1538,02
964,27	1523,69
964,44	1517,54
964,61	1476,59
964,78	1470,44
964,95	1458,15
965,12	1452,01
965,29	1560,55
965,46	1447,91
965,63	1525,74
965,80	1505,26
965,97	1429,48
966,14	1519,59
966,31	1521,64
966,48	1546,22
966,66	1470,44
966,83	1486,83
967,00	1497,07
967,17	1449,96
967,34	1478,63
967,51	1523,69
967,68	1486,83
967,85	1468,39
968,02	1548,26
968,19	1447,91
968,36	1495,02
968,53	1476,59
968,70	1548,26
968,87	1538,02
969,04	1492,97
969,21	1452,01
969,38	1609,70
969,55	1513,45
969,72	1556,46
969,89	1497,07
970,06	1468,39
970,23	1441,77
970,40	1509,35
970,57	1521,64
970,74	1492,97
970,91	1503,21
971,08	1488,87
971,25	1464,30
971,42	1505,26
971,59	1492,97
971,76	1511,40
971,93	1583,08
972,10	1423,34
972,27	1527,78
972,44	1458,15
972,61	1492,97
972,78	1484,78
972,95	1546,22
973,12	1576,94
973,29	1449,96
973,46	1499,11
973,63	1425,39
973,80	1466,35
973,97	1480,68
974,14	1585,13
974,30	1458,15
974,47	1550,31
974,64	1554,41
974,81	1521,64
974,98	1535,98
975,15	1470,44
975,32	1583,08
975,49	1435,63
975,66	1495,02
975,83	1599,46
976,00	1523,69
976,17	1443,82
976,34	1480,68
976,51	1531,88
976,68	1433,58
976,85	1517,54
977,02	1474,54
977,19	1527,78
977,36	1431,53
977,52	1552,36
977,69	1501,16
977,86	1595,37
978,03	1425,39
978,20	1468,39
978,37	1486,83
978,54	1523,69
978,71	1558,50
978,88	1597,42
979,05	1447,91
979,22	1529,83
979,39	1525,74
979,56	1458,15
979,72	1490,92
979,89	1595,37
980,06	1540,07
980,23	1576,94
980,40	1462,25
980,57	1523,69
980,74	1454,06
980,91	1478,63
981,08	1531,88
981,25	1394,67
981,41	1525,74
981,58	1441,77
981,75	1431,53
981,92	1523,69
982,09	1542,12
982,26	1372,14
982,43	1333,23
982,60	1503,21
982,77	1390,57
982,93	1552,36
983,10	1423,34
983,27	1468,39
983,44	1529,83
983,61	1542,12
983,78	1550,31
983,95	1435,63
984,11	1425,39
984,28	1507,30
984,45	1413,10
984,62	1497,07
984,79	1505,26
984,96	1478,63
985,13	1449,96
985,30	1515,50
985,46	1464,30
985,63	1503,21
985,80	1546,22
985,97	1427,43
986,14	1454,06
986,31	1411,05
986,47	1476,59
986,64	1406,95
986,81	1554,41
986,98	1437,67
987,15	1484,78
987,32	1511,40
987,48	1515,50
987,65	1464,30
987,82	1437,67
987,99	1509,35
988,16	1796,07
988,33	1566,70
988,49	1466,35
988,66	1499,11
988,83	1466,35
989,00	1523,69
989,17	1513,45
989,34	1535,98
989,50	1554,41
989,67	1433,58
989,84	1402,86
990,01	1419,24
990,18	1503,21
990,34	1583,08
990,51	1492,97
990,68	1546,22
990,85	1554,41
991,02	1445,87
991,18	1439,72
991,35	1535,98
991,52	1576,94
991,69	1454,06
991,86	1521,64
992,02	1484,78
992,19	1406,95
992,36	1513,45
992,53	1552,36
992,69	1458,15
992,86	1472,49
993,03	1576,94
993,20	1419,24
993,37	1480,68
993,53	1583,08
993,70	1570,79
993,87	1431,53
994,04	1480,68
994,20	1435,63
994,37	1488,87
994,54	1495,02
994,71	1499,11
994,87	1503,21
995,04	1447,91
995,21	1413,10
995,38	1523,69
995,55	1447,91
995,71	1466,35
995,88	1486,83
996,05	1464,30
996,22	1452,01
996,38	1517,54
996,55	1501,16
996,72	1464,30
996,88	1646,57
997,05	2183,13
997,22	1456,11
997,39	1433,58
997,55	1523,69
997,72	1474,54
997,89	1445,87
998,06	1495,02
998,22	1460,20
998,39	1441,77
998,56	1417,19
998,73	1429,48
998,89	1474,54
999,06	1515,50
999,23	1540,07
999,39	1486,83
999,56	1486,83
999,73	1458,15
999,90	1421,29
1000,06	1472,49
1000,23	1480,68
1000,40	1484,78
1000,56	1495,02
1000,73	1476,59
1000,90	1472,49
1001,06	1474,54
1001,23	1439,72
1001,40	1519,59
1001,57	1452,01
1001,73	1484,78
1001,90	1376,24
1002,07	1464,30
1002,23	1435,63
1002,40	1390,57
1002,57	1452,01
1002,73	1468,39
1002,90	1378,28
1003,07	1490,92
1003,23	1384,43
1003,40	1433,58
1003,57	1441,77
1003,73	1431,53
1003,90	1472,49
1004,07	1484,78
1004,23	1419,24
1004,40	1499,11
1004,57	1402,86
1004,73	1437,67
1004,90	1486,83
1005,07	1523,69
1005,23	1396,71
1005,40	1363,95
1005,57	1497,07
1005,73	1501,16
1005,90	1435,63
1006,07	1560,55
1006,23	1519,59
1006,40	1566,70
1006,57	1413,10
1006,73	1505,26
1006,90	1505,26
1007,06	1478,63
1007,23	1513,45
1007,40	1484,78
1007,56	1531,88
1007,73	1581,03
1007,90	1574,89
1008,06	1454,06
1008,23	1472,49
1008,40	1527,78
1008,56	1398,76
1008,73	1466,35
1008,89	1480,68
1009,06	1581,03
1009,23	1476,59
1009,39	1488,87
1009,56	1402,86
1009,72	1499,11
1009,89	1447,91
1010,06	1449,96
1010,22	1443,82
1010,39	1495,02
1010,55	1517,54
1010,72	1527,78
1010,89	1476,59
1011,05	1449,96
1011,22	1370,09
1011,38	1452,01
1011,55	1423,34
1011,72	1503,21
1011,88	1458,15
1012,05	1513,45
1012,21	1441,77
1012,38	1411,05
1012,55	1544,17
1012,71	1443,82
1012,88	1394,67
1013,04	1497,07
1013,21	1421,29
1013,37	1544,17
1013,54	1447,91
1013,71	1425,39
1013,87	1417,19
1014,04	1476,59
1014,20	1521,64
1014,37	1470,44
1014,53	1449,96
1014,70	1413,10
1014,87	1447,91
1015,03	1538,02
1015,20	1462,25
1015,36	1482,73
1015,53	1411,05
1015,69	1480,68
1015,86	1484,78
1016,02	1452,01
1016,19	1449,96
1016,36	1456,11
1016,52	1427,43
1016,69	1484,78
1016,85	1480,68
1017,02	1492,97
1017,18	1468,39
1017,35	1468,39
1017,51	1402,86
1017,68	1415,15
1017,84	1396,71
1018,01	1376,24
1018,17	1568,74
1018,34	1548,26
1018,50	1517,54
1018,67	1478,63
1018,84	1540,07
1019,00	1468,39
1019,17	1492,97
1019,33	1507,30
1019,50	1458,15
1019,66	1470,44
1019,83	1452,01
1019,99	1572,84
1020,16	1380,33
1020,32	1425,39
1020,49	1456,11
1020,65	1468,39
1020,82	1439,72
1020,98	1531,88
1021,15	1478,63
1021,31	1562,60
1021,48	1523,69
1021,64	1503,21
1021,81	1515,50
1021,97	1406,95
1022,14	1515,50
1022,30	1413,10
1022,47	1449,96
1022,63	1409,00
1022,79	1488,87
1022,96	1492,97
1023,12	1482,73
1023,29	1456,11
1023,45	1503,21
1023,62	1486,83
1023,78	1390,57
1023,95	1468,39
1024,11	1492,97
1024,28	1499,11
1024,44	1480,68
1024,61	1431,53
1024,77	1411,05
1024,94	1470,44
1025,10	1417,19
1025,26	1427,43
1025,43	1525,74
1025,59	1392,62
1025,76	1474,54
1025,92	1466,35
1026,09	1343,47
1026,25	1490,92
1026,42	1378,28
1026,58	1429,48
1026,74	1517,54
1026,91	1468,39
1027,07	1390,57
1027,24	1605,61
1027,40	1447,91
1027,57	1464,30
1027,73	1429,48
1027,90	1460,20
1028,06	1458,15
1028,22	1406,95
1028,39	1376,24
1028,55	1540,07
1028,72	1507,30
1028,88	1531,88
1029,04	1435,63
1029,21	1521,64
1029,37	1400,81
1029,54	1478,63
1029,70	1460,20
1029,87	1370,09
1030,03	1409,00
1030,19	1492,97
1030,36	1464,30
1030,52	1435,63
1030,69	1376,24
1030,85	1437,67
1031,01	1449,96
1031,18	1460,20
1031,34	1529,83
1031,50	1470,44
1031,67	1419,24
1031,83	1472,49
1032,00	1449,96
1032,16	1423,34
1032,32	1509,35
1032,49	1517,54
1032,65	1501,16
1032,82	1501,16
1032,98	1456,11
1033,14	1368,04
1033,31	1542,12
1033,47	1515,50
1033,63	1497,07
1033,80	1495,02
1033,96	1384,43
1034,13	1396,71
1034,29	1421,29
1034,45	1478,63
1034,62	1505,26
1034,78	1499,11
1034,94	1337,32
1035,11	1505,26
1035,27	1409,00
1035,43	1460,20
1035,60	1495,02
1035,76	1404,91
1035,92	1486,83
1036,09	1482,73
1036,25	1484,78
1036,41	1423,34
1036,58	1560,55
1036,74	1478,63
1036,90	1384,43
1037,07	1409,00
1037,23	1452,01
1037,39	1550,31
1037,56	1429,48
1037,72	1490,92
1037,88	1492,97
1038,05	1394,67
1038,21	1533,93
1038,37	1415,15
1038,54	1480,68
1038,70	1564,65
1038,86	1480,68
1039,03	1488,87
1039,19	1544,17
1039,35	1415,15
1039,52	1384,43
1039,68	1415,15
1039,84	1417,19
1040,00	1486,83
1040,17	1492,97
1040,33	1486,83
1040,49	1474,54
1040,66	1458,15
1040,82	1433,58
1040,98	1495,02
1041,15	1445,87
1041,31	1490,92
1041,47	1466,35
1041,63	1380,33
1041,80	1490,92
1041,96	1478,63
1042,12	1400,81
1042,29	1482,73
1042,45	1454,06
1042,61	1361,90
1042,77	1454,06
1042,94	1507,30
1043,10	1611,75
1043,26	1429,48
1043,42	1535,98
1043,59	1492,97
1043,75	1513,45
1043,91	1421,29
1044,07	1439,72
1044,24	1368,04
1044,40	1468,39
