345,22	1331,18
345,44	1331,18
345,66	1331,18
345,88	1347,56
346,10	1320,94
346,32	1550,31
346,54	1648,61
346,75	1535,98
346,97	1527,78
347,19	1611,75
347,41	1626,09
347,63	1581,03
347,85	1535,98
348,07	1548,26
348,29	1652,71
348,51	1572,84
348,73	1533,93
348,95	1529,83
349,16	1662,95
349,38	1607,66
349,60	1695,72
349,82	1638,38
350,04	1554,41
350,26	1613,80
350,48	1632,23
350,70	1615,85
350,92	1640,42
351,14	1699,81
351,35	1632,23
351,57	1656,81
351,79	1660,90
352,01	1585,13
352,23	1581,03
352,45	1613,80
352,67	1619,94
352,89	1611,75
353,10	1656,81
353,32	1587,18
353,54	1703,91
353,76	1703,91
353,98	1640,42
354,20	1630,18
354,42	1632,23
354,64	1675,24
354,85	1671,14
355,07	1671,14
355,29	1609,70
355,51	1609,70
355,73	1681,38
355,95	1570,79
356,17	1697,77
356,38	1669,09
356,60	1632,23
356,82	1656,81
357,04	1591,27
357,26	1624,04
357,48	1644,52
357,69	1650,66
357,91	1615,85
358,13	1675,24
358,35	1693,67
358,57	1708,01
358,79	1759,21
359,01	1716,20
359,22	1689,57
359,44	1681,38
359,66	1732,58
359,88	1593,32
360,10	1708,01
360,32	1552,36
360,53	1712,10
360,75	1681,38
360,97	1742,82
361,19	1576,94
361,41	1710,05
361,62	1591,27
361,84	1642,47
362,06	1585,13
362,28	1613,80
362,50	1687,53
362,72	1654,76
362,93	1593,32
363,15	1632,23
363,37	1591,27
363,59	1630,18
363,81	1628,14
364,02	1697,77
364,24	1617,90
364,46	1716,20
364,68	1613,80
364,90	1804,26
365,11	1710,05
365,33	1724,39
365,55	1566,70
365,77	1560,55
365,99	1617,90
366,20	1738,73
366,42	1685,48
366,64	1642,47
366,86	1626,09
367,07	1681,38
367,29	1570,79
367,51	1552,36
367,73	1570,79
367,95	1615,85
368,16	1665,00
368,38	1703,91
368,60	1644,52
368,82	1546,22
369,03	1775,59
369,25	1761,25
369,47	1642,47
369,69	1603,56
369,91	1726,44
370,12	1601,51
370,34	1687,53
370,56	1564,65
370,78	1611,75
370,99	1665,00
371,21	1658,85
371,43	1679,33
371,65	1617,90
371,86	1626,09
372,08	1679,33
372,30	1665,00
372,52	1728,49
372,73	1648,61
372,95	1691,62
373,17	1626,09
373,39	1566,70
373,60	1589,22
373,82	1671,14
374,04	1619,94
374,26	1574,89
374,47	1722,34
374,69	1669,09
374,91	1742,82
375,12	1581,03
375,34	1667,05
375,56	1589,22
375,78	1617,90
375,99	1642,47
376,21	1767,40
376,43	1570,79
376,65	1626,09
376,86	1675,24
377,08	1626,09
377,30	1736,68
377,51	1697,77
377,73	1654,76
377,95	1615,85
378,17	1681,38
378,38	1576,94
378,60	1748,97
378,82	1746,92
379,03	1708,01
379,25	1701,86
379,47	1638,38
379,68	1642,47
379,90	1611,75
380,12	1677,29
380,34	1634,28
380,55	1667,05
380,77	1738,73
380,99	1669,09
381,20	1773,54
381,42	1652,71
381,64	1662,95
381,85	1640,42
382,07	1812,45
382,29	1681,38
382,50	1691,62
382,72	1662,95
382,94	1671,14
383,15	1632,23
383,37	1628,14
383,59	1687,53
383,80	1601,51
384,02	1699,81
384,24	1677,29
384,45	1761,25
384,67	1650,66
384,89	1566,70
385,10	1636,33
385,32	1695,72
385,54	1640,42
385,75	1712,10
385,97	1726,44
386,19	1703,91
386,40	1665,00
386,62	1628,14
386,84	1621,99
387,05	1640,42
387,27	1632,23
387,49	1583,08
387,70	1650,66
387,92	1720,29
388,14	1548,26
388,35	1599,46
388,57	1589,22
388,79	1732,58
389,00	1605,61
389,22	1630,18
389,43	1697,77
389,65	1671,14
389,87	1683,43
390,08	1607,66
390,30	1699,81
390,52	1677,29
390,73	1722,34
390,95	1601,51
391,17	1716,20
391,38	1687,53
391,60	1767,40
391,81	1722,34
392,03	1660,90
392,25	1689,57
392,46	1609,70
392,68	1746,92
392,89	1605,61
393,11	1703,91
393,33	1689,57
393,54	1679,33
393,76	1685,48
393,98	1665,00
394,19	1679,33
394,41	1593,32
394,62	1673,19
394,84	1714,15
395,06	1621,99
395,27	1708,01
395,49	1656,81
395,70	1746,92
395,92	1613,80
396,13	1660,90
396,35	1722,34
396,57	1585,13
396,78	1572,84
397,00	1656,81
397,21	1724,39
397,43	1675,24
397,65	1693,67
397,86	1794,02
398,08	1716,20
398,29	1744,87
398,51	1617,90
398,72	1783,78
398,94	1894,37
399,16	1822,69
399,37	1724,39
399,59	1773,54
399,80	1689,57
400,02	1683,43
400,23	1802,21
400,45	1708,01
400,67	1748,97
400,88	1617,90
401,10	1671,14
401,31	1640,42
401,53	1648,61
401,74	1681,38
401,96	1712,10
402,17	1646,57
402,39	1679,33
402,61	1648,61
402,82	1755,11
403,04	1806,31
403,25	1687,53
403,47	1791,97
403,68	1726,44
403,90	1820,64
404,11	1628,14
404,33	1591,27
404,54	1662,95
404,76	1730,53
404,97	1665,00
405,19	1857,51
405,41	1718,25
405,62	1783,78
405,84	1617,90
406,05	1771,49
406,27	1677,29
406,48	1740,77
406,70	1681,38
406,91	1746,92
407,13	1703,91
407,34	1714,15
407,56	1910,75
407,77	1761,25
407,99	1736,68
408,20	1855,46
408,42	1671,14
408,63	1757,16
408,85	1740,77
409,06	1736,68
409,28	1851,36
409,49	1714,15
409,71	1777,64
409,92	1824,74
410,14	1714,15
410,35	2000,87
410,57	1781,73
410,78	1708,01
411,00	1810,40
411,21	1900,52
411,43	1826,79
411,64	1802,21
411,86	1771,49
412,07	1820,64
412,29	1865,70
412,50	1773,54
412,72	1898,47
412,93	1933,28
413,15	1914,85
413,36	1804,26
413,58	1929,19
413,79	1927,14
414,01	1925,09
414,22	1943,52
414,43	1927,14
414,65	1974,24
414,86	1894,37
415,08	1972,19
415,29	2021,35
415,51	1880,04
415,72	1945,57
415,94	1992,67
416,15	2050,02
416,37	2056,16
416,58	2025,44
416,80	2017,25
417,01	2009,06
417,22	2031,58
417,44	2131,94
417,65	2078,69
417,87	2115,55
418,08	2246,62
418,30	2113,50
418,51	2148,32
418,73	2172,89
418,94	2154,46
419,15	2164,70
419,37	2265,05
419,58	2197,47
419,80	2277,34
420,01	2277,34
420,23	2361,31
420,44	2410,46
420,65	2355,16
420,87	2463,71
421,08	2504,67
421,30	2500,57
421,51	2418,65
421,73	2459,61
421,94	2439,13
422,15	2531,29
422,37	2609,11
422,58	2516,95
422,80	2590,68
423,01	2678,74
423,22	2652,12
423,44	2729,94
423,65	2838,48
423,87	2910,16
424,08	2854,87
424,29	2891,73
424,51	2908,12
424,72	3049,43
424,94	3061,71
425,15	3219,41
425,36	3221,45
425,58	3215,31
425,79	3200,98
426,01	3274,70
426,22	3403,72
426,43	3483,59
426,65	3524,55
426,86	3692,49
427,08	3598,28
427,29	3616,71
427,50	3672,01
427,72	3735,50
427,93	3717,06
428,14	3786,69
428,36	3991,49
428,57	4106,18
428,79	4038,59
429,00	4231,10
429,21	4212,67
429,43	4247,49
429,64	4399,04
429,85	4450,24
430,07	4775,86
430,28	4519,87
430,49	4562,87
430,71	4841,40
430,92	5083,06
431,14	5060,53
431,35	5160,88
431,56	5203,89
431,78	5289,90
431,99	5425,07
432,20	5937,06
432,42	5695,40
432,63	5832,62
432,84	6102,95
433,06	5844,90
433,27	6139,81
433,48	6389,66
433,70	6281,12
433,91	6487,96
434,12	6475,68
434,34	6805,40
434,55	6975,38
434,76	7210,90
434,98	7247,76
435,19	7438,22
435,40	7686,03
435,62	7583,63
435,83	7837,58
436,04	7917,45
436,26	8226,69
436,47	8064,90
436,68	7896,97
436,90	8570,75
437,11	8896,38
437,32	8955,77
437,54	9490,29
437,75	9252,72
437,96	9770,86
438,17	9789,29
438,39	9639,79
438,60	10086,25
438,81	10088,29
439,03	10887,00
439,24	11220,82
439,45	11536,21
439,67	11398,99
439,88	11409,23
440,09	11423,57
440,30	11773,77
440,52	11894,60
440,73	12533,57
440,94	12662,59
441,16	12625,73
441,37	12955,45
441,58	13283,13
441,80	13973,29
442,01	13987,63
442,22	14634,78
442,43	14188,33
442,65	14655,26
442,86	14374,69
443,07	15238,94
443,28	14888,73
443,50	15939,34
443,71	16101,13
443,92	16088,84
444,14	15787,79
444,35	16891,65
444,56	16885,50
444,77	17465,08
444,99	16412,42
445,20	17356,54
445,41	17741,55
445,62	18327,27
445,84	18384,62
446,05	18999,01
446,26	19248,86
446,47	17671,92
446,69	18405,10
446,90	19752,66
447,11	19314,39
447,32	18444,01
447,54	19021,53
447,75	19363,54
447,96	18763,49
448,17	18751,20
448,39	19799,76
448,60	18835,17
448,81	19511,00
449,02	19281,63
449,23	19443,42
449,45	20385,48
449,66	19453,66
449,87	19541,72
450,08	19568,34
450,30	19404,50
450,51	19785,43
450,72	19394,26
450,93	20297,42
451,15	19470,04
451,36	18859,74
451,57	19072,73
451,78	18509,54
451,99	19406,55
452,21	19662,55
452,42	18829,02
452,63	18321,13
452,84	18274,03
453,05	18407,14
453,27	18009,84
453,48	18136,81
453,69	17444,60
453,90	17864,43
454,11	17889,01
454,33	17075,96
454,54	17424,12
454,75	17409,78
454,96	17637,11
455,17	16836,35
455,39	16787,20
455,60	16764,67
455,81	16824,06
456,02	15855,37
456,23	15357,72
456,45	15773,46
456,66	14995,23
456,87	14870,30
457,08	15423,25
457,29	15222,55
457,50	14436,13
457,72	14225,19
457,93	13954,86
458,14	14819,10
458,35	14677,79
458,56	14124,84
458,77	13616,94
458,99	13848,36
459,20	13385,52
459,41	13483,83
459,62	12603,20
459,83	12934,97
460,04	13334,32
460,26	13100,86
460,47	12738,37
460,68	12255,04
460,89	12334,92
461,10	11972,43
461,31	12216,13
461,52	11894,60
461,74	11683,66
461,95	11464,53
462,16	11681,61
462,37	11845,45
462,58	11366,23
462,79	11347,79
463,00	11188,05
463,22	11216,72
463,43	10866,52
463,64	10884,95
463,85	10981,21
464,06	10979,16
464,27	10479,46
464,48	10536,80
464,70	10514,27
464,91	10667,87
465,12	10882,91
465,33	10835,80
465,54	10475,36
465,75	10561,37
465,96	10608,48
466,17	10280,80
466,38	10352,48
466,60	10299,23
466,81	10030,95
467,02	10616,67
467,23	9828,20
467,44	9811,82
467,65	9789,29
467,86	9908,07
468,07	10024,81
468,28	10135,40
468,50	9656,17
468,71	9811,82
468,92	9594,73
469,13	9424,75
469,34	9361,27
469,55	9643,88
469,76	9502,58
469,97	9213,81
470,18	9260,91
470,39	9668,46
470,60	9250,67
470,82	9213,81
471,03	9162,61
471,24	9215,86
471,45	8953,72
471,66	9158,52
471,87	9193,33
472,08	9027,45
472,29	8920,95
472,50	8935,29
472,71	8882,04
472,92	8900,47
473,13	8939,38
473,34	8959,86
473,55	8879,99
473,77	8867,70
473,98	8875,90
474,19	8966,01
474,40	8871,80
474,61	8963,96
474,82	8615,80
475,03	8556,41
475,24	8644,48
475,45	8738,68
475,66	8849,27
475,87	8722,30
476,08	8808,31
476,29	8681,34
476,50	8832,89
476,71	8947,58
476,92	8681,34
477,13	8720,25
477,34	8773,50
477,55	8636,28
477,76	8699,77
477,97	8619,90
478,18	8673,15
478,40	8742,78
478,61	8931,19
478,82	8939,38
479,03	8771,45
479,24	8757,11
479,45	9021,30
479,66	8699,77
479,87	8781,69
480,08	8730,49
480,29	8830,84
480,50	8834,94
480,71	8949,62
480,92	8859,51
481,13	8980,34
481,34	9095,03
481,55	8718,20
481,76	9004,92
481,97	9031,54
482,18	8972,15
482,39	8787,83
482,60	8929,14
482,81	8968,06
483,02	9115,51
483,23	9166,71
483,44	9105,27
483,65	9146,23
483,86	9289,59
484,07	9586,54
484,28	9394,03
484,49	9533,29
484,70	9521,01
484,91	9357,17
485,12	9262,96
485,33	9467,76
485,54	9330,55
485,75	9398,13
485,96	9500,53
486,17	9473,90
486,38	9590,64
486,59	9758,57
486,80	9817,96
487,01	9785,19
487,21	9977,70
487,42	9729,90
487,63	10225,51
487,84	9977,70
488,05	9901,93
488,26	10276,71
488,47	10284,90
488,68	10051,43
488,89	10245,99
489,10	10264,42
489,31	10336,10
489,52	10307,43
489,73	10489,70
489,94	10540,90
490,15	10641,25
490,36	10753,88
490,57	10702,68
490,78	10590,05
490,99	10782,56
491,20	10907,48
491,41	11173,72
491,61	11251,54
491,82	11087,70
492,03	11323,22
492,24	11386,71
492,45	11339,60
492,66	11480,91
492,87	11646,80
493,08	11636,56
493,29	11695,95
493,50	11953,99
493,71	12042,06
493,92	11980,62
494,13	12085,06
494,34	12187,46
494,54	12345,16
494,75	12382,02
494,96	12773,18
495,17	12828,48
495,38	12695,36
495,59	12773,18
495,80	13147,96
496,01	13428,53
496,22	13098,81
496,43	13244,21
496,64	13641,52
496,84	13616,94
497,05	13893,42
497,26	14034,73
497,47	13961,00
497,68	14327,59
497,89	14399,27
498,10	14559,01
498,31	15011,61
498,52	14954,27
498,72	15044,38
498,93	15345,43
499,14	15273,75
499,35	15351,57
499,56	15675,15
499,77	15789,84
499,98	15992,59
500,19	16228,10
500,40	16137,99
500,60	16236,30
500,81	16779,01
501,02	16944,89
501,23	17061,63
501,44	17252,09
501,65	17606,39
501,86	17692,40
502,06	17811,18
502,27	18083,56
502,48	18304,74
502,69	18726,63
502,90	18626,28
503,11	18765,54
503,32	19205,85
503,53	18968,29
503,73	19103,45
503,94	19771,09
504,15	19801,81
504,36	19920,59
504,57	20293,32
504,78	20514,50
504,98	20752,07
505,19	20776,64
505,40	20928,19
505,61	21143,23
505,82	21280,44
506,03	21796,53
506,23	21943,99
506,44	22073,01
506,65	22525,61
506,86	22554,28
507,07	22843,04
507,28	22824,61
507,48	23199,39
507,69	23324,32
507,90	23797,40
508,11	23862,93
508,32	23903,89
508,53	24458,89
508,73	24462,99
508,94	24219,28
509,15	24868,48
509,36	25542,27
509,57	25390,72
509,77	25570,94
509,98	25714,30
510,19	26394,22
510,40	26564,20
510,61	26691,18
510,81	26857,06
511,02	26912,36
511,23	27342,43
511,44	27606,62
511,65	27731,54
511,85	28253,78
512,06	28233,30
512,27	28157,52
512,48	28890,70
512,69	29021,77
512,89	29236,80
513,10	28995,14
513,31	29552,19
513,52	29740,60
513,73	30256,69
513,93	30484,01
514,14	30817,83
514,35	30975,53
514,56	31131,17
514,76	31319,59
514,97	31489,57
515,18	32480,78
515,39	32222,74
515,60	32243,22
515,80	32495,12
516,01	32804,36
516,22	32931,34
516,43	33701,37
516,63	33598,98
516,84	34024,95
517,05	33861,12
517,26	34057,72
517,46	34692,59
517,67	34340,34
517,88	34725,36
518,09	34831,85
518,29	35544,55
518,50	35849,69
518,71	35968,48
518,92	35970,52
519,12	35778,01
519,33	36443,60
519,54	36947,40
519,75	37387,72
519,95	37195,21
520,16	37522,88
520,37	37322,18
520,57	38000,06
520,78	38292,92
520,99	38360,50
521,20	38542,77
521,40	39138,73
521,61	39263,66
521,82	39597,48
522,03	39226,79
522,23	39550,37
522,44	40005,02
522,65	39992,73
522,85	40142,24
523,06	40185,24
523,27	40676,76
523,48	40961,42
523,68	41069,97
523,89	41143,69
524,10	41569,67
524,30	41921,92
524,51	41954,69
524,72	42214,78
524,93	42575,22
525,13	42470,78
525,34	42952,05
525,55	42993,01
525,75	42937,71
525,96	43449,70
526,17	43578,73
526,37	43885,92
526,58	43652,45
526,79	43652,45
526,99	44033,38
527,20	44232,03
527,41	44201,31
527,62	44873,04
527,82	45262,16
528,03	44756,31
528,24	45843,78
528,44	45968,71
528,65	46062,91
528,86	45489,48
529,06	45968,71
529,27	46114,11
529,48	46447,93
529,68	46269,76
529,89	46574,91
530,10	46585,15
530,30	47076,66
530,51	47086,90
530,72	47346,99
530,92	46855,48
531,13	47695,14
531,34	48117,03
531,54	47260,97
531,75	48227,62
531,96	48205,09
532,16	47514,92
532,37	47863,08
532,57	48842,01
532,78	48465,18
532,99	48577,82
533,19	48799,00
533,40	48862,49
533,61	48575,77
533,81	48885,01
534,02	49249,55
534,23	49677,58
534,43	49714,44
534,64	49472,78
534,84	49937,67
535,05	49859,85
535,26	49728,78
535,46	50210,05
535,67	50013,44
535,88	50033,92
536,08	50173,19
536,29	50621,69
536,49	50425,09
536,70	50664,70
536,91	50541,82
537,11	50896,12
537,32	50814,20
537,53	51209,46
537,73	51137,78
537,94	51201,27
538,14	51408,11
538,35	51285,23
538,56	51893,48
538,76	50990,33
538,97	51987,69
539,17	51799,27
539,38	51909,86
539,59	52049,13
539,79	51741,93
540,00	51856,62
540,20	52356,32
540,41	52620,51
540,62	52245,73
540,82	52700,38
541,03	52241,63
541,23	53042,39
541,44	52925,66
541,64	52608,22
541,85	52923,61
542,06	52698,33
542,26	53288,15
542,47	53189,84
542,67	53331,15
542,88	53263,57
543,08	53165,27
543,29	53941,45
543,50	54127,81
543,70	53447,89
543,91	53695,69
544,11	54127,81
544,32	54166,73
544,52	54015,18
544,73	54029,51
544,94	53955,78
545,14	54480,06
545,35	54428,87
545,55	54502,59
545,76	54101,19
545,96	54463,68
546,17	54435,01
546,37	54865,08
546,58	54492,35
546,78	55186,61
546,99	55264,44
547,20	54947,00
547,40	55280,82
547,61	55229,62
547,81	55456,95
548,02	55360,69
548,22	55481,52
548,43	55182,52
548,63	55776,43
548,84	55203,00
549,04	55987,37
549,25	55774,38
549,45	55626,93
549,66	55610,54
549,86	56016,04
550,07	55739,57
550,27	55721,13
550,48	56140,97
550,69	56087,72
550,89	56073,38
551,10	56155,30
551,30	56943,77
551,51	56765,60
551,71	56358,05
551,92	56489,12
552,12	56431,78
552,33	56763,55
552,53	56722,59
552,74	56677,54
552,94	56616,10
553,15	56591,52
553,35	56685,73
553,56	57052,31
553,76	57171,10
553,97	57253,01
554,17	57246,87
554,38	56904,86
554,58	57218,20
554,79	57212,06
554,99	57224,34
555,19	57273,49
555,40	57341,08
555,60	57379,99
555,81	57517,20
556,01	57447,57
556,22	57707,66
556,42	57760,91
556,63	57726,10
556,83	57734,29
557,04	57973,90
557,24	58055,82
557,45	58008,71
557,65	58272,90
557,86	57795,73
558,06	58143,88
558,27	58285,19
558,47	58037,39
558,67	58672,26
558,88	58043,53
559,08	58530,95
559,29	58444,93
559,49	58227,85
559,70	58541,19
559,90	58348,68
560,11	58934,40
560,31	58410,12
560,52	58576,00
560,72	58653,82
560,92	58928,25
561,13	59112,57
561,33	58512,52
561,54	59360,37
561,74	58973,31
561,95	59245,69
562,15	59300,98
562,35	59313,27
562,56	59741,30
562,76	58786,94
562,97	59894,89
563,17	59489,40
563,38	59548,79
563,58	59122,81
563,78	59260,02
563,99	59905,13
564,19	59462,77
564,40	59577,46
564,60	60157,03
564,80	59759,73
565,01	59735,15
565,21	59776,11
565,42	59966,57
565,62	59593,84
565,83	59874,41
566,03	60183,66
566,23	59913,33
566,44	60064,88
566,64	60623,97
566,85	60482,66
567,05	60595,30
567,25	59665,52
567,46	60626,02
567,66	60189,80
567,86	60316,78
568,07	60019,82
568,27	60150,89
568,48	60284,01
568,68	60124,27
568,88	60138,60
569,09	60341,35
569,29	60427,37
569,50	60650,59
569,70	60025,96
569,90	60658,79
570,11	60882,02
570,31	59956,33
570,51	60552,29
570,72	60933,21
570,92	60771,42
571,13	60505,19
571,33	60441,70
571,53	60851,30
571,74	60331,11
571,94	60660,83
572,14	60621,92
572,35	60320,87
572,55	60750,94
572,75	60681,31
572,96	60374,12
573,16	60873,82
573,36	60818,53
573,57	60572,77
573,77	60707,94
573,97	60961,89
574,18	60537,96
574,38	60437,61
574,59	60939,36
574,79	60513,38
574,99	60779,62
575,20	60775,52
575,40	60718,18
575,60	60800,10
575,81	60308,58
576,01	60683,36
576,21	60724,32
576,42	60863,58
576,62	60933,21
576,82	60503,14
577,02	60431,46
577,23	60796,00
577,43	61287,51
577,63	60802,14
577,84	61099,10
578,04	60449,89
578,24	60423,27
578,45	60877,92
578,65	60392,55
578,85	60564,58
579,06	60755,04
579,26	60623,97
579,46	60931,17
579,67	60486,76
579,87	60460,13
580,07	60650,59
580,27	60384,36
580,48	60796,00
580,68	60216,43
580,88	60261,48
581,09	60451,94
581,29	60406,89
581,49	60787,81
581,69	60652,64
581,90	60380,26
582,10	60787,81
582,30	59872,37
582,51	60390,50
582,71	60030,06
582,91	60421,22
583,11	59817,07
583,32	60374,12
583,52	60050,54
583,72	59788,40
583,93	59798,64
584,13	60064,88
584,33	60451,94
584,53	60339,30
584,74	59878,51
584,94	60154,99
585,14	59845,74
585,34	59632,75
585,55	59387,00
585,75	60216,43
585,95	59323,51
586,15	59366,52
586,36	59702,38
586,56	59012,22
586,76	59509,88
586,96	59311,22
587,17	58864,77
587,37	59595,89
587,57	58926,20
587,77	59092,09
587,98	59499,64
588,18	58823,81
588,38	59446,39
588,58	58877,05
588,79	59049,08
588,99	58836,09
589,19	58909,82
589,39	58807,42
589,60	58573,95
589,80	59176,06
590,00	58967,16
590,20	58997,88
590,40	58350,73
590,61	57957,52
590,81	58717,31
591,01	58782,85
591,21	58565,76
591,42	58143,88
591,62	58487,94
591,82	57666,70
592,02	58324,10
592,22	58088,59
592,43	58129,54
592,63	58322,05
592,83	57744,53
593,03	58203,27
593,23	58051,72
593,44	58104,97
593,64	57250,97
593,84	57607,31
594,04	57678,99
594,24	57515,15
594,45	57789,58
594,65	57384,08
594,85	57384,08
595,05	57625,74
595,25	57627,79
595,46	56921,24
595,66	57400,47
595,86	57246,87
596,06	57302,17
596,26	57441,43
596,46	57189,53
596,67	56904,86
596,87	56804,51
597,07	56870,04
597,27	56919,20
597,47	57072,79
597,67	56577,18
597,88	56777,89
598,08	56630,43
598,28	56390,82
598,48	56741,02
598,68	56700,06
598,88	56655,01
599,09	56759,45
599,29	55862,44
599,49	56407,20
599,69	56489,12
599,89	56214,69
600,09	56288,42
600,30	55925,93
600,50	56593,57
600,70	55655,60
600,90	56030,38
601,10	55839,92
601,30	55934,12
601,50	56382,63
601,71	55766,19
601,91	55637,17
602,11	55717,04
602,31	55342,26
602,51	55542,96
602,71	55395,51
602,91	55725,23
603,11	55676,08
603,32	55368,88
603,52	55315,64
603,72	55213,24
603,92	55608,50
604,12	54863,03
604,32	55162,04
604,52	55055,54
604,72	55366,84
604,93	55004,34
605,13	55377,08
605,33	54883,51
605,53	54688,96
605,73	54918,33
605,93	54957,24
606,13	54680,77
606,33	54680,77
606,53	54152,39
606,74	54428,87
606,94	54750,40
607,14	54699,20
607,34	54230,21
607,54	54449,35
607,74	54707,39
607,94	54252,74
608,14	54318,28
608,34	54303,94
608,54	54398,15
608,74	54193,35
608,95	54133,96
609,15	54133,96
609,35	53769,42
609,55	53742,80
609,75	53523,66
609,95	54047,94
610,15	53523,66
610,35	53396,69
610,55	53664,97
610,75	53318,87
610,95	53249,24
611,15	53392,59
611,35	53054,68
611,55	53064,92
611,76	53519,57
611,96	53724,36
612,16	53003,48
612,36	53308,63
612,56	53171,41
612,76	53107,93
612,96	52727,00
613,16	52765,91
613,36	52729,05
613,56	52989,14
613,76	52352,23
613,96	52133,09
614,16	52530,40
614,36	52352,23
614,56	52016,36
614,76	51969,26
614,96	52079,85
615,16	52061,41
615,36	51711,21
615,56	51754,22
615,76	51942,63
615,97	51856,62
616,17	51551,47
616,37	52010,21
616,57	51852,52
616,77	51596,52
616,97	51948,78
617,17	51356,91
617,37	51545,33
617,57	51406,06
617,77	51789,03
617,97	51066,10
618,17	51234,03
618,37	51219,70
618,57	51164,40
618,77	50382,08
618,97	50535,68
619,17	50384,13
619,37	51455,21
619,57	50263,30
619,77	50570,49
619,97	50695,42
620,17	50193,67
620,37	50648,32
620,57	49941,77
620,77	50203,91
620,97	50257,15
621,17	50320,64
621,37	49507,60
621,57	49542,41
621,77	49941,77
621,97	49966,34
622,17	49833,22
622,37	49845,51
622,57	49210,64
622,77	49487,12
622,97	49419,53
623,17	49552,65
623,37	49515,79
623,57	49163,54
623,77	49065,24
623,97	48987,41
624,16	48375,07
624,36	49069,33
624,56	48991,51
624,76	48930,07
624,96	48811,29
625,16	48383,26
625,36	47801,64
625,56	48356,64
625,76	48303,39
625,96	47756,58
626,16	47928,61
626,36	48514,33
626,56	48332,06
626,76	47936,80
626,96	47484,20
627,16	48106,79
627,36	47144,24
627,56	47553,83
627,76	47488,30
627,96	47244,59
628,16	47299,89
628,35	47131,95
628,55	46955,83
628,75	46853,43
628,95	46513,47
629,15	46712,12
629,35	46816,57
629,55	46437,69
629,75	46177,60
629,95	46562,62
630,15	45739,33
630,35	45985,09
630,55	46091,58
630,75	46050,63
630,95	45880,64
631,14	45350,22
631,34	46140,74
631,54	45870,40
631,74	45915,46
631,94	45342,03
632,14	45393,23
632,34	45178,19
632,54	45290,83
632,74	45153,62
632,94	45458,76
633,14	45309,26
633,33	45049,17
633,53	44623,19
633,73	45141,33
633,93	44840,28
634,13	44823,89
634,33	44625,24
634,53	44655,96
634,73	44338,52
634,93	43910,50
635,12	44043,62
635,32	43922,79
635,52	43969,89
635,72	43652,45
635,92	43955,55
636,12	43218,28
636,32	43705,70
636,52	43779,43
636,71	43767,14
636,91	43257,20
637,11	43173,23
637,31	43115,89
637,51	42814,83
637,71	43242,86
637,91	43074,93
638,11	42765,68
638,30	42569,08
638,50	42605,94
638,70	42564,98
638,90	42081,66
639,10	42026,37
639,30	42122,62
639,50	41659,78
639,69	41815,43
639,89	41618,82
640,09	41606,53
640,29	41545,09
640,49	41250,19
640,69	40910,22
640,88	41145,74
641,08	40824,21
641,28	41241,99
641,48	40670,61
641,68	40340,89
641,88	40760,72
642,07	40482,20
642,27	40287,64
642,47	40031,65
642,67	40308,12
642,87	39787,94
643,07	40041,88
643,26	39716,26
643,46	39945,63
643,66	39579,04
643,86	39644,58
644,06	39153,07
644,26	39507,37
644,45	39343,53
644,65	39404,97
644,85	39050,67
645,05	38772,14
645,25	38895,02
645,44	38794,67
645,64	38383,03
645,84	38385,08
646,04	38268,34
646,24	38022,59
646,43	38196,67
646,63	37930,43
646,83	37770,69
647,03	38438,33
647,23	37877,18
647,42	37930,43
647,62	37303,75
647,82	37160,39
648,02	37187,02
648,22	36898,25
648,41	37225,93
648,61	36758,99
648,81	36398,55
649,01	36656,59
649,20	36285,91
649,40	36117,98
649,60	36652,50
649,80	36074,97
650,00	35878,36
650,19	35417,57
650,39	35626,46
650,59	35612,13
650,79	35796,45
650,98	35466,72
651,18	35479,01
651,38	34788,85
651,58	35186,15
651,77	35042,79
651,97	34188,79
652,17	34383,35
652,37	34303,48
652,56	34508,27
652,76	34129,40
652,96	34188,79
653,16	33924,60
653,35	34258,42
653,55	33590,78
653,75	33361,41
653,95	33353,22
654,14	33652,22
654,34	33472,00
654,54	33394,18
654,74	33179,14
654,93	32884,23
655,13	32968,20
655,33	32214,55
655,52	32583,18
655,72	32474,64
655,92	32431,63
656,12	32349,71
656,31	32544,27
656,51	32132,63
656,71	31968,79
656,91	31526,43
657,10	31823,39
657,30	31565,34
657,50	31227,43
657,69	31571,49
657,89	31446,56
658,09	30875,18
658,29	31014,44
658,48	31073,83
658,68	30713,39
658,88	31053,35
659,07	30672,43
659,27	30142,00
659,47	30324,27
659,66	29988,41
659,86	30193,20
660,06	29892,15
660,26	29732,41
660,45	29855,29
660,65	29926,97
660,85	29482,56
661,04	29478,46
661,24	29492,80
661,44	28694,09
661,63	29185,60
661,83	29091,40
662,03	29021,77
662,22	28841,54
662,42	29023,81
662,62	28386,89
662,81	28522,06
663,01	28147,28
663,21	28577,36
663,40	27817,56
663,60	28175,95
663,80	28190,29
663,99	27854,42
664,19	27498,08
664,39	27797,08
664,58	27287,14
664,78	27489,88
664,98	26990,18
665,17	26947,17
665,37	26814,05
665,57	26875,49
665,76	26355,31
665,96	26271,34
666,16	26467,95
666,35	26558,06
666,55	26029,68
666,74	26179,18
666,94	25912,95
667,14	25988,72
667,33	25949,81
667,53	25937,52
667,73	25282,17
667,92	25882,23
668,12	25380,48
668,32	25681,53
668,51	25169,54
668,71	25032,32
668,90	25112,19
669,10	25073,28
669,30	24886,92
669,49	24667,78
669,69	24454,79
669,89	23983,76
670,08	24307,34
670,28	24829,57
670,47	23946,90
670,67	24086,16
670,87	23936,66
671,06	24069,78
671,26	23910,04
671,45	24170,13
671,65	23686,81
671,85	23543,45
672,04	23602,84
672,24	23234,21
672,43	23107,23
672,63	23328,41
672,83	23127,71
673,02	22765,22
673,22	22865,57
673,41	22863,52
673,61	22515,37
673,81	22611,62
674,00	22329,00
674,20	22531,75
674,39	22197,93
674,59	22179,50
674,78	21923,51
674,98	21964,46
675,18	21532,34
675,37	22120,11
675,57	21485,24
675,76	21139,13
675,96	21542,58
676,15	21253,82
676,35	21288,64
676,55	21345,98
676,74	20936,38
676,94	20909,76
677,13	20651,72
677,33	20729,54
677,52	20860,61
677,72	20874,95
677,91	20330,19
678,11	20702,92
678,31	20270,79
678,50	20467,40
678,70	20231,88
678,89	20350,67
679,09	20059,85
679,28	19853,01
679,48	19975,89
679,67	19799,76
679,87	19832,53
680,06	19556,05
680,26	19533,53
680,46	19517,14
680,65	19437,27
680,85	19209,95
681,04	19144,41
681,24	19267,29
681,43	18929,38
681,63	18880,22
681,82	18833,12
682,02	18474,73
682,21	18730,72
682,41	18575,08
682,60	18497,25
682,80	18392,81
682,99	18337,51
683,19	18439,91
683,38	18134,76
683,58	18286,31
683,77	17850,10
683,97	17919,73
684,16	18054,89
684,36	17774,32
684,55	17700,59
684,75	17581,81
684,94	17659,63
685,14	17463,03
685,33	17639,15
685,53	17182,46
685,72	17372,92
685,92	17051,39
686,11	17002,24
686,31	17110,78
686,50	16967,42
686,70	16887,55
686,89	16772,86
687,09	16688,90
687,28	16592,64
687,48	16643,84
687,67	16361,22
687,87	16561,92
688,06	16365,32
688,26	16316,17
688,45	16340,74
688,65	16158,47
688,84	16140,04
689,03	16037,64
689,23	15787,79
689,42	15804,17
689,62	15718,16
689,81	15986,44
690,01	15537,94
690,20	15464,21
690,40	15658,77
690,59	15699,73
690,79	15384,34
690,98	15195,93
691,17	15341,33
691,37	15439,64
691,56	15169,30
691,76	15154,97
691,95	14923,55
692,15	14874,40
692,34	15073,05
692,54	14980,89
692,73	14718,75
692,92	15032,09
693,12	14763,81
693,31	14651,17
693,51	14497,57
693,70	14292,77
693,90	14415,65
694,09	14208,81
694,28	14227,24
694,48	14540,58
694,67	14284,58
694,87	14106,41
695,06	14006,06
695,26	13879,08
695,45	13870,89
695,64	13930,28
695,84	13799,21
696,03	13524,79
696,23	13440,82
696,42	13422,39
696,61	13551,41
696,81	13537,07
697,00	13287,22
697,20	13338,42
697,39	13342,52
697,58	13199,16
697,78	13016,89
697,97	13260,60
698,17	12896,06
698,36	13193,01
698,55	13012,79
698,75	12980,03
698,94	12681,02
699,14	12717,89
699,33	12775,23
699,52	12883,77
699,72	12611,39
699,91	12459,84
700,10	12406,59
700,30	12607,30
700,49	12314,44
700,69	12179,27
700,88	12236,61
701,07	12224,33
701,27	12134,21
701,46	12166,98
701,65	12103,50
701,85	11884,36
702,04	12093,26
702,23	11958,09
702,43	11943,75
702,62	11833,16
702,82	11906,89
703,01	11773,77
703,20	11530,06
703,40	11583,31
703,59	11552,59
703,78	11814,73
703,98	11478,86
704,17	11224,92
704,36	11466,58
704,56	11282,26
704,75	11296,60
704,94	11276,12
705,14	11169,62
705,33	11138,90
705,52	11108,18
705,72	11173,72
705,91	11038,55
706,10	10794,84
706,30	10813,28
706,49	10694,49
706,68	10889,05
706,88	10680,16
707,07	10719,07
707,26	10764,12
707,46	10700,64
707,65	10614,62
707,84	10432,35
708,04	10368,87
708,23	10534,75
708,42	10432,35
708,62	10127,21
708,81	10332,00
709,00	10145,64
709,19	10467,17
709,39	10121,06
709,58	10184,55
709,77	9830,25
709,97	10018,66
710,16	9891,69
710,35	10051,43
710,55	9807,72
710,74	9895,78
710,93	9774,95
711,12	9826,15
711,32	9686,89
711,51	9533,29
711,70	9707,37
711,90	9609,07
712,09	9478,00
712,28	9424,75
712,47	9490,29
712,67	9525,10
712,86	9428,85
713,05	9342,83
713,24	9285,49
713,44	9234,29
713,63	9275,25
713,82	9078,65
714,02	9131,89
714,21	8929,14
714,40	9013,11
714,59	9060,21
714,79	9052,02
714,98	8617,85
715,17	8902,52
715,36	8689,53
715,56	8742,78
715,75	8775,55
715,94	8673,15
716,13	8664,96
716,33	8454,02
716,52	8484,73
716,71	8439,68
716,90	8624,00
717,10	8302,47
717,29	8503,17
717,48	8419,20
717,67	8290,18
717,87	8290,18
718,06	8404,86
718,25	8222,59
718,44	8142,72
718,63	8101,76
718,83	7972,74
719,02	7827,34
719,21	8079,24
719,40	7948,17
719,60	7886,73
719,79	7890,82
719,98	7776,14
720,17	7851,91
720,36	7636,88
720,56	7653,26
720,75	7573,39
720,94	7849,86
721,13	7669,64
721,33	7518,09
721,52	7663,50
721,71	7581,58
721,90	7354,26
722,09	7438,22
722,29	7294,86
722,48	7325,58
722,67	7331,73
722,86	7565,20
723,05	7372,69
723,24	7167,89
723,44	7141,27
723,63	7190,42
723,82	7161,75
724,01	7094,16
724,20	6948,76
724,40	7079,83
724,59	6956,95
724,78	6952,85
724,97	7016,34
725,16	7049,11
725,35	7303,06
725,55	6864,79
725,74	6897,56
725,93	6936,47
726,12	6786,97
726,31	6789,02
726,51	6809,50
726,70	6700,95
726,89	6743,96
727,08	6668,19
727,27	6539,16
727,46	6721,43
727,65	6547,36
727,85	6760,34
728,04	6533,02
728,23	6406,05
728,42	6436,77
728,61	6377,37
728,80	6313,89
729,00	6420,38
729,19	6506,40
729,38	6397,85
729,57	6504,35
729,76	6389,66
729,95	6277,02
730,14	6352,80
730,33	6285,22
730,53	6266,78
730,72	6090,66
730,91	6254,50
731,10	6205,35
731,29	6344,61
731,48	6104,99
731,67	6068,13
731,86	6096,80
732,06	6043,56
732,25	6094,76
732,44	5900,20
732,63	5898,15
732,82	6010,79
733,01	5990,31
733,20	5885,86
733,39	5973,92
733,59	5902,25
733,78	5916,58
733,97	5887,91
734,16	5754,79
734,35	5691,31
734,54	5801,90
734,73	5738,41
734,92	5728,17
735,11	5773,22
735,30	5744,55
735,49	5760,94
735,69	5621,67
735,88	5703,59
736,07	5601,19
736,26	5609,39
736,45	5580,71
736,64	5429,17
736,83	5636,01
737,02	5541,80
737,21	5543,85
737,40	5402,54
737,59	5629,87
737,78	5386,16
737,98	5298,10
738,17	5281,71
738,36	5222,32
738,55	5384,11
738,74	5418,93
738,93	5255,09
739,12	5228,46
739,31	5330,86
739,50	5263,28
739,69	5361,58
739,88	5224,37
740,07	5175,22
740,26	5267,38
740,45	5267,38
740,64	5169,07
740,83	5070,77
741,02	5044,15
741,22	5126,07
741,41	5150,64
741,60	4937,65
741,79	5046,20
741,98	4997,04
742,17	5015,48
742,36	5058,48
742,55	4972,47
742,74	5056,43
742,93	4956,08
743,12	4825,01
743,31	4898,74
743,50	5048,24
743,69	4827,06
743,88	4745,14
744,07	4695,99
744,26	4927,41
744,45	4755,38
744,64	4798,39
744,83	4822,97
745,02	4695,99
745,21	4571,07
745,40	4624,31
745,59	4693,94
745,78	4700,09
745,97	4736,95
746,16	4657,08
746,35	4532,15
746,54	4585,40
746,73	4501,44
746,92	4626,36
747,11	4528,06
747,30	4556,73
747,49	4507,58
747,68	4614,07
747,87	4528,06
748,06	4495,29
748,25	4405,18
748,44	4427,71
748,63	4489,15
748,82	4433,85
749,01	4333,50
749,20	4210,62
749,39	4290,49
749,58	4425,66
749,77	4425,66
749,96	4292,54
750,15	4331,45
750,34	4079,55
750,53	4313,02
750,72	4308,93
750,91	4249,54
751,10	4310,97
751,29	4235,20
751,48	4079,55
751,67	4087,75
751,86	4165,57
752,04	4198,34
752,23	4110,27
752,42	4216,77
752,61	4157,38
752,80	4155,33
752,99	4044,74
753,18	4057,03
753,37	3977,16
753,56	3989,44
753,75	3925,96
753,94	3919,81
754,13	4034,50
754,32	4100,03
754,51	3954,63
754,70	4032,45
754,89	3921,86
755,08	3913,67
755,27	3868,61
755,45	3936,20
755,64	3745,73
755,83	3997,64
756,02	3915,72
756,21	3897,28
756,40	3829,70
756,59	3760,07
756,78	3841,99
756,97	3817,41
757,16	3700,68
757,35	3776,45
757,54	3772,36
757,72	3702,73
757,91	3557,32
758,10	3674,06
758,29	3598,28
758,48	3721,16
758,67	3678,15
758,86	3717,06
759,05	3508,17
759,24	3647,43
759,43	3524,55
759,61	3454,92
759,80	3657,67
759,99	3534,79
760,18	3493,83
760,37	3387,34
760,56	3385,29
760,75	3520,46
760,94	3481,55
761,13	3477,45
761,31	3442,64
761,50	3432,40
761,69	3360,72
761,88	3262,41
762,07	3311,57
762,26	3364,81
762,45	3303,37
762,64	3239,89
762,82	3194,83
763,01	3442,64
763,20	3370,96
763,39	3289,04
763,58	3262,41
763,77	3319,76
763,96	3139,54
764,14	3311,57
764,33	3190,74
764,52	3330,00
764,71	3336,14
764,90	3203,02
765,09	3286,99
765,27	3330,00
765,46	3252,17
765,65	3135,44
765,84	3164,11
766,03	3239,89
766,22	3278,80
766,41	3203,02
766,59	3151,82
766,78	3196,88
766,97	3227,60
767,16	3180,50
767,35	3190,74
767,54	3321,81
767,72	3207,12
767,91	3231,69
768,10	3010,51
768,29	3168,21
768,48	3184,59
768,66	3022,80
768,85	3190,74
769,04	3170,26
769,23	3106,77
769,42	3119,06
769,61	3104,72
769,79	3155,92
769,98	3213,26
770,17	3082,19
770,36	3213,26
770,55	3037,14
770,73	3182,54
770,92	3106,77
771,11	3071,95
771,30	3051,47
771,49	3069,91
771,67	3186,64
771,86	3157,97
772,05	2916,31
772,24	3069,91
772,42	2965,46
772,61	2981,84
772,80	2899,92
772,99	2938,84
773,18	3065,81
773,36	3071,95
773,55	2938,84
773,74	2897,88
773,93	3033,04
774,11	2779,09
774,30	3047,38
774,49	2934,74
774,68	2944,98
774,87	2971,60
775,05	2824,15
775,24	2770,90
775,43	2897,88
775,62	2959,31
775,80	2916,31
775,99	2975,70
776,18	3006,42
776,37	2893,78
776,55	2897,88
776,74	2949,08
776,93	2883,54
777,12	2901,97
777,30	2760,66
777,49	2873,30
777,68	2822,10
777,87	2787,29
778,05	2723,80
778,24	2893,78
778,43	2834,39
778,62	2869,20
778,80	2834,39
778,99	2932,69
779,18	2678,74
779,36	2809,81
779,55	2695,13
779,74	2877,40
779,93	2789,33
780,11	2795,48
780,30	2744,28
780,49	2756,57
780,68	2768,85
780,86	2824,15
781,05	2766,81
781,24	2779,09
781,42	2746,33
781,61	2729,94
781,80	2682,84
781,98	2621,40
782,17	2723,80
782,36	2619,35
782,55	2586,58
782,73	2656,22
782,92	2756,57
783,11	2707,41
783,29	2607,06
783,48	2717,65
783,67	2660,31
783,85	2580,44
784,04	2709,46
784,23	2625,50
784,42	2740,18
784,60	2596,82
784,79	2746,33
784,98	2703,32
785,16	2607,06
785,35	2533,34
785,54	2670,55
785,72	2588,63
785,91	2555,86
786,10	2506,71
786,28	2598,87
786,47	2559,96
786,66	2519,00
786,84	2703,32
787,03	2617,30
787,22	2533,34
787,40	2523,10
787,59	2619,35
787,78	2521,05
787,96	2650,07
788,15	2549,72
788,34	2465,75
788,52	2564,06
788,71	2562,01
788,89	2531,29
789,08	2504,67
789,27	2627,54
789,45	2590,68
789,64	2435,03
789,83	2422,75
790,01	2447,32
790,20	2531,29
790,39	2480,09
790,57	2396,12
790,76	2523,10
790,95	2512,86
791,13	2512,86
791,32	2379,74
791,50	2492,38
791,69	2488,28
791,88	2484,19
792,06	2455,51
792,25	2432,99
792,43	2353,12
792,62	2541,53
792,81	2406,36
792,99	2424,80
793,18	2465,75
793,37	2455,51
793,55	2459,61
793,74	2504,67
793,92	2525,15
794,11	2428,89
794,30	2373,60
794,48	2443,23
794,67	2412,51
794,85	2361,31
795,04	2379,74
795,23	2416,60
795,41	2344,92
795,60	2320,35
795,78	2412,51
795,97	2523,10
796,15	2357,21
796,34	2402,27
796,53	2346,97
796,71	2453,47
796,90	2375,64
797,08	2326,49
797,27	2471,90
797,46	2365,40
797,64	2324,44
797,83	2408,41
798,01	2369,50
798,20	2418,65
798,38	2412,51
798,57	2250,72
798,76	2242,53
798,94	2260,96
799,13	2369,50
799,31	2318,30
799,50	2256,86
799,68	2211,81
799,87	2293,72
800,05	2299,87
800,24	2328,54
800,43	2254,81
800,61	2422,75
800,80	2342,88
800,98	2322,40
801,17	2275,29
801,35	2248,67
801,54	2279,39
801,72	2330,59
801,91	2355,16
802,09	2254,81
802,28	2392,03
802,46	2297,82
802,65	2355,16
802,84	2418,65
803,02	2351,07
803,21	2279,39
803,39	2258,91
803,58	2381,79
803,76	2326,49
803,95	2267,10
804,13	2232,29
804,32	2283,49
804,50	2377,69
804,69	2306,01
804,87	2336,73
805,06	2400,22
805,24	2318,30
805,43	2281,44
805,61	2248,67
805,80	2244,57
805,98	2281,44
806,17	2191,33
806,35	2230,24
806,54	2215,90
806,72	2156,51
806,91	2322,40
807,09	2213,85
807,28	2293,72
807,46	2279,39
807,65	2295,77
807,83	2195,42
808,02	2176,99
808,20	2295,77
808,39	2185,18
808,57	2228,19
808,76	2236,38
808,94	2197,47
809,13	2222,05
809,31	2203,61
809,49	2281,44
809,68	2121,70
809,86	2179,04
810,05	2142,18
810,23	2244,57
810,42	2181,09
810,60	2181,09
810,79	2103,26
810,97	2140,13
811,16	2213,85
811,34	2240,48
811,53	2121,70
811,71	2187,23
811,89	2156,51
812,08	2097,12
812,26	2160,61
812,45	2095,07
812,63	2129,89
812,82	2127,84
813,00	2072,54
813,19	2060,26
813,37	2117,60
813,55	2090,98
813,74	2117,60
813,92	2195,42
814,11	2125,79
814,29	1949,67
814,48	2176,99
814,66	2125,79
814,84	2107,36
815,03	2041,82
815,21	2174,94
815,40	2174,94
815,58	2060,26
815,77	2111,46
815,95	2162,66
816,13	2039,78
816,32	2129,89
816,50	2207,71
816,69	2056,16
816,87	2031,58
817,05	2045,92
817,24	2060,26
817,42	1988,58
817,61	2086,88
817,79	2047,97
817,97	2095,07
818,16	2031,58
818,34	2158,56
818,53	1984,48
818,71	2103,26
818,89	1925,09
819,08	2054,11
819,26	2097,12
819,45	2015,20
819,63	2115,55
819,81	2084,83
820,00	2170,85
820,18	1941,47
820,36	1976,29
820,55	1953,76
820,73	1939,43
820,92	1984,48
821,10	1982,43
821,28	2021,35
821,47	2158,56
821,65	2019,30
821,83	2277,34
822,02	1929,19
822,20	2019,30
822,39	1947,62
822,57	2015,20
822,75	2056,16
822,94	2023,39
823,12	1978,34
823,30	1890,28
823,49	2125,79
823,67	1951,71
823,85	2041,82
824,04	1986,53
824,22	1955,81
824,40	2039,78
824,59	2025,44
824,77	1972,19
824,95	1984,48
825,14	2062,30
825,32	2105,31
825,50	2000,87
825,69	2009,06
825,87	2095,07
826,05	2002,91
826,24	2045,92
826,42	2111,46
826,60	2031,58
826,79	1908,71
826,97	1964,00
827,15	1892,32
827,34	1972,19
827,52	1914,85
827,70	1986,53
827,89	1964,00
828,07	1949,67
828,25	2009,06
828,44	1953,76
828,62	1910,75
828,80	1976,29
828,98	2002,91
829,17	1992,67
829,35	2004,96
829,53	2027,49
829,72	1968,10
829,90	1927,14
830,08	1951,71
830,27	2021,35
830,45	2088,93
830,63	2023,39
830,81	1955,81
831,00	2007,01
831,18	1920,99
831,36	1974,24
831,55	1900,52
831,73	1894,37
831,91	1804,26
832,09	2023,39
832,28	2109,41
832,46	1941,47
832,64	1972,19
832,82	1970,15
833,01	1939,43
833,19	1927,14
833,37	1877,99
833,55	1900,52
833,74	2039,78
833,92	1902,56
834,10	1937,38
834,29	1964,00
834,47	1867,75
834,65	1951,71
834,83	1834,98
835,02	1923,04
835,20	1918,95
835,38	1957,86
835,56	1939,43
835,75	1974,24
835,93	2017,25
836,11	1863,65
836,29	1888,23
836,47	1925,09
836,66	1861,60
836,84	1941,47
837,02	1923,04
837,20	1959,91
837,39	1994,72
837,57	1939,43
837,75	1914,85
837,93	1875,94
838,12	1789,92
838,30	1945,57
838,48	1890,28
838,66	1947,62
838,84	1892,32
839,03	2039,78
839,21	1871,84
839,39	1929,19
839,57	1986,53
839,75	1992,67
839,94	1902,56
840,12	1884,13
840,30	1984,48
840,48	1939,43
840,66	1894,37
840,85	1863,65
841,03	1882,08
841,21	2002,91
841,39	1947,62
841,57	1896,42
841,76	1947,62
841,94	1955,81
842,12	1818,60
842,30	1880,04
842,48	1929,19
842,67	1867,75
842,85	1837,03
843,03	1957,86
843,21	1943,52
843,39	1957,86
843,57	1824,74
843,76	1937,38
843,94	1834,98
844,12	1869,80
844,30	1728,49
844,48	1890,28
844,66	1873,89
844,85	1933,28
845,03	1912,80
845,21	1935,33
845,39	1929,19
845,57	1869,80
845,75	1910,75
845,94	1918,95
846,12	1814,50
846,30	1877,99
846,48	1791,97
846,66	1920,99
846,84	1814,50
847,02	1966,05
847,21	1832,93
847,39	1789,92
847,57	1753,06
847,75	1822,69
847,93	1791,97
848,11	1849,32
848,29	1896,42
848,48	1812,45
848,66	1826,79
848,84	2047,97
849,02	1900,52
849,20	1851,36
849,38	1888,23
849,56	1865,70
849,74	2000,87
849,93	1910,75
850,11	1863,65
850,29	1886,18
850,47	1894,37
850,65	1818,60
850,83	1777,64
851,01	1882,08
851,19	1865,70
851,37	1765,35
851,56	1769,44
851,74	1873,89
851,92	1826,79
852,10	1818,60
852,28	1859,56
852,46	1757,16
852,64	1818,60
852,82	1808,36
853,00	1839,08
853,18	1837,03
853,37	1912,80
853,55	1763,30
853,73	1810,40
853,91	1851,36
854,09	1783,78
854,27	1814,50
854,45	1988,58
854,63	1851,36
854,81	1802,21
854,99	1802,21
855,17	1775,59
855,35	1757,16
855,53	1765,35
855,72	1718,25
855,90	1939,43
856,08	1828,84
856,26	1712,10
856,44	1980,39
856,62	1722,34
856,80	1736,68
856,98	1822,69
857,16	1877,99
857,34	1816,55
857,52	1904,61
857,70	1882,08
857,88	1802,21
858,06	1888,23
858,24	1837,03
858,42	1939,43
858,60	1761,25
858,78	1818,60
858,96	1818,60
859,15	1810,40
859,33	1845,22
859,51	1824,74
859,69	1781,73
859,87	1785,83
860,05	1812,45
860,23	1814,50
860,41	1892,32
860,59	1894,37
860,77	1847,27
860,95	1816,55
861,13	1806,31
861,31	1773,54
861,49	1789,92
861,67	1810,40
861,85	1865,70
862,03	1830,88
862,21	1751,01
862,39	1779,68
862,57	1884,13
862,75	1738,73
862,93	1787,88
863,11	1753,06
863,29	1681,38
863,47	1877,99
863,65	1814,50
863,83	1837,03
864,01	1800,16
864,19	1777,64
864,37	1787,88
864,55	1861,60
864,73	1763,30
864,91	1753,06
865,09	1789,92
865,27	1775,59
865,45	1748,97
865,63	1787,88
865,81	1814,50
865,99	1800,16
866,17	1763,30
866,35	1777,64
866,53	1822,69
866,71	1771,49
866,89	1884,13
867,07	1806,31
867,24	1783,78
867,42	1806,31
867,60	1832,93
867,78	1753,06
867,96	1800,16
868,14	1687,53
868,32	1900,52
868,50	1810,40
868,68	1718,25
868,86	1746,92
869,04	1789,92
869,22	1765,35
869,40	1710,05
869,58	1759,21
869,76	1781,73
869,94	1744,87
870,12	1757,16
870,30	1757,16
870,48	1787,88
870,66	1691,62
870,83	1769,44
871,01	1742,82
871,19	1695,72
871,37	1822,69
871,55	1744,87
871,73	1693,67
871,91	1841,12
872,09	1779,68
872,27	1773,54
872,45	1732,58
872,63	1605,61
872,81	1712,10
872,98	1785,83
873,16	1794,02
873,34	1826,79
873,52	1765,35
873,70	1753,06
873,88	1757,16
874,06	1716,20
874,24	1808,36
874,42	1656,81
874,60	1689,57
874,78	1656,81
874,95	1753,06
875,13	1677,29
875,31	1787,88
875,49	1830,88
875,67	1734,63
875,85	1740,77
876,03	1759,21
876,21	1726,44
876,39	1738,73
876,56	1705,96
876,74	1605,61
876,92	1746,92
877,10	1839,08
877,28	1765,35
877,46	1753,06
877,64	1759,21
877,82	1785,83
877,99	1685,48
878,17	1732,58
878,35	1783,78
878,53	1849,32
878,71	1816,55
878,89	1730,53
879,07	1753,06
879,24	1748,97
879,42	1845,22
879,60	1751,01
879,78	1705,96
879,96	1626,09
880,14	1810,40
880,32	1693,67
880,49	1732,58
880,67	1748,97
880,85	1759,21
881,03	1736,68
881,21	1712,10
881,39	1775,59
881,56	1703,91
881,74	1697,77
881,92	1753,06
882,10	1650,66
882,28	1740,77
882,46	1724,39
882,63	1652,71
882,81	1699,81
882,99	1689,57
883,17	1742,82
883,35	1791,97
883,52	1775,59
883,70	1773,54
883,88	1728,49
884,06	1687,53
884,24	1796,07
884,42	1789,92
884,59	1710,05
884,77	1783,78
884,95	1812,45
885,13	1695,72
885,31	1761,25
885,48	1697,77
885,66	1877,99
885,84	1781,73
886,02	1757,16
886,20	1800,16
886,37	1744,87
886,55	1806,31
886,73	1802,21
886,91	1746,92
887,08	1712,10
887,26	1777,64
887,44	1685,48
887,62	1683,43
887,80	1759,21
887,97	1730,53
888,15	1761,25
888,33	1667,05
888,51	1697,77
888,68	1757,16
888,86	1773,54
889,04	1732,58
889,22	1781,73
889,40	1779,68
889,57	1789,92
889,75	1744,87
889,93	1736,68
890,11	1738,73
890,28	1740,77
890,46	1705,96
890,64	1734,63
890,82	1753,06
890,99	1810,40
891,17	1771,49
891,35	1746,92
891,53	1634,28
891,70	1646,57
891,88	1587,18
892,06	1654,76
892,24	1679,33
892,41	1636,33
892,59	1638,38
892,77	1697,77
892,94	1710,05
893,12	1728,49
893,30	1638,38
893,48	1767,40
893,65	1794,02
893,83	1699,81
894,01	1804,26
894,19	1652,71
894,36	1775,59
894,54	1628,14
894,72	1708,01
894,89	1650,66
895,07	1710,05
895,25	1691,62
895,43	1628,14
895,60	1740,77
895,78	1718,25
895,96	1691,62
896,13	1675,24
896,31	1703,91
896,49	1650,66
896,66	1630,18
896,84	1763,30
897,02	1757,16
897,20	1701,86
897,37	1701,86
897,55	1603,56
897,73	1763,30
897,90	1740,77
898,08	1734,63
898,26	1648,61
898,43	1734,63
898,61	1736,68
898,79	1679,33
898,96	1630,18
899,14	1640,42
899,32	1685,48
899,49	1691,62
899,67	1712,10
899,85	1779,68
900,02	1804,26
900,20	1685,48
900,38	1691,62
900,55	1746,92
900,73	1794,02
900,91	1652,71
901,08	1779,68
901,26	1662,95
901,44	1710,05
901,61	1699,81
901,79	1681,38
901,97	1705,96
902,14	1658,85
902,32	1693,67
902,50	1716,20
902,67	1736,68
902,85	1757,16
903,02	1597,42
903,20	1605,61
903,38	1687,53
903,55	1601,51
903,73	1716,20
903,91	1703,91
904,08	1726,44
904,26	1724,39
904,44	1757,16
904,61	1652,71
904,79	1644,52
904,96	1679,33
905,14	1652,71
905,32	1685,48
905,49	1726,44
905,67	1642,47
905,84	1677,29
906,02	1691,62
906,20	1609,70
906,37	1877,99
906,55	1730,53
906,73	1638,38
906,90	1712,10
907,08	1726,44
907,25	1708,01
907,43	1738,73
907,61	1628,14
907,78	1734,63
907,96	1624,04
908,13	1708,01
908,31	1728,49
908,48	1650,66
908,66	1703,91
908,84	1687,53
909,01	1695,72
909,19	1720,29
909,36	1628,14
909,54	1691,62
909,72	1660,90
909,89	1648,61
910,07	1599,46
910,24	1775,59
910,42	1845,22
910,59	1683,43
910,77	1720,29
910,95	1540,07
911,12	1658,85
911,30	1662,95
911,47	1636,33
911,65	1685,48
911,82	1583,08
912,00	1804,26
912,17	1628,14
912,35	1712,10
912,53	1677,29
912,70	1720,29
912,88	1628,14
913,05	1708,01
913,23	1601,51
913,40	1732,58
913,58	1560,55
913,75	1619,94
913,93	1683,43
914,10	1578,98
914,28	1638,38
914,46	1632,23
914,63	1703,91
914,81	1777,64
914,98	1652,71
915,16	1632,23
915,33	1578,98
915,51	1695,72
915,68	1720,29
915,86	1720,29
916,03	1538,02
916,21	1542,12
916,38	1712,10
916,56	1634,28
916,73	1652,71
916,91	1712,10
917,08	1642,47
917,26	1828,84
917,43	1716,20
917,61	1564,65
917,78	1742,82
917,96	1611,75
918,13	1740,77
918,31	1644,52
918,48	1611,75
918,66	1531,88
918,83	1732,58
919,01	1646,57
919,18	1640,42
919,36	1685,48
919,53	1677,29
919,71	1816,55
919,88	1761,25
920,06	1613,80
920,23	1619,94
920,41	1681,38
920,58	1650,66
920,76	1562,60
920,93	1693,67
921,11	1576,94
921,28	1650,66
921,45	1720,29
921,63	1687,53
921,80	1683,43
921,98	1687,53
922,15	1617,90
922,33	1617,90
922,50	1697,77
922,68	1679,33
922,85	1689,57
923,03	1728,49
923,20	1767,40
923,38	1703,91
923,55	1697,77
923,72	1585,13
923,90	1783,78
924,07	1632,23
924,25	1699,81
924,42	1832,93
924,60	1687,53
924,77	1535,98
924,95	1648,61
925,12	1681,38
925,29	1699,81
925,47	1662,95
925,64	1570,79
925,82	1593,32
925,99	1644,52
926,17	1662,95
926,34	1607,66
926,51	1601,51
926,69	1683,43
926,86	1712,10
927,04	1587,18
927,21	1646,57
927,38	1558,50
927,56	1654,76
927,73	1671,14
927,91	1628,14
928,08	1892,32
928,25	1683,43
928,43	1603,56
928,60	1644,52
928,78	1634,28
928,95	1578,98
929,12	1675,24
929,30	1603,56
929,47	1615,85
929,65	1646,57
929,82	1591,27
929,99	1628,14
930,17	1509,35
930,34	1660,90
930,52	1601,51
930,69	1546,22
930,86	1650,66
931,04	1611,75
931,21	1560,55
931,38	1601,51
931,56	1648,61
931,73	1693,67
931,91	1650,66
932,08	1585,13
932,25	1757,16
932,43	1615,85
932,60	1611,75
932,77	1665,00
932,95	1591,27
933,12	1630,18
933,29	1642,47
933,47	1748,97
933,64	1589,22
933,82	1640,42
933,99	1697,77
934,16	1628,14
934,34	1703,91
934,51	1556,46
934,68	1675,24
934,86	1701,86
935,03	1527,78
935,20	1601,51
935,38	1562,60
935,55	1535,98
935,72	1691,62
935,90	1652,71
936,07	1566,70
936,24	1589,22
936,42	1705,96
936,59	1642,47
936,76	1658,85
936,94	1558,50
937,11	1669,09
937,28	1613,80
937,46	1626,09
937,63	1589,22
937,80	1662,95
937,97	1724,39
938,15	1677,29
938,32	1605,61
938,49	1654,76
938,67	1531,88
938,84	1658,85
939,01	1591,27
939,19	1597,42
939,36	1689,57
939,53	1611,75
939,70	1624,04
939,88	1603,56
940,05	1685,48
940,22	1683,43
940,40	1667,05
940,57	1605,61
940,74	1558,50
940,92	1615,85
941,09	1576,94
941,26	1560,55
941,43	1632,23
941,61	1556,46
941,78	1593,32
941,95	1654,76
942,12	1636,33
942,30	1568,74
942,47	1701,86
942,64	1558,50
942,82	1751,01
942,99	1669,09
943,16	1548,26
943,33	1605,61
943,51	1576,94
943,68	1617,90
943,85	1640,42
944,02	1638,38
944,20	1595,37
944,37	1525,74
944,54	1673,19
944,71	1597,42
944,89	1544,17
945,06	1515,50
945,23	1535,98
945,40	1728,49
945,58	1671,14
945,75	1572,84
945,92	1691,62
946,09	1669,09
946,27	1634,28
946,44	1511,40
946,61	1626,09
946,78	1568,74
946,95	1523,69
947,13	1630,18
947,30	1662,95
947,47	1523,69
947,64	1591,27
947,82	1548,26
947,99	1542,12
948,16	1601,51
948,33	1634,28
948,50	1591,27
948,68	1572,84
948,85	1605,61
949,02	1652,71
949,19	1511,40
949,36	1611,75
949,54	1624,04
949,71	1667,05
949,88	1638,38
950,05	1638,38
950,22	1603,56
950,40	1665,00
950,57	1564,65
950,74	1744,87
950,91	1644,52
951,08	1556,46
951,26	1599,46
951,43	1636,33
951,60	1568,74
951,77	1599,46
951,94	1685,48
952,11	1591,27
952,29	1710,05
952,46	1564,65
952,63	1687,53
952,80	1597,42
952,97	1665,00
953,15	1687,53
953,32	1527,78
953,49	1556,46
953,66	1624,04
953,83	1581,03
954,00	1570,79
954,17	1578,98
954,35	1652,71
954,52	1570,79
954,69	1687,53
954,86	1654,76
955,03	1646,57
955,20	1634,28
955,38	1607,66
955,55	1589,22
955,72	1593,32
955,89	1587,18
956,06	1570,79
956,23	1601,51
956,40	1597,42
956,58	1533,93
956,75	1603,56
956,92	1490,92
957,09	1529,83
957,26	1640,42
957,43	1585,13
957,60	1595,37
957,77	1595,37
957,95	1632,23
958,12	1593,32
958,29	1624,04
958,46	1595,37
958,63	1529,83
958,80	1628,14
958,97	1681,38
959,14	1597,42
959,31	1634,28
959,49	1628,14
959,66	1568,74
959,83	1525,74
960,00	1636,33
960,17	1710,05
960,34	1605,61
960,51	1546,22
960,68	1656,81
960,85	1634,28
961,02	1603,56
961,20	1638,38
961,37	1667,05
961,54	1644,52
961,71	1697,77
961,88	1564,65
962,05	1517,54
962,22	1658,85
962,39	1609,70
962,56	1558,50
962,73	1482,73
962,90	1515,50
963,07	1689,57
963,24	1615,85
963,42	1581,03
963,59	1701,86
963,76	1654,76
963,93	1742,82
964,10	1558,50
964,27	1599,46
964,44	1644,52
964,61	1697,77
964,78	1689,57
964,95	1630,18
965,12	1691,62
965,29	1607,66
965,46	1671,14
965,63	1689,57
965,80	1634,28
965,97	1535,98
966,14	1556,46
966,31	1675,24
966,48	1716,20
966,66	1630,18
966,83	1703,91
967,00	1617,90
967,17	1689,57
967,34	1671,14
967,51	1658,85
967,68	1660,90
967,85	1650,66
968,02	1720,29
968,19	1552,36
968,36	1667,05
968,53	1587,18
968,70	1697,77
968,87	1583,08
969,04	1667,05
969,21	1644,52
969,38	1685,48
969,55	1490,92
969,72	1687,53
969,89	1634,28
970,06	1613,80
970,23	1544,17
970,40	1679,33
970,57	1581,03
970,74	1609,70
970,91	1654,76
971,08	1533,93
971,25	1578,98
971,42	1578,98
971,59	1538,02
971,76	1548,26
971,93	1605,61
972,10	1601,51
972,27	1544,17
972,44	1511,40
972,61	1585,13
972,78	1597,42
972,95	1597,42
973,12	1728,49
973,29	1619,94
973,46	1550,31
973,63	1605,61
973,80	1662,95
973,97	1607,66
974,14	1611,75
974,30	1638,38
974,47	1712,10
974,64	1710,05
974,81	1564,65
974,98	1742,82
975,15	1554,41
975,32	1626,09
975,49	1621,99
975,66	1552,36
975,83	1679,33
976,00	1650,66
976,17	1550,31
976,34	1603,56
976,51	1613,80
976,68	1560,55
976,85	1615,85
977,02	1656,81
977,19	1669,09
977,36	1535,98
977,52	1703,91
977,69	1689,57
977,86	1726,44
978,03	1568,74
978,20	1646,57
978,37	1595,37
978,54	1658,85
978,71	1683,43
978,88	1718,25
979,05	1566,70
979,22	1621,99
979,39	1669,09
979,56	1691,62
979,72	1581,03
979,89	1699,81
980,06	1665,00
980,23	1845,22
980,40	1613,80
980,57	1581,03
980,74	1570,79
980,91	1560,55
981,08	1564,65
981,25	1628,14
981,41	1591,27
981,58	1548,26
981,75	1533,93
981,92	1665,00
982,09	1695,72
982,26	1570,79
982,43	1503,21
982,60	1665,00
982,77	1572,84
982,93	1624,04
983,10	1495,02
983,27	1548,26
983,44	1677,29
983,61	1726,44
983,78	1640,42
983,95	1511,40
984,11	1576,94
984,28	1648,61
984,45	1562,60
984,62	1519,59
984,79	1589,22
984,96	1712,10
985,13	1519,59
985,30	1617,90
985,46	1531,88
985,63	1605,61
985,80	1595,37
985,97	1523,69
986,14	1562,60
986,31	1621,99
986,47	1591,27
986,64	1501,16
986,81	1626,09
986,98	1607,66
987,15	1587,18
987,32	1609,70
987,48	1593,32
987,65	1654,76
987,82	1540,07
987,99	1685,48
988,16	1898,47
988,33	1763,30
988,49	1585,13
988,66	1566,70
988,83	1562,60
989,00	1734,63
989,17	1527,78
989,34	1667,05
989,50	1632,23
989,67	1501,16
989,84	1531,88
990,01	1574,89
990,18	1697,77
990,34	1607,66
990,51	1591,27
990,68	1615,85
990,85	1621,99
991,02	1570,79
991,18	1578,98
991,35	1525,74
991,52	1634,28
991,69	1572,84
991,86	1658,85
992,02	1621,99
992,19	1544,17
992,36	1587,18
992,53	1665,00
992,69	1597,42
992,86	1611,75
993,03	1671,14
993,20	1507,30
993,37	1650,66
993,53	1718,25
993,70	1609,70
993,87	1490,92
994,04	1609,70
994,20	1642,47
994,37	1527,78
994,54	1566,70
994,71	1597,42
994,87	1667,05
995,04	1607,66
995,21	1535,98
995,38	1601,51
995,55	1548,26
995,71	1630,18
995,88	1636,33
996,05	1574,89
996,22	1710,05
996,38	1712,10
996,55	1519,59
996,72	1513,45
996,88	1738,73
997,05	2529,24
997,22	1621,99
997,39	1564,65
997,55	1599,46
997,72	1673,19
997,89	1628,14
998,06	1535,98
998,22	1583,08
998,39	1497,07
998,56	1538,02
998,73	1601,51
998,89	1578,98
999,06	1523,69
999,23	1550,31
999,39	1568,74
999,56	1660,90
999,73	1540,07
999,90	1599,46
1000,06	1628,14
1000,23	1576,94
1000,40	1634,28
1000,56	1587,18
1000,73	1595,37
1000,90	1511,40
1001,06	1634,28
1001,23	1576,94
1001,40	1644,52
1001,57	1617,90
1001,73	1517,54
1001,90	1546,22
1002,07	1546,22
1002,23	1605,61
1002,40	1529,83
1002,57	1529,83
1002,73	1544,17
1002,90	1517,54
1003,07	1605,61
1003,23	1560,55
1003,40	1634,28
1003,57	1495,02
1003,73	1621,99
1003,90	1630,18
1004,07	1535,98
1004,23	1599,46
1004,40	1601,51
1004,57	1558,50
1004,73	1499,11
1004,90	1601,51
1005,07	1615,85
1005,23	1560,55
1005,40	1515,50
1005,57	1562,60
1005,73	1636,33
1005,90	1554,41
1006,07	1660,90
1006,23	1654,76
1006,40	1546,22
1006,57	1554,41
1006,73	1621,99
1006,90	1611,75
1007,06	1556,46
1007,23	1517,54
1007,40	1572,84
1007,56	1607,66
1007,73	1624,04
1007,90	1525,74
1008,06	1574,89
1008,23	1615,85
1008,40	1546,22
1008,56	1591,27
1008,73	1552,36
1008,89	1621,99
1009,06	1695,72
1009,23	1609,70
1009,39	1624,04
1009,56	1540,07
1009,72	1617,90
1009,89	1574,89
1010,06	1589,22
1010,22	1599,46
1010,39	1560,55
1010,55	1585,13
1010,72	1634,28
1010,89	1540,07
1011,05	1642,47
1011,22	1599,46
1011,38	1630,18
1011,55	1574,89
1011,72	1484,78
1011,88	1583,08
1012,05	1611,75
1012,21	1630,18
1012,38	1613,80
1012,55	1593,32
1012,71	1513,45
1012,88	1650,66
1013,04	1560,55
1013,21	1578,98
1013,37	1640,42
1013,54	1572,84
1013,71	1605,61
1013,87	1591,27
1014,04	1708,01
1014,20	1595,37
1014,37	1621,99
1014,53	1562,60
1014,70	1517,54
1014,87	1501,16
1015,03	1738,73
1015,20	1562,60
1015,36	1632,23
1015,53	1513,45
1015,69	1585,13
1015,86	1619,94
1016,02	1615,85
1016,19	1667,05
1016,36	1595,37
1016,52	1583,08
1016,69	1650,66
1016,85	1566,70
1017,02	1576,94
1017,18	1560,55
1017,35	1601,51
1017,51	1560,55
1017,68	1609,70
1017,84	1523,69
1018,01	1542,12
1018,17	1644,52
1018,34	1714,15
1018,50	1566,70
1018,67	1546,22
1018,84	1632,23
1019,00	1533,93
1019,17	1556,46
1019,33	1576,94
1019,50	1570,79
1019,66	1613,80
1019,83	1544,17
1019,99	1646,57
1020,16	1548,26
1020,32	1607,66
1020,49	1630,18
1020,65	1626,09
1020,82	1597,42
1020,98	1665,00
1021,15	1572,84
1021,31	1607,66
1021,48	1632,23
1021,64	1646,57
1021,81	1675,24
1021,97	1578,98
1022,14	1599,46
1022,30	1578,98
1022,47	1581,03
1022,63	1521,64
1022,79	1617,90
1022,96	1550,31
1023,12	1654,76
1023,29	1591,27
1023,45	1708,01
1023,62	1636,33
1023,78	1662,95
1023,95	1611,75
1024,11	1525,74
1024,28	1611,75
1024,44	1605,61
1024,61	1515,50
1024,77	1554,41
1024,94	1642,47
1025,10	1503,21
1025,26	1531,88
1025,43	1605,61
1025,59	1601,51
1025,76	1630,18
1025,92	1650,66
1026,09	1533,93
1026,25	1697,77
1026,42	1527,78
1026,58	1585,13
1026,74	1689,57
1026,91	1660,90
1027,07	1581,03
1027,24	1681,38
1027,40	1615,85
1027,57	1583,08
1027,73	1546,22
1027,90	1646,57
1028,06	1679,33
1028,22	1535,98
1028,39	1630,18
1028,55	1648,61
1028,72	1581,03
1028,88	1728,49
1029,04	1636,33
1029,21	1634,28
1029,37	1583,08
1029,54	1640,42
1029,70	1605,61
1029,87	1527,78
1030,03	1556,46
1030,19	1693,67
1030,36	1599,46
1030,52	1615,85
1030,69	1538,02
1030,85	1523,69
1031,01	1609,70
1031,18	1619,94
1031,34	1624,04
1031,50	1558,50
1031,67	1560,55
1031,83	1533,93
1032,00	1533,93
1032,16	1646,57
1032,32	1613,80
1032,49	1671,14
1032,65	1650,66
1032,82	1671,14
1032,98	1591,27
1033,14	1470,44
1033,31	1589,22
1033,47	1605,61
1033,63	1517,54
1033,80	1642,47
1033,96	1632,23
1034,13	1636,33
1034,29	1603,56
1034,45	1595,37
1034,62	1628,14
1034,78	1685,48
1034,94	1556,46
1035,11	1701,86
1035,27	1462,25
1035,43	1646,57
1035,60	1671,14
1035,76	1556,46
1035,92	1583,08
1036,09	1533,93
1036,25	1574,89
1036,41	1564,65
1036,58	1630,18
1036,74	1736,68
1036,90	1495,02
1037,07	1558,50
1037,23	1660,90
1037,39	1716,20
1037,56	1576,94
1037,72	1595,37
1037,88	1624,04
1038,05	1535,98
1038,21	1638,38
1038,37	1687,53
1038,54	1656,81
1038,70	1703,91
1038,86	1632,23
1039,03	1644,52
1039,19	1613,80
1039,35	1533,93
1039,52	1611,75
1039,68	1531,88
1039,84	1454,06
1040,00	1691,62
1040,17	1576,94
1040,33	1624,04
1040,49	1585,13
1040,66	1632,23
1040,82	1574,89
1040,98	1642,47
1041,15	1660,90
1041,31	1607,66
1041,47	1570,79
1041,63	1564,65
1041,80	1562,60
1041,96	1695,72
1042,12	1488,87
1042,29	1621,99
1042,45	1644,52
1042,61	1544,17
1042,77	1597,42
1042,94	1609,70
1043,10	1771,49
1043,26	1638,38
1043,42	1576,94
1043,59	1611,75
1043,75	1603,56
1043,91	1525,74
1044,07	1576,94
1044,24	1615,85
1044,40	1542,12
