345,22	1433,58
345,44	1433,58
345,66	1433,58
345,88	1368,04
346,10	1390,57
346,32	1652,71
346,54	1593,32
346,75	1609,70
346,97	1525,74
347,19	1550,31
347,41	1538,02
347,63	1578,98
347,85	1583,08
348,07	1554,41
348,29	1650,66
348,51	1581,03
348,73	1578,98
348,95	1497,07
349,16	1597,42
349,38	1638,38
349,60	1611,75
349,82	1617,90
350,04	1542,12
350,26	1699,81
350,48	1636,33
350,70	1650,66
350,92	1554,41
351,14	1734,63
351,35	1738,73
351,57	1613,80
351,79	1624,04
352,01	1615,85
352,23	1611,75
352,45	1687,53
352,67	1617,90
352,89	1628,14
353,10	1597,42
353,32	1646,57
353,54	1763,30
353,76	1687,53
353,98	1751,01
354,20	1732,58
354,42	1673,19
354,64	1804,26
354,85	1777,64
355,07	1693,67
355,29	1736,68
355,51	1677,29
355,73	1787,88
355,95	1673,19
356,17	1781,73
356,38	1812,45
356,60	1761,25
356,82	1925,09
357,04	1798,12
357,26	1832,93
357,48	1970,15
357,69	1810,40
357,91	1863,65
358,13	1918,95
358,35	2056,16
358,57	1978,34
358,79	2074,59
359,01	1982,43
359,22	2111,46
359,44	2144,22
359,66	2156,51
359,88	2068,45
360,10	2197,47
360,32	2201,57
360,53	2158,56
360,75	2285,53
360,97	2281,44
361,19	2306,01
361,41	2473,95
361,62	2441,18
361,84	2465,75
362,06	2537,43
362,28	2545,63
362,50	2705,37
362,72	2740,18
362,93	2830,29
363,15	2803,67
363,37	2926,55
363,59	2983,89
363,81	3168,21
364,02	3319,76
364,24	3135,44
364,46	3547,08
364,68	3477,45
364,90	3778,50
365,11	3895,24
365,33	4018,11
365,55	4052,93
365,77	4284,35
365,99	4448,19
366,20	4890,55
366,42	4972,47
366,64	5175,22
366,86	5240,75
367,07	5541,80
367,29	5719,98
367,51	5793,70
367,73	6139,81
367,95	6492,06
368,16	6750,10
368,38	7016,34
368,60	7133,08
368,82	7393,17
369,03	7821,19
369,25	7901,06
369,47	8224,64
369,69	7987,08
369,91	8486,78
370,12	8441,73
370,34	8322,94
370,56	8578,94
370,78	8779,64
370,99	8953,72
371,21	8830,84
371,43	8832,89
371,65	8818,55
371,86	9207,67
372,08	9037,69
372,30	9291,63
372,52	9389,94
372,73	9242,48
372,95	9197,43
373,17	9029,49
373,39	9232,24
373,60	9174,90
373,82	9125,75
374,04	9092,98
374,26	9111,41
374,47	8931,19
374,69	8806,27
374,91	8732,54
375,12	8505,21
375,34	8284,03
375,56	7997,32
375,78	7999,37
375,99	7819,14
376,21	7626,64
376,43	7534,48
376,65	7266,19
376,86	7135,12
377,08	6746,01
377,30	6774,68
377,51	6678,43
377,73	6404,00
377,95	6272,93
378,17	6098,85
378,38	5988,26
378,60	5932,97
378,82	5769,13
379,03	5765,03
379,25	5672,87
379,47	5562,28
379,68	5363,63
379,90	5179,31
380,12	5341,10
380,34	5257,14
380,55	5111,73
380,77	5017,52
380,99	4931,51
381,20	4958,13
381,42	4960,18
381,64	4839,35
381,85	4790,20
382,07	4829,11
382,29	4661,18
382,50	4562,87
382,72	4640,70
382,94	4575,16
383,15	4417,47
383,37	4190,14
383,59	4292,54
383,80	3995,59
384,02	4296,64
384,24	4028,35
384,45	3964,87
384,67	3958,72
384,89	3876,80
385,10	3774,41
385,32	3846,09
385,54	3577,80
385,75	3467,21
385,97	3559,37
386,19	3411,92
386,40	3319,76
386,62	3280,85
386,84	3260,37
387,05	3133,39
387,27	3147,73
387,49	3016,66
387,70	2922,45
387,92	2990,03
388,14	2889,68
388,35	2899,92
388,57	2940,88
388,79	2953,17
389,00	2748,37
389,22	2717,65
389,43	2760,66
389,65	2680,79
389,87	2611,16
390,08	2621,40
390,30	2779,09
390,52	2695,13
390,73	2674,65
390,95	2621,40
391,17	2529,24
391,38	2543,58
391,60	2531,29
391,81	2541,53
392,03	2396,12
392,25	2324,44
392,46	2310,11
392,68	2623,45
392,89	2306,01
393,11	2359,26
393,33	2342,88
393,54	2344,92
393,76	2289,63
393,98	2285,53
394,19	2240,48
394,41	2220,00
394,62	2140,13
394,84	2168,80
395,06	2072,54
395,27	2199,52
395,49	2131,94
395,70	2154,46
395,92	2090,98
396,13	1966,05
396,35	2156,51
396,57	2052,06
396,78	1994,72
397,00	1961,95
397,21	2068,45
397,43	2027,49
397,65	2039,78
397,86	2068,45
398,08	2064,35
398,29	2033,63
398,51	1869,80
398,72	2013,15
398,94	2023,39
399,16	2070,50
399,37	1923,04
399,59	1916,90
399,80	1912,80
400,02	1867,75
400,23	1892,32
400,45	1847,27
400,67	1959,91
400,88	1937,38
401,10	1779,68
401,31	1794,02
401,53	1789,92
401,74	1748,97
401,96	1783,78
402,17	1742,82
402,39	1755,11
402,61	1843,17
402,82	1830,88
403,04	1886,18
403,25	1888,23
403,47	1851,36
403,68	1812,45
403,90	1857,51
404,11	1736,68
404,33	1669,09
404,54	1834,98
404,76	1724,39
404,97	1783,78
405,19	1953,76
405,41	1712,10
405,62	1867,75
405,84	1654,76
406,05	1791,97
406,27	1687,53
406,48	1794,02
406,70	1736,68
406,91	1734,63
407,13	1761,25
407,34	1746,92
407,56	1898,47
407,77	1728,49
407,99	1773,54
408,20	1855,46
408,42	1667,05
408,63	1779,68
408,85	1660,90
409,06	1753,06
409,28	1867,75
409,49	1693,67
409,71	1775,59
409,92	1802,21
410,14	1740,77
410,35	1828,84
410,57	1759,21
410,78	1626,09
411,00	1681,38
411,21	1736,68
411,43	1785,83
411,64	1621,99
411,86	1734,63
412,07	1763,30
412,29	1722,34
412,50	1736,68
412,72	1843,17
412,93	1869,80
413,15	1798,12
413,36	1683,43
413,58	1832,93
413,79	1781,73
414,01	1701,86
414,22	1767,40
414,43	1884,13
414,65	1767,40
414,86	1695,72
415,08	1761,25
415,29	1732,58
415,51	1687,53
415,72	1757,16
415,94	1765,35
416,15	1804,26
416,37	1787,88
416,58	1675,24
416,80	1714,15
417,01	1697,77
417,22	1796,07
417,44	1773,54
417,65	1806,31
417,87	1720,29
418,08	1822,69
418,30	1779,68
418,51	1791,97
418,73	1800,16
418,94	1744,87
419,15	1781,73
419,37	1853,41
419,58	1718,25
419,80	1820,64
420,01	1806,31
420,23	1773,54
420,44	1839,08
420,65	1806,31
420,87	1880,04
421,08	1779,68
421,30	1873,89
421,51	1789,92
421,73	1800,16
421,94	1751,01
422,15	1816,55
422,37	1810,40
422,58	1667,05
422,80	1732,58
423,01	1802,21
423,22	1654,76
423,44	1775,59
423,65	1800,16
423,87	1755,11
424,08	1818,60
424,29	1791,97
424,51	1722,34
424,72	1873,89
424,94	1716,20
425,15	1781,73
425,36	1890,28
425,58	1818,60
425,79	1849,32
426,01	1789,92
426,22	1824,74
426,43	1888,23
426,65	1857,51
426,86	1871,84
427,08	1853,41
427,29	1826,79
427,50	1796,07
427,72	1794,02
427,93	1843,17
428,14	1834,98
428,36	1902,56
428,57	1834,98
428,79	1886,18
429,00	1898,47
429,21	1816,55
429,43	1912,80
429,64	1863,65
429,85	1900,52
430,07	1968,10
430,28	1900,52
430,49	1929,19
430,71	1923,04
430,92	1927,14
431,14	2011,11
431,35	1957,86
431,56	1894,37
431,78	1966,05
431,99	2009,06
432,20	2078,69
432,42	1794,02
432,63	2129,89
432,84	1961,95
433,06	2041,82
433,27	2039,78
433,48	2086,88
433,70	2039,78
433,91	2117,60
434,12	1978,34
434,34	2047,97
434,55	2027,49
434,76	1978,34
434,98	2109,41
435,19	2068,45
435,40	2068,45
435,62	2129,89
435,83	2148,32
436,04	2088,93
436,26	2209,76
436,47	2080,74
436,68	2056,16
436,90	2154,46
437,11	2191,33
437,32	2103,26
437,54	2193,37
437,75	2133,98
437,96	2215,90
438,17	2195,42
438,39	2191,33
438,60	2224,09
438,81	2303,96
439,03	2287,58
439,24	2263,01
439,45	2435,03
439,67	2285,53
439,88	2267,10
440,09	2222,05
440,30	2332,64
440,52	2265,05
440,73	2232,29
440,94	2211,81
441,16	2267,10
441,37	2303,96
441,58	2338,78
441,80	2383,84
442,01	2365,40
442,22	2443,23
442,43	2379,74
442,65	2527,19
442,86	2361,31
443,07	2418,65
443,28	2314,20
443,50	2484,19
443,71	2404,32
443,92	2465,75
444,14	2396,12
444,35	2490,33
444,56	2484,19
444,77	2420,70
444,99	2469,85
445,20	2459,61
445,41	2410,46
445,62	2500,57
445,84	2566,10
446,05	2549,72
446,26	2680,79
446,47	2531,29
446,69	2414,56
446,90	2484,19
447,11	2568,15
447,32	2475,99
447,54	2439,13
447,75	2467,80
447,96	2373,60
448,17	2478,04
448,39	2418,65
448,60	2320,35
448,81	2449,37
449,02	2404,32
449,23	2459,61
449,45	2480,09
449,66	2385,88
449,87	2371,55
450,08	2418,65
450,30	2490,33
450,51	2346,97
450,72	2498,52
450,93	2379,74
451,15	2504,67
451,36	2461,66
451,57	2340,83
451,78	2439,13
451,99	2324,44
452,21	2385,88
452,42	2375,64
452,63	2361,31
452,84	2295,77
453,05	2256,86
453,27	2340,83
453,48	2422,75
453,69	2166,75
453,90	2359,26
454,11	2330,59
454,33	2234,33
454,54	2285,53
454,75	2297,82
454,96	2346,97
455,17	2195,42
455,39	2381,79
455,60	2308,06
455,81	2322,40
456,02	2287,58
456,23	2308,06
456,45	2293,72
456,66	2174,94
456,87	2248,67
457,08	2301,92
457,29	2414,56
457,50	2226,14
457,72	2209,76
457,93	2121,70
458,14	2248,67
458,35	2242,53
458,56	2232,29
458,77	2101,22
458,99	2238,43
459,20	2215,90
459,41	2271,20
459,62	2258,91
459,83	2209,76
460,04	2181,09
460,26	2234,33
460,47	2080,74
460,68	2172,89
460,89	2125,79
461,10	2248,67
461,31	2224,09
461,52	2121,70
461,74	2289,63
461,95	2060,26
462,16	2082,78
462,37	2140,13
462,58	2131,94
462,79	2140,13
463,00	2090,98
463,22	2287,58
463,43	2183,13
463,64	2158,56
463,85	2209,76
464,06	2240,48
464,27	2105,31
464,48	2136,03
464,70	2082,78
464,91	2090,98
465,12	2176,99
465,33	2144,22
465,54	2236,38
465,75	2160,61
465,96	2127,84
466,17	2154,46
466,38	2185,18
466,60	2111,46
466,81	2121,70
467,02	2228,19
467,23	2131,94
467,44	2097,12
467,65	2113,50
467,86	2203,61
468,07	2176,99
468,28	2148,32
468,50	2113,50
468,71	2193,37
468,92	2154,46
469,13	2207,71
469,34	2213,85
469,55	2064,35
469,76	2133,98
469,97	2179,04
470,18	2068,45
470,39	2101,22
470,60	2058,21
470,82	2191,33
471,03	2043,87
471,24	2103,26
471,45	2062,30
471,66	2080,74
471,87	2095,07
472,08	2115,55
472,29	2162,66
472,50	2183,13
472,71	2029,54
472,92	2084,83
473,13	2093,02
473,34	2207,71
473,55	2148,32
473,77	2197,47
473,98	2244,57
474,19	2160,61
474,40	2076,64
474,61	2123,74
474,82	2109,41
475,03	2162,66
475,24	2031,58
475,45	2238,43
475,66	2207,71
475,87	2115,55
476,08	2203,61
476,29	2367,45
476,50	2250,72
476,71	2265,05
476,92	2156,51
477,13	2232,29
477,34	2220,00
477,55	2267,10
477,76	2334,68
477,97	2207,71
478,18	2228,19
478,40	2224,09
478,61	2285,53
478,82	2228,19
479,03	2283,49
479,24	2281,44
479,45	2344,92
479,66	2381,79
479,87	2287,58
480,08	2213,85
480,29	2367,45
480,50	2316,25
480,71	2267,10
480,92	2344,92
481,13	2260,96
481,34	2285,53
481,55	2267,10
481,76	2351,07
481,97	2369,50
482,18	2363,36
482,39	2279,39
482,60	2408,41
482,81	2303,96
483,02	2353,12
483,23	2387,93
483,44	2402,27
483,65	2392,03
483,86	2480,09
484,07	2449,37
484,28	2486,23
484,49	2506,71
484,70	2443,23
484,91	2404,32
485,12	2392,03
485,33	2414,56
485,54	2510,81
485,75	2375,64
485,96	2490,33
486,17	2430,94
486,38	2351,07
486,59	2490,33
486,80	2562,01
487,01	2492,38
487,21	2426,84
487,42	2353,12
487,63	2605,02
487,84	2396,12
488,05	2510,81
488,26	2723,80
488,47	2529,24
488,68	2486,23
488,89	2695,13
489,10	2584,54
489,31	2590,68
489,52	2592,73
489,73	2682,84
489,94	2703,32
490,15	2533,34
490,36	2678,74
490,57	2592,73
490,78	2633,69
490,99	2557,91
491,20	2572,25
491,41	2643,93
491,61	2832,34
491,82	2631,64
492,03	2721,75
492,24	2779,09
492,45	2670,55
492,66	2717,65
492,87	2709,46
493,08	2629,59
493,29	2727,89
493,50	2623,45
493,71	2785,24
493,92	2693,08
494,13	2684,89
494,34	2621,40
494,54	2746,33
494,75	2721,75
494,96	2838,48
495,17	2764,76
495,38	2785,24
495,59	2795,48
495,80	2799,57
496,01	2793,43
496,22	2734,04
496,43	2770,90
496,64	2818,00
496,84	2793,43
497,05	2824,15
497,26	3004,37
497,47	2889,68
497,68	2875,35
497,89	2826,20
498,10	2791,38
498,31	2930,64
498,52	2918,36
498,72	2848,72
498,93	2940,88
499,14	2861,01
499,35	2779,09
499,56	2914,26
499,77	2955,22
499,98	2930,64
500,19	2873,30
500,40	2959,31
500,60	2824,15
500,81	3067,86
501,02	2975,70
501,23	2947,03
501,44	3000,27
501,65	3022,80
501,86	2973,65
502,06	2969,55
502,27	3063,76
502,48	3086,29
502,69	3172,30
502,90	3102,67
503,11	2981,84
503,32	3145,68
503,53	3010,51
503,73	3061,71
503,94	2983,89
504,15	3121,10
504,36	3041,23
504,57	3043,28
504,78	2936,79
504,98	3096,53
505,19	3030,99
505,40	3137,49
505,61	3059,67
505,82	3112,91
506,03	3184,59
506,23	3119,06
506,44	3067,86
506,65	3291,09
506,86	3123,15
507,07	3127,25
507,28	3053,52
507,48	3164,11
507,69	3188,69
507,90	3065,81
508,11	3119,06
508,32	3284,94
508,53	3297,23
508,73	3164,11
508,94	3129,30
509,15	3176,40
509,36	3102,67
509,57	3043,28
509,77	3289,04
509,98	3246,03
510,19	3137,49
510,40	3250,13
510,61	3153,87
510,81	3233,74
511,02	3358,67
511,23	3293,13
511,44	3166,16
511,65	3155,92
511,85	3217,36
512,06	3248,08
512,27	3225,55
512,48	3334,09
512,69	3330,00
512,89	3209,17
513,10	3270,61
513,31	3260,37
513,52	3336,14
513,73	3305,42
513,93	3280,85
514,14	3315,66
514,35	3434,44
514,56	3323,85
514,76	3319,76
514,97	3428,30
515,18	3430,35
515,39	3260,37
515,60	3413,96
515,80	3469,26
516,01	3467,21
516,22	3440,59
516,43	3297,23
516,63	3383,24
516,84	3514,31
517,05	3477,45
517,26	3385,29
517,46	3391,44
517,67	3440,59
517,88	3450,83
518,09	3381,20
518,29	3330,00
518,50	3459,02
518,71	3354,57
518,92	3508,17
519,12	3399,63
519,33	3348,43
519,54	3454,92
519,75	3540,94
519,95	3473,36
520,16	3409,87
520,37	3317,71
520,57	3432,40
520,78	3516,36
520,99	3489,74
521,20	3409,87
521,40	3342,28
521,61	3520,46
521,82	3461,07
522,03	3346,38
522,23	3368,91
522,44	3473,36
522,65	3532,75
522,85	3483,59
523,06	3475,40
523,27	3497,93
523,48	3454,92
523,68	3493,83
523,89	3528,65
524,10	3524,55
524,30	3346,38
524,51	3514,31
524,72	3571,66
524,93	3542,99
525,13	3430,35
525,34	3502,03
525,55	3571,66
525,75	3545,03
525,96	3534,79
526,17	3510,22
526,37	3502,03
526,58	3475,40
526,79	3442,64
526,99	3477,45
527,20	3358,67
527,41	3573,71
527,62	3534,79
527,82	3499,98
528,03	3532,75
528,24	3373,00
528,44	3614,66
528,65	3454,92
528,86	3514,31
529,06	3579,85
529,27	3573,71
529,48	3471,31
529,68	3602,38
529,89	3573,71
530,10	3536,84
530,30	3585,99
530,51	3526,60
530,72	3608,52
530,92	3522,51
531,13	3620,81
531,34	3612,62
531,54	3530,70
531,75	3669,96
531,96	3712,97
532,16	3567,56
532,37	3692,49
532,57	3497,93
532,78	3698,63
532,99	3592,14
533,19	3626,95
533,40	3569,61
533,61	3583,95
533,81	3569,61
534,02	3569,61
534,23	3463,12
534,43	3549,13
534,64	3594,19
534,84	3581,90
535,05	3610,57
535,26	3504,07
535,46	3620,81
535,67	3682,25
535,88	3590,09
536,08	3698,63
536,29	3526,60
536,49	3538,89
536,70	3614,66
536,91	3524,55
537,11	3565,51
537,32	3659,72
537,53	3620,81
537,73	3739,59
537,94	3577,80
538,14	3637,19
538,35	3637,19
538,56	3684,30
538,76	3489,74
538,97	3608,52
539,17	3456,97
539,38	3692,49
539,59	3614,66
539,79	3477,45
540,00	3731,40
540,20	3626,95
540,41	3727,30
540,62	3764,17
540,82	3600,33
541,03	3561,42
541,23	3743,69
541,44	3524,55
541,64	3604,42
541,85	3659,72
542,06	3678,15
542,26	3612,62
542,47	3680,20
542,67	3618,76
542,88	3665,86
543,08	3700,68
543,29	3737,54
543,50	3694,54
543,70	3557,32
543,91	3542,99
544,11	3653,58
544,32	3665,86
544,52	3678,15
544,73	3590,09
544,94	3577,80
545,14	3690,44
545,35	3626,95
545,55	3747,78
545,76	3637,19
545,96	3665,86
546,17	3559,37
546,37	3678,15
546,58	3698,63
546,78	3530,70
546,99	3751,88
547,20	3764,17
547,40	3614,66
547,61	3542,99
547,81	3573,71
548,02	3710,92
548,22	3686,34
548,43	3813,32
548,63	3669,96
548,84	3710,92
549,04	3719,11
549,25	3542,99
549,45	3559,37
549,66	3534,79
549,86	3686,34
550,07	3663,82
550,27	3626,95
550,48	3647,43
550,69	3696,58
550,89	3760,07
551,10	3629,00
551,30	3741,64
551,51	3680,20
551,71	3653,58
551,92	3653,58
552,12	3606,47
552,33	3602,38
552,53	3594,19
552,74	3624,90
552,94	3745,73
553,15	3522,51
553,35	3725,26
553,56	3635,14
553,76	3633,10
553,97	3811,27
554,17	3665,86
554,38	3655,62
554,58	3708,87
554,79	3581,90
554,99	3549,13
555,19	3522,51
555,40	3702,73
555,60	3631,05
555,81	3717,06
556,01	3696,58
556,22	3702,73
556,42	3704,78
556,63	3649,48
556,83	3801,03
557,04	3618,76
557,24	3727,30
557,45	3592,14
557,65	3629,00
557,86	3702,73
558,06	3635,14
558,27	3760,07
558,47	3651,53
558,67	3698,63
558,88	3637,19
559,08	3639,24
559,29	3555,27
559,49	3680,20
559,70	3721,16
559,90	3702,73
560,11	3612,62
560,31	3674,06
560,52	3725,26
560,72	3573,71
560,92	3792,84
561,13	3651,53
561,33	3790,79
561,54	3659,72
561,74	3694,54
561,95	3659,72
562,15	3788,74
562,35	3614,66
562,56	3778,50
562,76	3635,14
562,97	3727,30
563,17	3706,82
563,38	3823,56
563,58	3588,04
563,78	3614,66
563,99	3569,61
564,19	3579,85
564,40	3719,11
564,60	3655,62
564,80	3727,30
565,01	3618,76
565,21	3696,58
565,42	3751,88
565,62	3639,24
565,83	3659,72
566,03	3721,16
566,23	3647,43
566,44	3674,06
566,64	3721,16
566,85	3700,68
567,05	3729,35
567,25	3553,23
567,46	3780,55
567,66	3629,00
567,86	3794,89
568,07	3688,39
568,27	3665,86
568,48	3602,38
568,68	3688,39
568,88	3629,00
569,09	3696,58
569,29	3563,47
569,50	3655,62
569,70	3518,41
569,90	3694,54
570,11	3663,82
570,31	3579,85
570,51	3751,88
570,72	3600,33
570,92	3682,25
571,13	3786,69
571,33	3682,25
571,53	3743,69
571,74	3721,16
571,94	3698,63
572,14	3676,10
572,35	3575,75
572,55	3647,43
572,75	3676,10
572,96	3649,48
573,16	3768,26
573,36	3637,19
573,57	3667,91
573,77	3641,29
573,97	3686,34
574,18	3624,90
574,38	3731,40
574,59	3850,18
574,79	3747,78
574,99	3717,06
575,20	3669,96
575,40	3594,19
575,60	3645,38
575,81	3729,35
576,01	3710,92
576,21	3669,96
576,42	3604,42
576,62	3542,99
576,82	3631,05
577,02	3579,85
577,23	3657,67
577,43	3762,12
577,63	3626,95
577,84	3608,52
578,04	3678,15
578,24	3530,70
578,45	3618,76
578,65	3577,80
578,85	3561,42
579,06	3651,53
579,26	3553,23
579,46	3682,25
579,67	3645,38
579,87	3680,20
580,07	3669,96
580,27	3649,48
580,48	3723,21
580,68	3688,39
580,88	3735,50
581,09	3676,10
581,29	3530,70
581,49	3755,97
581,69	3706,82
581,90	3518,41
582,10	3567,56
582,30	3682,25
582,51	3739,59
582,71	3674,06
582,91	3708,87
583,11	3610,57
583,32	3571,66
583,52	3538,89
583,72	3569,61
583,93	3692,49
584,13	3571,66
584,33	3596,23
584,53	3555,27
584,74	3698,63
584,94	3489,74
585,14	3504,07
585,34	3575,75
585,55	3555,27
585,75	3631,05
585,95	3506,12
586,15	3569,61
586,36	3536,84
586,56	3559,37
586,76	3614,66
586,96	3549,13
587,17	3585,99
587,37	3479,50
587,57	3450,83
587,77	3481,55
587,98	3571,66
588,18	3532,75
588,38	3471,31
588,58	3424,20
588,79	3530,70
588,99	3489,74
589,19	3502,03
589,39	3612,62
589,60	3418,06
589,80	3514,31
590,00	3506,12
590,20	3499,98
590,40	3368,91
590,61	3368,91
590,81	3459,02
591,01	3463,12
591,21	3536,84
591,42	3499,98
591,62	3459,02
591,82	3495,88
592,02	3401,68
592,22	3616,71
592,43	3364,81
592,63	3573,71
592,83	3499,98
593,03	3520,46
593,23	3481,55
593,44	3393,48
593,64	3450,83
593,84	3411,92
594,04	3467,21
594,24	3352,52
594,45	3352,52
594,65	3362,76
594,85	3483,59
595,05	3424,20
595,25	3438,54
595,46	3499,98
595,66	3452,88
595,86	3461,07
596,06	3356,62
596,26	3436,49
596,46	3364,81
596,67	3334,09
596,87	3340,24
597,07	3321,81
597,27	3516,36
597,47	3360,72
597,67	3286,99
597,88	3381,20
598,08	3348,43
598,28	3436,49
598,48	3422,16
598,68	3313,61
598,88	3448,78
599,09	3489,74
599,29	3276,75
599,49	3327,95
599,69	3368,91
599,89	3364,81
600,09	3360,72
600,30	3442,64
600,50	3375,05
600,70	3452,88
600,90	3383,24
601,10	3403,72
601,30	3463,12
601,50	3340,24
601,71	3448,78
601,91	3422,16
602,11	3278,80
602,31	3250,13
602,51	3450,83
602,71	3215,31
602,91	3280,85
603,11	3360,72
603,32	3393,48
603,52	3303,37
603,72	3246,03
603,92	3239,89
604,12	3336,14
604,32	3334,09
604,52	3397,58
604,72	3284,94
604,93	3332,05
605,13	3198,93
605,33	3272,65
605,53	3284,94
605,73	3254,22
605,93	3344,33
606,13	3375,05
606,33	3262,41
606,53	3200,98
606,74	3153,87
606,94	3340,24
607,14	3311,57
607,34	3194,83
607,54	3198,93
607,74	3272,65
607,94	3065,81
608,14	3264,46
608,34	3182,54
608,54	3231,69
608,74	3286,99
608,95	3190,74
609,15	3346,38
609,35	3217,36
609,55	3207,12
609,75	3241,93
609,95	3237,84
610,15	3215,31
610,35	3200,98
610,55	3256,27
610,75	3166,16
610,95	3237,84
611,15	3256,27
611,35	3387,34
611,55	3200,98
611,76	3248,08
611,96	3172,30
612,16	3217,36
612,36	3307,47
612,56	3323,85
612,76	3256,27
612,96	3215,31
613,16	3305,42
613,36	3243,98
613,56	3094,48
613,76	3157,97
613,96	3170,26
614,16	3119,06
614,36	3096,53
614,56	3217,36
614,76	3147,73
614,96	3117,01
615,16	3080,14
615,36	2947,03
615,56	3137,49
615,76	3141,58
615,97	3051,47
616,17	3127,25
616,37	3067,86
616,57	3219,41
616,77	3186,64
616,97	3092,43
617,17	3112,91
617,37	3100,62
617,57	3033,04
617,77	3094,48
617,97	3196,88
618,17	3024,85
618,37	3110,86
618,57	3098,58
618,77	3035,09
618,97	3182,54
619,17	3157,97
619,37	3055,57
619,57	2998,23
619,77	3016,66
619,97	3137,49
620,17	3094,48
620,37	3078,10
620,57	3022,80
620,77	3030,99
620,97	3112,91
621,17	3004,37
621,37	2846,68
621,57	3055,57
621,77	3024,85
621,97	3084,24
622,17	2979,79
622,37	3074,00
622,57	2981,84
622,77	3022,80
622,97	2944,98
623,17	2893,78
623,37	3069,91
623,57	3041,23
623,77	2959,31
623,97	2887,64
624,16	2891,73
624,36	2912,21
624,56	2924,50
624,76	2885,59
624,96	2822,10
625,16	2914,26
625,36	2938,84
625,56	2848,72
625,76	2899,92
625,96	2977,75
626,16	2912,21
626,36	2850,77
626,56	2998,23
626,76	3039,19
626,96	2775,00
627,16	2973,65
627,36	2762,71
627,56	2953,17
627,76	2967,51
627,96	2852,82
628,16	2963,41
628,35	2967,51
628,55	2842,58
628,75	2901,97
628,95	2744,28
629,15	2861,01
629,35	2918,36
629,55	2807,77
629,75	2904,02
629,95	2869,20
630,15	2963,41
630,35	2801,62
630,55	2873,30
630,75	2768,85
630,95	2916,31
631,14	2891,73
631,34	2830,29
631,54	2893,78
631,74	2940,88
631,94	2885,59
632,14	2688,98
632,34	2873,30
632,54	2818,00
632,74	2830,29
632,94	2799,57
633,14	2854,87
633,33	2801,62
633,53	2822,10
633,73	2852,82
633,93	2910,16
634,13	2731,99
634,33	2850,77
634,53	2775,00
634,73	2793,43
634,93	2684,89
635,12	2764,76
635,32	2789,33
635,52	2789,33
635,72	2672,60
635,92	2723,80
636,12	2822,10
636,32	2695,13
636,52	2861,01
636,71	2725,85
636,91	2775,00
637,11	2758,61
637,31	2787,29
637,51	2664,41
637,71	2797,53
637,91	2844,63
638,11	2625,50
638,30	2650,07
638,50	2723,80
638,70	2715,61
638,90	2758,61
639,10	2713,56
639,30	2625,50
639,50	2580,44
639,69	2727,89
639,89	2688,98
640,09	2652,12
640,29	2731,99
640,49	2662,36
640,69	2580,44
640,88	2623,45
641,08	2688,98
641,28	2727,89
641,48	2691,03
641,68	2547,67
641,88	2674,65
642,07	2566,10
642,27	2697,17
642,47	2697,17
642,67	2670,55
642,87	2678,74
643,07	2652,12
643,26	2590,68
643,46	2672,60
643,66	2600,92
643,86	2688,98
644,06	2570,20
644,26	2568,15
644,45	2600,92
644,65	2543,58
644,85	2551,77
645,05	2643,93
645,25	2662,36
645,44	2488,28
645,64	2529,24
645,84	2463,71
646,04	2580,44
646,24	2555,86
646,43	2662,36
646,63	2619,35
646,83	2527,19
647,03	2535,39
647,23	2453,47
647,42	2482,14
647,62	2576,34
647,82	2506,71
648,02	2510,81
648,22	2623,45
648,41	2605,02
648,61	2480,09
648,81	2598,87
649,01	2572,25
649,20	2543,58
649,40	2590,68
649,60	2639,83
649,80	2426,84
650,00	2387,93
650,19	2432,99
650,39	2437,08
650,59	2555,86
650,79	2322,40
650,98	2484,19
651,18	2459,61
651,38	2457,56
651,58	2488,28
651,77	2488,28
651,97	2559,96
652,17	2478,04
652,37	2375,64
652,56	2375,64
652,76	2428,89
652,96	2426,84
653,16	2445,27
653,35	2314,20
653,55	2492,38
653,75	2416,60
653,95	2467,80
654,14	2418,65
654,34	2355,16
654,54	2379,74
654,74	2406,36
654,93	2392,03
655,13	2363,36
655,33	2342,88
655,52	2482,14
655,72	2426,84
655,92	2359,26
656,12	2365,40
656,31	2437,08
656,51	2379,74
656,71	2428,89
656,91	2332,64
657,10	2240,48
657,30	2217,95
657,50	2336,73
657,69	2334,68
657,89	2256,86
658,09	2418,65
658,29	2406,36
658,48	2381,79
658,68	2279,39
658,88	2418,65
659,07	2363,36
659,27	2365,40
659,47	2314,20
659,66	2334,68
659,86	2281,44
660,06	2314,20
660,26	2340,83
660,45	2363,36
660,65	2451,42
660,85	2295,77
661,04	2312,16
661,24	2349,02
661,44	2211,81
661,63	2287,58
661,83	2377,69
662,03	2293,72
662,22	2273,25
662,42	2367,45
662,62	2349,02
662,81	2215,90
663,01	2291,68
663,21	2346,97
663,40	2226,14
663,60	2389,98
663,80	2299,87
663,99	2416,60
664,19	2334,68
664,39	2334,68
664,58	2203,61
664,78	2349,02
664,98	2258,91
665,17	2263,01
665,37	2224,09
665,57	2359,26
665,76	2291,68
665,96	2289,63
666,16	2193,37
666,35	2383,84
666,55	2289,63
666,74	2285,53
666,94	2303,96
667,14	2197,47
667,33	2250,72
667,53	2205,66
667,73	2246,62
667,92	2207,71
668,12	2246,62
668,32	2392,03
668,51	2248,67
668,71	2144,22
668,90	2191,33
669,10	2164,70
669,30	2174,94
669,49	2189,28
669,69	2367,45
669,89	2138,08
670,08	2209,76
670,28	2412,51
670,47	2185,18
670,67	2197,47
670,87	2248,67
671,06	2267,10
671,26	2185,18
671,45	2080,74
671,65	2303,96
671,85	2187,23
672,04	2228,19
672,24	2152,42
672,43	2197,47
672,63	2285,53
672,83	2076,64
673,02	2127,84
673,22	2150,37
673,41	2133,98
673,61	2115,55
673,81	2168,80
674,00	2181,09
674,20	2195,42
674,39	2105,31
674,59	2142,18
674,78	2140,13
674,98	2246,62
675,18	2193,37
675,37	2138,08
675,57	2211,81
675,76	2121,70
675,96	2109,41
676,15	2140,13
676,35	2127,84
676,55	2113,50
676,74	2037,73
676,94	2015,20
677,13	2068,45
677,33	2144,22
677,52	2232,29
677,72	2088,93
677,91	1986,53
678,11	2086,88
678,31	2052,06
678,50	2123,74
678,70	2045,92
678,89	2142,18
679,09	2152,42
679,28	2056,16
679,48	2144,22
679,67	2115,55
679,87	2035,68
680,06	2289,63
680,26	2133,98
680,46	2179,04
680,65	2242,53
680,85	2052,06
681,04	2170,85
681,24	2103,26
681,43	2013,15
681,63	2138,08
681,82	2072,54
682,02	2033,63
682,21	2099,17
682,41	1994,72
682,60	2164,70
682,80	2068,45
682,99	2105,31
683,19	2074,59
683,38	2115,55
683,58	2050,02
683,77	2041,82
683,97	2105,31
684,16	2281,44
684,36	2054,11
684,55	2011,11
684,75	1994,72
684,94	2170,85
685,14	2070,50
685,33	2009,06
685,53	2009,06
685,72	2068,45
685,92	2084,83
686,11	2047,97
686,31	2105,31
686,50	2047,97
686,70	2076,64
686,89	1976,29
687,09	1931,23
687,28	2107,36
687,48	2072,54
687,67	2125,79
687,87	1966,05
688,06	2045,92
688,26	2074,59
688,45	2011,11
688,65	2052,06
688,84	1978,34
689,03	2029,54
689,23	1953,76
689,42	2023,39
689,62	2009,06
689,81	2047,97
690,01	2062,30
690,20	2015,20
690,40	2123,74
690,59	2168,80
690,79	1959,91
690,98	2068,45
691,17	2064,35
691,37	2002,91
691,56	2019,30
691,76	2068,45
691,95	2099,17
692,15	2007,01
692,34	2002,91
692,54	2009,06
692,73	2039,78
692,92	2047,97
693,12	1935,33
693,31	2107,36
693,51	2052,06
693,70	2062,30
693,90	2004,96
694,09	1941,47
694,28	2035,68
694,48	2090,98
694,67	2064,35
694,87	2074,59
695,06	2027,49
695,26	2025,44
695,45	2084,83
695,64	2109,41
695,84	2023,39
696,03	1974,24
696,23	2074,59
696,42	2019,30
696,61	2054,11
696,81	1927,14
697,00	1992,67
697,20	2033,63
697,39	2027,49
697,58	1896,42
697,78	2064,35
697,97	2072,54
698,17	1957,86
698,36	2019,30
698,55	1914,85
698,75	2023,39
698,94	2086,88
699,14	1931,23
699,33	1996,77
699,52	1972,19
699,72	1996,77
699,91	2031,58
700,10	2017,25
700,30	1970,15
700,49	1957,86
700,69	2000,87
700,88	2025,44
701,07	1937,38
701,27	1988,58
701,46	2086,88
701,65	1978,34
701,85	1964,00
702,04	2107,36
702,23	1964,00
702,43	1900,52
702,62	2050,02
702,82	1945,57
703,01	2076,64
703,20	2019,30
703,40	2021,35
703,59	1972,19
703,78	1980,39
703,98	2025,44
704,17	1990,63
704,36	2045,92
704,56	2074,59
704,75	1929,19
704,94	1927,14
705,14	2144,22
705,33	2062,30
705,52	2076,64
705,72	1927,14
705,91	2041,82
706,10	1953,76
706,30	2007,01
706,49	2146,27
706,68	1984,48
706,88	2056,16
707,07	1951,71
707,26	2002,91
707,46	2088,93
707,65	2043,87
707,84	1968,10
708,04	1953,76
708,23	2058,21
708,42	2007,01
708,62	1957,86
708,81	1900,52
709,00	2035,68
709,19	1959,91
709,39	1920,99
709,58	2013,15
709,77	1927,14
709,97	1998,82
710,16	1937,38
710,35	2138,08
710,55	2007,01
710,74	2021,35
710,93	1980,39
711,12	2007,01
711,32	1902,56
711,51	2035,68
711,70	1937,38
711,90	1953,76
712,09	1933,28
712,28	2007,01
712,47	2002,91
712,67	1980,39
712,86	2002,91
713,05	2066,40
713,24	1966,05
713,44	1927,14
713,63	2058,21
713,82	1992,67
714,02	1900,52
714,21	2146,27
714,40	1920,99
714,59	2023,39
714,79	1867,75
714,98	1953,76
715,17	2039,78
715,36	1920,99
715,56	2062,30
715,75	1953,76
715,94	1996,77
716,13	1943,52
716,33	1918,95
716,52	1943,52
716,71	1996,77
716,90	2009,06
717,10	1904,61
717,29	1894,37
717,48	2072,54
717,67	1906,66
717,87	1966,05
718,06	1925,09
718,25	1894,37
718,44	2017,25
718,63	1945,57
718,83	1931,23
719,02	1957,86
719,21	1953,76
719,40	1867,75
719,60	1855,46
719,79	1898,47
719,98	1957,86
720,17	1832,93
720,36	2017,25
720,56	1877,99
720,75	1822,69
720,94	1931,23
721,13	1943,52
721,33	2013,15
721,52	1814,50
721,71	1902,56
721,90	1982,43
722,09	1951,71
722,29	1923,04
722,48	1906,66
722,67	1935,33
722,86	2054,11
723,05	1871,84
723,24	1972,19
723,44	1955,81
723,63	1910,75
723,82	1949,67
724,01	2009,06
724,20	1978,34
724,40	1859,56
724,59	2002,91
724,78	1892,32
724,97	1871,84
725,16	1914,85
725,35	1992,67
725,55	1964,00
725,74	2033,63
725,93	1949,67
726,12	1951,71
726,31	2035,68
726,51	1964,00
726,70	1896,42
726,89	1990,63
727,08	1914,85
727,27	1980,39
727,46	2035,68
727,65	1980,39
727,85	1904,61
728,04	1927,14
728,23	1857,51
728,42	1953,76
728,61	1953,76
728,80	1906,66
729,00	2025,44
729,19	1929,19
729,38	2039,78
729,57	1916,90
729,76	1843,17
729,95	2039,78
730,14	1916,90
730,33	1959,91
730,53	1902,56
730,72	1982,43
730,91	1986,53
731,10	2017,25
731,29	2099,17
731,48	2045,92
731,67	1884,13
731,86	1908,71
732,06	1914,85
732,25	1894,37
732,44	1978,34
732,63	1916,90
732,82	2058,21
733,01	2109,41
733,20	1873,89
733,39	1964,00
733,59	1871,84
733,78	1974,24
733,97	1957,86
734,16	1968,10
734,35	2058,21
734,54	2041,82
734,73	1964,00
734,92	1937,38
735,11	1945,57
735,30	1896,42
735,49	2068,45
735,69	2125,79
735,88	1912,80
736,07	2031,58
736,26	1957,86
736,45	1966,05
736,64	2035,68
736,83	2039,78
737,02	1984,48
737,21	1996,77
737,40	1902,56
737,59	2138,08
737,78	1908,71
737,98	2013,15
738,17	1974,24
738,36	2084,83
738,55	1890,28
738,74	1968,10
738,93	1877,99
739,12	1902,56
739,31	1857,51
739,50	1894,37
739,69	2011,11
739,88	2045,92
740,07	1949,67
740,26	2060,26
740,45	2021,35
740,64	1941,47
740,83	1898,47
741,02	1845,22
741,22	1992,67
741,41	2029,54
741,60	2068,45
741,79	1955,81
741,98	1961,95
742,17	1943,52
742,36	1978,34
742,55	1945,57
742,74	2187,23
742,93	1959,91
743,12	1961,95
743,31	2037,73
743,50	2027,49
743,69	1972,19
743,88	1941,47
744,07	1923,04
744,26	2099,17
744,45	2045,92
744,64	1939,43
744,83	2009,06
745,02	1931,23
745,21	1947,62
745,40	1978,34
745,59	2007,01
745,78	1890,28
745,97	1943,52
746,16	2039,78
746,35	1933,28
746,54	1898,47
746,73	2027,49
746,92	1933,28
747,11	1925,09
747,30	1931,23
747,49	1927,14
747,68	2023,39
747,87	1994,72
748,06	2047,97
748,25	1966,05
748,44	2021,35
748,63	1970,15
748,82	1968,10
749,01	1923,04
749,20	1937,38
749,39	1886,18
749,58	1957,86
749,77	1968,10
749,96	1945,57
750,15	1918,95
750,34	1898,47
750,53	1982,43
750,72	1972,19
750,91	1892,32
751,10	2039,78
751,29	1884,13
751,48	1841,12
751,67	1888,23
751,86	1961,95
752,04	1937,38
752,23	2027,49
752,42	1966,05
752,61	1984,48
752,80	1949,67
752,99	1957,86
753,18	1910,75
753,37	1996,77
753,56	1857,51
753,75	1918,95
753,94	1912,80
754,13	2041,82
754,32	1900,52
754,51	1880,04
754,70	1988,58
754,89	1920,99
755,08	1882,08
755,27	1898,47
755,45	1945,57
755,64	1886,18
755,83	1920,99
756,02	1992,67
756,21	1865,70
756,40	1982,43
756,59	1900,52
756,78	1857,51
756,97	1843,17
757,16	1882,08
757,35	1992,67
757,54	1867,75
757,72	1900,52
757,91	1804,26
758,10	1894,37
758,29	1857,51
758,48	1869,80
758,67	1855,46
758,86	1875,94
759,05	1785,83
759,24	1826,79
759,43	1806,31
759,61	1724,39
759,80	1808,36
759,99	1847,27
760,18	1777,64
760,37	1873,89
760,56	1730,53
760,75	1826,79
760,94	1822,69
761,13	1865,70
761,31	1855,46
761,50	1771,49
761,69	1777,64
761,88	1777,64
762,07	1701,86
762,26	1857,51
762,45	1802,21
762,64	1830,88
762,82	1748,97
763,01	1910,75
763,20	1787,88
763,39	1757,16
763,58	1843,17
763,77	1769,44
763,96	1787,88
764,14	1789,92
764,33	1834,98
764,52	1814,50
764,71	1902,56
764,90	1804,26
765,09	1818,60
765,27	1808,36
765,46	1781,73
765,65	1822,69
765,84	1800,16
766,03	1757,16
766,22	1763,30
766,41	1740,77
766,59	1812,45
766,78	1849,32
766,97	1830,88
767,16	1959,91
767,35	1914,85
767,54	1978,34
767,72	1882,08
767,91	1943,52
768,10	1791,97
768,29	1794,02
768,48	1806,31
768,66	1904,61
768,85	1886,18
769,04	1763,30
769,23	1851,36
769,42	1904,61
769,61	1796,07
769,79	1867,75
769,98	1937,38
770,17	1810,40
770,36	1949,67
770,55	1853,41
770,73	1902,56
770,92	1920,99
771,11	1943,52
771,30	1818,60
771,49	1898,47
771,67	1966,05
771,86	1875,94
772,05	1820,64
772,24	1875,94
772,42	1828,84
772,61	1920,99
772,80	1884,13
772,99	1816,55
773,18	1890,28
773,36	1808,36
773,55	1857,51
773,74	1865,70
773,93	1882,08
774,11	1830,88
774,30	1949,67
774,49	1843,17
774,68	1834,98
774,87	1861,60
775,05	1826,79
775,24	1791,97
775,43	1898,47
775,62	1814,50
775,80	1832,93
775,99	1877,99
776,18	1941,47
776,37	1841,12
776,55	1871,84
776,74	1904,61
776,93	1806,31
777,12	1920,99
777,30	1892,32
777,49	1888,23
777,68	1857,51
777,87	1849,32
778,05	1841,12
778,24	1816,55
778,43	1802,21
778,62	1820,64
778,80	1957,86
778,99	1957,86
779,18	1880,04
779,36	1951,71
779,55	1808,36
779,74	1892,32
779,93	1845,22
780,11	1949,67
780,30	1804,26
780,49	1976,29
780,68	1839,08
780,86	2009,06
781,05	1843,17
781,24	1875,94
781,42	1941,47
781,61	1880,04
781,80	1765,35
781,98	1900,52
782,17	1812,45
782,36	1863,65
782,55	1871,84
782,73	1851,36
782,92	1888,23
783,11	1740,77
783,29	1822,69
783,48	1888,23
783,67	1839,08
783,85	1759,21
784,04	1871,84
784,23	1890,28
784,42	1871,84
784,60	1869,80
784,79	1935,33
784,98	1830,88
785,16	1834,98
785,35	1826,79
785,54	1871,84
785,72	1927,14
785,91	1853,41
786,10	1845,22
786,28	1925,09
786,47	1857,51
786,66	1748,97
786,84	1871,84
787,03	1880,04
787,22	1839,08
787,40	1703,91
787,59	1916,90
787,78	1902,56
787,96	1763,30
788,15	1798,12
788,34	1828,84
788,52	1916,90
788,71	1845,22
788,89	1830,88
789,08	1798,12
789,27	1892,32
789,45	1880,04
789,64	1851,36
789,83	1748,97
790,01	1898,47
790,20	1857,51
790,39	1839,08
790,57	1865,70
790,76	1748,97
790,95	1824,74
791,13	1773,54
791,32	1732,58
791,50	1955,81
791,69	1845,22
791,88	1812,45
792,06	1871,84
792,25	1894,37
792,43	1806,31
792,62	1875,94
792,81	1820,64
792,99	1775,59
793,18	1855,46
793,37	1824,74
793,55	1783,78
793,74	1855,46
793,92	1904,61
794,11	1830,88
794,30	1732,58
794,48	1824,74
794,67	1828,84
794,85	1742,82
795,04	1841,12
795,23	1744,87
795,41	1832,93
795,60	1798,12
795,78	1738,73
795,97	1927,14
796,15	1853,41
796,34	1785,83
796,53	1708,01
796,71	1865,70
796,90	1773,54
797,08	1716,20
797,27	1882,08
797,46	1861,60
797,64	1718,25
797,83	1877,99
798,01	1812,45
798,20	1904,61
798,38	1785,83
798,57	1736,68
798,76	1800,16
798,94	1718,25
799,13	1816,55
799,31	1798,12
799,50	1781,73
799,68	1818,60
799,87	1757,16
800,05	1830,88
800,24	1800,16
800,43	1787,88
800,61	1923,04
800,80	1828,84
800,98	1738,73
801,17	1810,40
801,35	1732,58
801,54	1839,08
801,72	1812,45
801,91	1892,32
802,09	1871,84
802,28	1763,30
802,46	1824,74
802,65	1847,27
802,84	1877,99
803,02	1808,36
803,21	1902,56
803,39	1744,87
803,58	1882,08
803,76	1802,21
803,95	1890,28
804,13	1712,10
804,32	1847,27
804,50	1845,22
804,69	1834,98
804,87	1779,68
805,06	1935,33
805,24	1861,60
805,43	1839,08
805,61	1843,17
805,80	1806,31
805,98	1843,17
806,17	1757,16
806,35	1632,23
806,54	1849,32
806,72	1841,12
806,91	1839,08
807,09	1826,79
807,28	1851,36
807,46	1830,88
807,65	1804,26
807,83	1812,45
808,02	1771,49
808,20	1755,11
808,39	1722,34
808,57	1798,12
808,76	1857,51
808,94	1824,74
809,13	1718,25
809,31	1820,64
809,49	1863,65
809,68	1740,77
809,86	1847,27
810,05	1738,73
810,23	1759,21
810,42	1785,83
810,60	1759,21
810,79	1761,25
810,97	1716,20
811,16	1763,30
811,34	1761,25
811,53	1744,87
811,71	1710,05
811,89	1765,35
812,08	1759,21
812,26	1753,06
812,45	1783,78
812,63	1738,73
812,82	1769,44
813,00	1800,16
813,19	1757,16
813,37	1873,89
813,55	1699,81
813,74	1677,29
813,92	1890,28
814,11	1765,35
814,29	1581,03
814,48	1753,06
814,66	1701,86
814,84	1818,60
815,03	1728,49
815,21	1873,89
815,40	1777,64
815,58	1804,26
815,77	1794,02
815,95	1822,69
816,13	1720,29
816,32	1861,60
816,50	1763,30
816,69	1744,87
816,87	1683,43
817,05	1777,64
817,24	1828,84
817,42	1740,77
817,61	1671,14
817,79	1730,53
817,97	1697,77
818,16	1726,44
818,34	1841,12
818,53	1712,10
818,71	1804,26
818,89	1751,01
819,08	1753,06
819,26	1769,44
819,45	1767,40
819,63	1751,01
819,81	1736,68
820,00	1834,98
820,18	1654,76
820,36	1681,38
820,55	1740,77
820,73	1710,05
820,92	1720,29
821,10	1716,20
821,28	1669,09
821,47	1804,26
821,65	1746,92
821,83	1935,33
822,02	1714,15
822,20	1689,57
822,39	1777,64
822,57	1650,66
822,75	1777,64
822,94	1769,44
823,12	1732,58
823,30	1593,32
823,49	1820,64
823,67	1679,33
823,85	1855,46
824,04	1630,18
824,22	1861,60
824,40	1742,82
824,59	1683,43
824,77	1789,92
824,95	1796,07
825,14	1808,36
825,32	1839,08
825,50	1818,60
825,69	1730,53
825,87	1818,60
826,05	1695,72
826,24	1736,68
826,42	1794,02
826,60	1744,87
826,79	1720,29
826,97	1667,05
827,15	1683,43
827,34	1757,16
827,52	1654,76
827,70	1687,53
827,89	1683,43
828,07	1785,83
828,25	1773,54
828,44	1765,35
828,62	1617,90
828,80	1816,55
828,98	1787,88
829,17	1708,01
829,35	1777,64
829,53	1652,71
829,72	1781,73
829,90	1763,30
830,08	1769,44
830,27	1816,55
830,45	1839,08
830,63	1757,16
830,81	1675,24
831,00	1800,16
831,18	1703,91
831,36	1757,16
831,55	1681,38
831,73	1689,57
831,91	1681,38
832,09	1794,02
832,28	1834,98
832,46	1697,77
832,64	1777,64
832,82	1642,47
833,01	1748,97
833,19	1832,93
833,37	1710,05
833,55	1734,63
833,74	1794,02
833,92	1646,57
834,10	1703,91
834,29	1697,77
834,47	1712,10
834,65	1722,34
834,83	1693,67
835,02	1712,10
835,20	1675,24
835,38	1757,16
835,56	1753,06
835,75	1779,68
835,93	1791,97
836,11	1767,40
836,29	1671,14
836,47	1730,53
836,66	1691,62
836,84	1802,21
837,02	1765,35
837,20	1771,49
837,39	1794,02
837,57	1804,26
837,75	1728,49
837,93	1763,30
838,12	1687,53
838,30	1724,39
838,48	1781,73
838,66	1757,16
838,84	1785,83
839,03	1826,79
839,21	1765,35
839,39	1673,19
839,57	1781,73
839,75	1736,68
839,94	1691,62
840,12	1740,77
840,30	1640,42
840,48	1773,54
840,66	1615,85
840,85	1679,33
841,03	1677,29
841,21	1791,97
841,39	1773,54
841,57	1789,92
841,76	1722,34
841,94	1814,50
842,12	1699,81
842,30	1748,97
842,48	1818,60
842,67	1753,06
842,85	1789,92
843,03	1714,15
843,21	1740,77
843,39	1845,22
843,57	1675,24
843,76	1753,06
843,94	1718,25
844,12	1802,21
844,30	1665,00
844,48	1779,68
844,66	1759,21
844,85	1781,73
845,03	1742,82
845,21	1675,24
845,39	1751,01
845,57	1765,35
845,75	1744,87
845,94	1753,06
846,12	1703,91
846,30	1814,50
846,48	1710,05
846,66	1777,64
846,84	1671,14
847,02	1722,34
847,21	1736,68
847,39	1728,49
847,57	1759,21
847,75	1654,76
847,93	1683,43
848,11	1718,25
848,29	1638,38
848,48	1667,05
848,66	1693,67
848,84	1804,26
849,02	1775,59
849,20	1671,14
849,38	1755,11
849,56	1722,34
849,74	1855,46
849,93	1789,92
850,11	1740,77
850,29	1777,64
850,47	1644,52
850,65	1677,29
850,83	1626,09
851,01	1607,66
851,19	1744,87
851,37	1634,28
851,56	1669,09
851,74	1650,66
851,92	1626,09
852,10	1716,20
852,28	1675,24
852,46	1724,39
852,64	1748,97
852,82	1640,42
853,00	1728,49
853,18	1667,05
853,37	1697,77
853,55	1675,24
853,73	1697,77
853,91	1710,05
854,09	1701,86
854,27	1779,68
854,45	1734,63
854,63	1759,21
854,81	1687,53
854,99	1697,77
855,17	1626,09
855,35	1685,48
855,53	1652,71
855,72	1621,99
855,90	1714,15
856,08	1763,30
856,26	1667,05
856,44	1791,97
856,62	1591,27
856,80	1642,47
856,98	1710,05
857,16	1691,62
857,34	1736,68
857,52	1679,33
857,70	1736,68
857,88	1699,81
858,06	1767,40
858,24	1753,06
858,42	1767,40
858,60	1703,91
858,78	1677,29
858,96	1683,43
859,15	1617,90
859,33	1660,90
859,51	1673,19
859,69	1714,15
859,87	1728,49
860,05	1716,20
860,23	1787,88
860,41	1722,34
860,59	1708,01
860,77	1728,49
860,95	1720,29
861,13	1605,61
861,31	1632,23
861,49	1619,94
861,67	1699,81
861,85	1742,82
862,03	1757,16
862,21	1671,14
862,39	1736,68
862,57	1773,54
862,75	1658,85
862,93	1695,72
863,11	1746,92
863,29	1607,66
863,47	1732,58
863,65	1759,21
863,83	1656,81
864,01	1691,62
864,19	1654,76
864,37	1677,29
864,55	1636,33
864,73	1714,15
864,91	1695,72
865,09	1654,76
865,27	1658,85
865,45	1654,76
865,63	1767,40
865,81	1665,00
865,99	1634,28
866,17	1730,53
866,35	1753,06
866,53	1753,06
866,71	1691,62
866,89	1652,71
867,07	1642,47
867,24	1687,53
867,42	1648,61
867,60	1771,49
867,78	1656,81
867,96	1681,38
868,14	1746,92
868,32	1769,44
868,50	1646,57
868,68	1662,95
868,86	1687,53
869,04	1687,53
869,22	1654,76
869,40	1630,18
869,58	1630,18
869,76	1621,99
869,94	1613,80
870,12	1581,03
870,30	1677,29
870,48	1720,29
870,66	1671,14
870,83	1662,95
871,01	1665,00
871,19	1658,85
871,37	1697,77
871,55	1630,18
871,73	1544,17
871,91	1712,10
872,09	1667,05
872,27	1665,00
872,45	1615,85
872,63	1648,61
872,81	1701,86
872,98	1714,15
873,16	1693,67
873,34	1748,97
873,52	1683,43
873,70	1675,24
873,88	1675,24
874,06	1597,42
874,24	1691,62
874,42	1574,89
874,60	1609,70
874,78	1578,98
874,95	1650,66
875,13	1728,49
875,31	1665,00
875,49	1781,73
875,67	1671,14
875,85	1652,71
876,03	1638,38
876,21	1732,58
876,39	1665,00
876,56	1646,57
876,74	1523,69
876,92	1611,75
877,10	1818,60
877,28	1621,99
877,46	1593,32
877,64	1763,30
877,82	1693,67
877,99	1617,90
878,17	1683,43
878,35	1624,04
878,53	1687,53
878,71	1767,40
878,89	1642,47
879,07	1654,76
879,24	1685,48
879,42	1730,53
879,60	1662,95
879,78	1767,40
879,96	1605,61
880,14	1763,30
880,32	1646,57
880,49	1644,52
880,67	1697,77
880,85	1665,00
881,03	1689,57
881,21	1630,18
881,39	1626,09
881,56	1730,53
881,74	1654,76
881,92	1662,95
882,10	1708,01
882,28	1738,73
882,46	1767,40
882,63	1615,85
882,81	1562,60
882,99	1613,80
883,17	1650,66
883,35	1687,53
883,52	1734,63
883,70	1624,04
883,88	1660,90
884,06	1716,20
884,24	1601,51
884,42	1728,49
884,59	1628,14
884,77	1673,19
884,95	1669,09
885,13	1611,75
885,31	1601,51
885,48	1720,29
885,66	1798,12
885,84	1734,63
886,02	1671,14
886,20	1722,34
886,37	1624,04
886,55	1748,97
886,73	1732,58
886,91	1695,72
887,08	1619,94
887,26	1609,70
887,44	1667,05
887,62	1585,13
887,80	1714,15
887,97	1738,73
888,15	1798,12
888,33	1675,24
888,51	1650,66
888,68	1685,48
888,86	1691,62
889,04	1583,08
889,22	1640,42
889,40	1654,76
889,57	1628,14
889,75	1785,83
889,93	1699,81
890,11	1730,53
890,28	1662,95
890,46	1677,29
890,64	1628,14
890,82	1757,16
890,99	1677,29
891,17	1609,70
891,35	1667,05
891,53	1642,47
891,70	1576,94
891,88	1607,66
892,06	1652,71
892,24	1634,28
892,41	1540,07
892,59	1605,61
892,77	1685,48
892,94	1660,90
893,12	1619,94
893,30	1593,32
893,48	1671,14
893,65	1755,11
893,83	1662,95
894,01	1732,58
894,19	1673,19
894,36	1777,64
894,54	1701,86
894,72	1636,33
894,89	1601,51
895,07	1576,94
895,25	1671,14
895,43	1540,07
895,60	1714,15
895,78	1665,00
895,96	1609,70
896,13	1574,89
896,31	1703,91
896,49	1697,77
896,66	1597,42
896,84	1681,38
897,02	1701,86
897,20	1648,61
897,37	1714,15
897,55	1533,93
897,73	1736,68
897,90	1699,81
898,08	1671,14
898,26	1738,73
898,43	1632,23
898,61	1738,73
898,79	1665,00
898,96	1624,04
899,14	1564,65
899,32	1595,37
899,49	1613,80
899,67	1650,66
899,85	1679,33
900,02	1740,77
900,20	1603,56
900,38	1611,75
900,55	1753,06
900,73	1763,30
900,91	1533,93
901,08	1667,05
901,26	1597,42
901,44	1652,71
901,61	1562,60
901,79	1667,05
901,97	1677,29
902,14	1607,66
902,32	1685,48
902,50	1628,14
902,67	1576,94
902,85	1662,95
903,02	1628,14
903,20	1638,38
903,38	1701,86
903,55	1572,84
903,73	1689,57
903,91	1613,80
904,08	1716,20
904,26	1646,57
904,44	1734,63
904,61	1679,33
904,79	1671,14
904,96	1621,99
905,14	1595,37
905,32	1626,09
905,49	1685,48
905,67	1597,42
905,84	1552,36
906,02	1714,15
906,20	1609,70
906,37	1802,21
906,55	1636,33
906,73	1626,09
906,90	1642,47
907,08	1572,84
907,25	1654,76
907,43	1699,81
907,61	1613,80
907,78	1648,61
907,96	1628,14
908,13	1701,86
908,31	1736,68
908,48	1609,70
908,66	1540,07
908,84	1624,04
909,01	1746,92
909,19	1726,44
909,36	1554,41
909,54	1585,13
909,72	1613,80
909,89	1523,69
910,07	1546,22
910,24	1687,53
910,42	1572,84
910,59	1605,61
910,77	1572,84
910,95	1613,80
911,12	1650,66
911,30	1634,28
911,47	1685,48
911,65	1685,48
911,82	1597,42
912,00	1671,14
912,17	1581,03
912,35	1640,42
912,53	1701,86
912,70	1716,20
912,88	1665,00
913,05	1597,42
913,23	1646,57
913,40	1658,85
913,58	1601,51
913,75	1646,57
913,93	1630,18
914,10	1556,46
914,28	1585,13
914,46	1581,03
914,63	1609,70
914,81	1662,95
914,98	1578,98
915,16	1662,95
915,33	1617,90
915,51	1636,33
915,68	1652,71
915,86	1681,38
916,03	1515,50
916,21	1630,18
916,38	1685,48
916,56	1658,85
916,73	1683,43
916,91	1570,79
917,08	1576,94
917,26	1740,77
917,43	1609,70
917,61	1566,70
917,78	1705,96
917,96	1533,93
918,13	1591,27
918,31	1654,76
918,48	1533,93
918,66	1574,89
918,83	1769,44
919,01	1650,66
919,18	1521,64
919,36	1613,80
919,53	1708,01
919,71	1798,12
919,88	1736,68
920,06	1630,18
920,23	1591,27
920,41	1652,71
920,58	1589,22
920,76	1562,60
920,93	1679,33
921,11	1550,31
921,28	1591,27
921,45	1708,01
921,63	1669,09
921,80	1675,24
921,98	1544,17
922,15	1595,37
922,33	1603,56
922,50	1642,47
922,68	1646,57
922,85	1591,27
923,03	1591,27
923,20	1703,91
923,38	1591,27
923,55	1636,33
923,72	1646,57
923,90	1794,02
924,07	1572,84
924,25	1673,19
924,42	1894,37
924,60	1574,89
924,77	1607,66
924,95	1728,49
925,12	1701,86
925,29	1769,44
925,47	1642,47
925,64	1454,06
925,82	1599,46
925,99	1568,74
926,17	1720,29
926,34	1626,09
926,51	1621,99
926,69	1693,67
926,86	1687,53
927,04	1630,18
927,21	1632,23
927,38	1583,08
927,56	1591,27
927,73	1669,09
927,91	1601,51
928,08	1761,25
928,25	1589,22
928,43	1632,23
928,60	1581,03
928,78	1667,05
928,95	1601,51
929,12	1646,57
929,30	1630,18
929,47	1677,29
929,65	1550,31
929,82	1601,51
929,99	1613,80
930,17	1513,45
930,34	1609,70
930,52	1595,37
930,69	1609,70
930,86	1675,24
931,04	1589,22
931,21	1546,22
931,38	1605,61
931,56	1640,42
931,73	1726,44
931,91	1615,85
932,08	1642,47
932,25	1681,38
932,43	1513,45
932,60	1605,61
932,77	1593,32
932,95	1624,04
933,12	1619,94
933,29	1640,42
933,47	1669,09
933,64	1542,12
933,82	1562,60
933,99	1626,09
934,16	1568,74
934,34	1648,61
934,51	1564,65
934,68	1656,81
934,86	1675,24
935,03	1550,31
935,20	1581,03
935,38	1540,07
935,55	1578,98
935,72	1601,51
935,90	1591,27
936,07	1599,46
936,24	1570,79
936,42	1617,90
936,59	1671,14
936,76	1697,77
936,94	1552,36
937,11	1658,85
937,28	1611,75
937,46	1581,03
937,63	1617,90
937,80	1558,50
937,97	1695,72
938,15	1640,42
938,32	1583,08
938,49	1621,99
938,67	1552,36
938,84	1595,37
939,01	1566,70
939,19	1558,50
939,36	1636,33
939,53	1685,48
939,70	1667,05
939,88	1593,32
940,05	1716,20
940,22	1593,32
940,40	1648,61
940,57	1722,34
940,74	1548,26
940,92	1591,27
941,09	1556,46
941,26	1585,13
941,43	1634,28
941,61	1570,79
941,78	1554,41
941,95	1716,20
942,12	1611,75
942,30	1652,71
942,47	1689,57
942,64	1578,98
942,82	1693,67
942,99	1718,25
943,16	1542,12
943,33	1642,47
943,51	1542,12
943,68	1650,66
943,85	1591,27
944,02	1644,52
944,20	1638,38
944,37	1533,93
944,54	1621,99
944,71	1613,80
944,89	1630,18
945,06	1617,90
945,23	1634,28
945,40	1658,85
945,58	1527,78
945,75	1490,92
945,92	1716,20
946,09	1640,42
946,27	1613,80
946,44	1531,88
946,61	1630,18
946,78	1525,74
946,95	1595,37
947,13	1583,08
947,30	1558,50
947,47	1507,30
947,64	1513,45
947,82	1540,07
947,99	1578,98
948,16	1568,74
948,33	1550,31
948,50	1554,41
948,68	1605,61
948,85	1548,26
949,02	1640,42
949,19	1605,61
949,36	1648,61
949,54	1587,18
949,71	1724,39
949,88	1533,93
950,05	1566,70
950,22	1597,42
950,40	1589,22
950,57	1572,84
950,74	1671,14
950,91	1662,95
951,08	1544,17
951,26	1632,23
951,43	1621,99
951,60	1597,42
951,77	1632,23
951,94	1605,61
952,11	1693,67
952,29	1667,05
952,46	1578,98
952,63	1628,14
952,80	1611,75
952,97	1671,14
953,15	1662,95
953,32	1601,51
953,49	1591,27
953,66	1591,27
953,83	1503,21
954,00	1595,37
954,17	1556,46
954,35	1710,05
954,52	1519,59
954,69	1628,14
954,86	1656,81
955,03	1611,75
955,20	1650,66
955,38	1597,42
955,55	1492,97
955,72	1589,22
955,89	1560,55
956,06	1548,26
956,23	1476,59
956,40	1550,31
956,58	1535,98
956,75	1624,04
956,92	1523,69
957,09	1558,50
957,26	1603,56
957,43	1521,64
957,60	1617,90
957,77	1621,99
957,95	1578,98
958,12	1595,37
958,29	1611,75
958,46	1644,52
958,63	1568,74
958,80	1615,85
958,97	1626,09
959,14	1613,80
959,31	1548,26
959,49	1613,80
959,66	1593,32
959,83	1540,07
960,00	1535,98
960,17	1681,38
960,34	1613,80
960,51	1558,50
960,68	1654,76
960,85	1626,09
961,02	1609,70
961,20	1585,13
961,37	1605,61
961,54	1601,51
961,71	1632,23
961,88	1687,53
962,05	1540,07
962,22	1718,25
962,39	1654,76
962,56	1560,55
962,73	1542,12
962,90	1560,55
963,07	1658,85
963,24	1568,74
963,42	1538,02
963,59	1603,56
963,76	1554,41
963,93	1865,70
964,10	1593,32
964,27	1587,18
964,44	1718,25
964,61	1626,09
964,78	1603,56
964,95	1665,00
965,12	1630,18
965,29	1662,95
965,46	1589,22
965,63	1683,43
965,80	1611,75
965,97	1560,55
966,14	1517,54
966,31	1550,31
966,48	1695,72
966,66	1642,47
966,83	1566,70
967,00	1583,08
967,17	1646,57
967,34	1593,32
967,51	1648,61
967,68	1671,14
967,85	1554,41
968,02	1753,06
968,19	1544,17
968,36	1621,99
968,53	1517,54
968,70	1615,85
968,87	1665,00
969,04	1716,20
969,21	1615,85
969,38	1757,16
969,55	1556,46
969,72	1667,05
969,89	1693,67
970,06	1681,38
970,23	1572,84
970,40	1677,29
970,57	1613,80
970,74	1570,79
970,91	1605,61
971,08	1632,23
971,25	1538,02
971,42	1638,38
971,59	1619,94
971,76	1550,31
971,93	1556,46
972,10	1589,22
972,27	1509,35
972,44	1621,99
972,61	1626,09
972,78	1556,46
972,95	1603,56
973,12	1695,72
973,29	1544,17
973,46	1581,03
973,63	1660,90
973,80	1630,18
973,97	1562,60
974,14	1650,66
974,30	1681,38
974,47	1589,22
974,64	1646,57
974,81	1660,90
974,98	1751,01
975,15	1572,84
975,32	1632,23
975,49	1613,80
975,66	1544,17
975,83	1726,44
976,00	1650,66
976,17	1490,92
976,34	1570,79
976,51	1540,07
976,68	1603,56
976,85	1634,28
977,02	1554,41
977,19	1615,85
977,36	1556,46
977,52	1726,44
977,69	1621,99
977,86	1654,76
978,03	1601,51
978,20	1728,49
978,37	1621,99
978,54	1687,53
978,71	1693,67
978,88	1763,30
979,05	1566,70
979,22	1560,55
979,39	1675,24
979,56	1597,42
979,72	1591,27
979,89	1642,47
980,06	1662,95
980,23	1675,24
980,40	1597,42
980,57	1589,22
980,74	1619,94
980,91	1642,47
981,08	1587,18
981,25	1630,18
981,41	1589,22
981,58	1511,40
981,75	1552,36
981,92	1583,08
982,09	1603,56
982,26	1546,22
982,43	1521,64
982,60	1601,51
982,77	1548,26
982,93	1658,85
983,10	1568,74
983,27	1597,42
983,44	1636,33
983,61	1728,49
983,78	1636,33
983,95	1568,74
984,11	1599,46
984,28	1669,09
984,45	1632,23
984,62	1511,40
984,79	1556,46
984,96	1603,56
985,13	1632,23
985,30	1564,65
985,46	1482,73
985,63	1556,46
985,80	1697,77
985,97	1621,99
986,14	1535,98
986,31	1671,14
986,47	1576,94
986,64	1583,08
986,81	1619,94
986,98	1615,85
987,15	1578,98
987,32	1640,42
987,48	1636,33
987,65	1581,03
987,82	1570,79
987,99	1638,38
988,16	1877,99
988,33	1738,73
988,49	1679,33
988,66	1609,70
988,83	1546,22
989,00	1681,38
989,17	1535,98
989,34	1607,66
989,50	1626,09
989,67	1503,21
989,84	1552,36
990,01	1617,90
990,18	1660,90
990,34	1644,52
990,51	1611,75
990,68	1617,90
990,85	1660,90
991,02	1601,51
991,18	1607,66
991,35	1632,23
991,52	1613,80
991,69	1495,02
991,86	1568,74
992,02	1578,98
992,19	1548,26
992,36	1634,28
992,53	1650,66
992,69	1617,90
992,86	1535,98
993,03	1701,86
993,20	1531,88
993,37	1607,66
993,53	1708,01
993,70	1611,75
993,87	1533,93
994,04	1632,23
994,20	1562,60
994,37	1611,75
994,54	1554,41
994,71	1624,04
994,87	1652,71
995,04	1665,00
995,21	1603,56
995,38	1540,07
995,55	1535,98
995,71	1652,71
995,88	1621,99
996,05	1669,09
996,22	1675,24
996,38	1681,38
996,55	1564,65
996,72	1480,68
996,88	1718,25
997,05	2598,87
997,22	1558,50
997,39	1591,27
997,55	1605,61
997,72	1591,27
997,89	1497,07
998,06	1578,98
998,22	1691,62
998,39	1533,93
998,56	1550,31
998,73	1574,89
998,89	1630,18
999,06	1533,93
999,23	1605,61
999,39	1605,61
999,56	1646,57
999,73	1529,83
999,90	1525,74
1000,06	1662,95
1000,23	1597,42
1000,40	1640,42
1000,56	1552,36
1000,73	1578,98
1000,90	1587,18
1001,06	1601,51
1001,23	1574,89
1001,40	1667,05
1001,57	1640,42
1001,73	1531,88
1001,90	1495,02
1002,07	1519,59
1002,23	1605,61
1002,40	1488,87
1002,57	1583,08
1002,73	1619,94
1002,90	1568,74
1003,07	1652,71
1003,23	1456,11
1003,40	1611,75
1003,57	1611,75
1003,73	1574,89
1003,90	1685,48
1004,07	1535,98
1004,23	1589,22
1004,40	1581,03
1004,57	1615,85
1004,73	1503,21
1004,90	1523,69
1005,07	1636,33
1005,23	1650,66
1005,40	1558,50
1005,57	1560,55
1005,73	1609,70
1005,90	1495,02
1006,07	1751,01
1006,23	1609,70
1006,40	1607,66
1006,57	1585,13
1006,73	1638,38
1006,90	1683,43
1007,06	1548,26
1007,23	1540,07
1007,40	1558,50
1007,56	1640,42
1007,73	1673,19
1007,90	1609,70
1008,06	1564,65
1008,23	1601,51
1008,40	1634,28
1008,56	1605,61
1008,73	1601,51
1008,89	1638,38
1009,06	1673,19
1009,23	1572,84
1009,39	1578,98
1009,56	1605,61
1009,72	1654,76
1009,89	1613,80
1010,06	1570,79
1010,22	1560,55
1010,39	1593,32
1010,55	1634,28
1010,72	1630,18
1010,89	1591,27
1011,05	1634,28
1011,22	1593,32
1011,38	1599,46
1011,55	1529,83
1011,72	1540,07
1011,88	1591,27
1012,05	1566,70
1012,21	1650,66
1012,38	1626,09
1012,55	1626,09
1012,71	1501,16
1012,88	1574,89
1013,04	1636,33
1013,21	1499,11
1013,37	1675,24
1013,54	1578,98
1013,71	1583,08
1013,87	1550,31
1014,04	1628,14
1014,20	1693,67
1014,37	1531,88
1014,53	1605,61
1014,70	1556,46
1014,87	1564,65
1015,03	1687,53
1015,20	1556,46
1015,36	1589,22
1015,53	1587,18
1015,69	1630,18
1015,86	1615,85
1016,02	1615,85
1016,19	1718,25
1016,36	1619,94
1016,52	1564,65
1016,69	1566,70
1016,85	1589,22
1017,02	1650,66
1017,18	1609,70
1017,35	1607,66
1017,51	1511,40
1017,68	1644,52
1017,84	1576,94
1018,01	1511,40
1018,17	1587,18
1018,34	1687,53
1018,50	1603,56
1018,67	1591,27
1018,84	1722,34
1019,00	1568,74
1019,17	1525,74
1019,33	1619,94
1019,50	1646,57
1019,66	1599,46
1019,83	1531,88
1019,99	1609,70
1020,16	1521,64
1020,32	1576,94
1020,49	1636,33
1020,65	1662,95
1020,82	1716,20
1020,98	1587,18
1021,15	1562,60
1021,31	1648,61
1021,48	1597,42
1021,64	1624,04
1021,81	1591,27
1021,97	1591,27
1022,14	1656,81
1022,30	1611,75
1022,47	1583,08
1022,63	1578,98
1022,79	1642,47
1022,96	1589,22
1023,12	1624,04
1023,29	1533,93
1023,45	1695,72
1023,62	1513,45
1023,78	1511,40
1023,95	1511,40
1024,11	1624,04
1024,28	1503,21
1024,44	1570,79
1024,61	1546,22
1024,77	1538,02
1024,94	1650,66
1025,10	1564,65
1025,26	1544,17
1025,43	1658,85
1025,59	1597,42
1025,76	1587,18
1025,92	1648,61
1026,09	1560,55
1026,25	1677,29
1026,42	1585,13
1026,58	1538,02
1026,74	1648,61
1026,91	1634,28
1027,07	1585,13
1027,24	1652,71
1027,40	1562,60
1027,57	1644,52
1027,73	1507,30
1027,90	1662,95
1028,06	1548,26
1028,22	1589,22
1028,39	1615,85
1028,55	1642,47
1028,72	1615,85
1028,88	1734,63
1029,04	1519,59
1029,21	1662,95
1029,37	1574,89
1029,54	1628,14
1029,70	1583,08
1029,87	1531,88
1030,03	1511,40
1030,19	1673,19
1030,36	1609,70
1030,52	1642,47
1030,69	1540,07
1030,85	1529,83
1031,01	1654,76
1031,18	1617,90
1031,34	1662,95
1031,50	1509,35
1031,67	1533,93
1031,83	1525,74
1032,00	1603,56
1032,16	1646,57
1032,32	1624,04
1032,49	1654,76
1032,65	1634,28
1032,82	1621,99
1032,98	1593,32
1033,14	1578,98
1033,31	1552,36
1033,47	1638,38
1033,63	1585,13
1033,80	1601,51
1033,96	1566,70
1034,13	1658,85
1034,29	1605,61
1034,45	1634,28
1034,62	1589,22
1034,78	1658,85
1034,94	1548,26
1035,11	1638,38
1035,27	1509,35
1035,43	1601,51
1035,60	1572,84
1035,76	1511,40
1035,92	1550,31
1036,09	1615,85
1036,25	1576,94
1036,41	1605,61
1036,58	1683,43
1036,74	1687,53
1036,90	1603,56
1037,07	1533,93
1037,23	1617,90
1037,39	1660,90
1037,56	1538,02
1037,72	1640,42
1037,88	1578,98
1038,05	1492,97
1038,21	1613,80
1038,37	1552,36
1038,54	1644,52
1038,70	1648,61
1038,86	1560,55
1039,03	1581,03
1039,19	1507,30
1039,35	1527,78
1039,52	1548,26
1039,68	1570,79
1039,84	1611,75
1040,00	1644,52
1040,17	1632,23
1040,33	1581,03
1040,49	1546,22
1040,66	1648,61
1040,82	1552,36
1040,98	1552,36
1041,15	1626,09
1041,31	1595,37
1041,47	1603,56
1041,63	1521,64
1041,80	1525,74
1041,96	1675,24
1042,12	1525,74
1042,29	1574,89
1042,45	1660,90
1042,61	1548,26
1042,77	1576,94
1042,94	1677,29
1043,10	1798,12
1043,26	1509,35
1043,42	1601,51
1043,59	1748,97
1043,75	1671,14
1043,91	1540,07
1044,07	1576,94
1044,24	1531,88
1044,40	1589,22
