345,22	1376,24
345,44	1376,24
345,66	1376,24
345,88	1353,71
346,10	1413,10
346,32	1509,35
346,54	1628,14
346,75	1581,03
346,97	1550,31
347,19	1619,94
347,41	1650,66
347,63	1560,55
347,85	1581,03
348,07	1624,04
348,29	1710,05
348,51	1595,37
348,73	1572,84
348,95	1546,22
349,16	1540,07
349,38	1581,03
349,60	1673,19
349,82	1578,98
350,04	1499,11
350,26	1597,42
350,48	1644,52
350,70	1705,96
350,92	1630,18
351,14	1679,33
351,35	1603,56
351,57	1566,70
351,79	1632,23
352,01	1511,40
352,23	1570,79
352,45	1548,26
352,67	1599,46
352,89	1632,23
353,10	1593,32
353,32	1503,21
353,54	1576,94
353,76	1603,56
353,98	1603,56
354,20	1619,94
354,42	1589,22
354,64	1667,05
354,85	1660,90
355,07	1597,42
355,29	1628,14
355,51	1552,36
355,73	1619,94
355,95	1501,16
356,17	1642,47
356,38	1566,70
356,60	1626,09
356,82	1611,75
357,04	1523,69
357,26	1505,26
357,48	1689,57
357,69	1572,84
357,91	1613,80
358,13	1728,49
358,35	1591,27
358,57	1628,14
358,79	1685,48
359,01	1617,90
359,22	1626,09
359,44	1660,90
359,66	1675,24
359,88	1552,36
360,10	1619,94
360,32	1634,28
360,53	1601,51
360,75	1624,04
360,97	1564,65
361,19	1550,31
361,41	1628,14
361,62	1640,42
361,84	1587,18
362,06	1562,60
362,28	1595,37
362,50	1705,96
362,72	1611,75
362,93	1533,93
363,15	1499,11
363,37	1546,22
363,59	1576,94
363,81	1542,12
364,02	1581,03
364,24	1568,74
364,46	1660,90
364,68	1525,74
364,90	1720,29
365,11	1640,42
365,33	1675,24
365,55	1531,88
365,77	1581,03
365,99	1576,94
366,20	1757,16
366,42	1597,42
366,64	1503,21
366,86	1619,94
367,07	1658,85
367,29	1533,93
367,51	1558,50
367,73	1554,41
367,95	1695,72
368,16	1679,33
368,38	1634,28
368,60	1662,95
368,82	1621,99
369,03	1730,53
369,25	1718,25
369,47	1581,03
369,69	1558,50
369,91	1619,94
370,12	1566,70
370,34	1492,97
370,56	1609,70
370,78	1646,57
370,99	1679,33
371,21	1585,13
371,43	1587,18
371,65	1519,59
371,86	1617,90
372,08	1607,66
372,30	1626,09
372,52	1697,77
372,73	1589,22
372,95	1558,50
373,17	1617,90
373,39	1564,65
373,60	1599,46
373,82	1648,61
374,04	1531,88
374,26	1642,47
374,47	1568,74
374,69	1589,22
374,91	1714,15
375,12	1646,57
375,34	1562,60
375,56	1587,18
375,78	1595,37
375,99	1570,79
376,21	1712,10
376,43	1638,38
376,65	1667,05
376,86	1658,85
377,08	1540,07
377,30	1640,42
377,51	1654,76
377,73	1501,16
377,95	1615,85
378,17	1593,32
378,38	1568,74
378,60	1607,66
378,82	1669,09
379,03	1615,85
379,25	1660,90
379,47	1732,58
379,68	1621,99
379,90	1480,68
380,12	1603,56
380,34	1556,46
380,55	1630,18
380,77	1585,13
380,99	1599,46
381,20	1677,29
381,42	1556,46
381,64	1624,04
381,85	1519,59
382,07	1705,96
382,29	1589,22
382,50	1665,00
382,72	1634,28
382,94	1558,50
383,15	1638,38
383,37	1562,60
383,59	1609,70
383,80	1546,22
384,02	1628,14
384,24	1646,57
384,45	1658,85
384,67	1603,56
384,89	1492,97
385,10	1617,90
385,32	1640,42
385,54	1613,80
385,75	1609,70
385,97	1601,51
386,19	1687,53
386,40	1667,05
386,62	1591,27
386,84	1609,70
387,05	1542,12
387,27	1531,88
387,49	1626,09
387,70	1638,38
387,92	1703,91
388,14	1574,89
388,35	1642,47
388,57	1609,70
388,79	1632,23
389,00	1564,65
389,22	1603,56
389,43	1591,27
389,65	1646,57
389,87	1613,80
390,08	1566,70
390,30	1683,43
390,52	1671,14
390,73	1634,28
390,95	1523,69
391,17	1585,13
391,38	1587,18
391,60	1689,57
391,81	1632,23
392,03	1648,61
392,25	1501,16
392,46	1572,84
392,68	1693,67
392,89	1621,99
393,11	1531,88
393,33	1634,28
393,54	1585,13
393,76	1652,71
393,98	1671,14
394,19	1540,07
394,41	1552,36
394,62	1427,43
394,84	1658,85
395,06	1624,04
395,27	1597,42
395,49	1570,79
395,70	1677,29
395,92	1529,83
396,13	1495,02
396,35	1595,37
396,57	1640,42
396,78	1595,37
397,00	1605,61
397,21	1679,33
397,43	1652,71
397,65	1615,85
397,86	1681,38
398,08	1533,93
398,29	1634,28
398,51	1554,41
398,72	1632,23
398,94	1714,15
399,16	1642,47
399,37	1654,76
399,59	1656,81
399,80	1611,75
400,02	1630,18
400,23	1615,85
400,45	1638,38
400,67	1683,43
400,88	1679,33
401,10	1581,03
401,31	1605,61
401,53	1619,94
401,74	1650,66
401,96	1585,13
402,17	1556,46
402,39	1613,80
402,61	1648,61
402,82	1601,51
403,04	1667,05
403,25	1640,42
403,47	1697,77
403,68	1535,98
403,90	1683,43
404,11	1615,85
404,33	1533,93
404,54	1685,48
404,76	1632,23
404,97	1613,80
405,19	1748,97
405,41	1597,42
405,62	1720,29
405,84	1636,33
406,05	1708,01
406,27	1521,64
406,48	1640,42
406,70	1697,77
406,91	1617,90
407,13	1650,66
407,34	1550,31
407,56	1724,39
407,77	1599,46
407,99	1595,37
408,20	1746,92
408,42	1568,74
408,63	1669,09
408,85	1671,14
409,06	1634,28
409,28	1794,02
409,49	1628,14
409,71	1632,23
409,92	1701,86
410,14	1650,66
410,35	1816,55
410,57	1628,14
410,78	1609,70
411,00	1705,96
411,21	1740,77
411,43	1730,53
411,64	1710,05
411,86	1667,05
412,07	1753,06
412,29	1767,40
412,50	1658,85
412,72	1824,74
412,93	1796,07
413,15	1779,68
413,36	1660,90
413,58	1828,84
413,79	1695,72
414,01	1755,11
414,22	1761,25
414,43	1775,59
414,65	1824,74
414,86	1753,06
415,08	1851,36
415,29	1884,13
415,51	1834,98
415,72	1796,07
415,94	1779,68
416,15	1908,71
416,37	1908,71
416,58	1708,01
416,80	1834,98
417,01	1826,79
417,22	1884,13
417,44	1869,80
417,65	1857,51
417,87	1863,65
418,08	2007,01
418,30	1857,51
418,51	1929,19
418,73	1923,04
418,94	1861,60
419,15	1935,33
419,37	2043,87
419,58	1908,71
419,80	2011,11
420,01	2060,26
420,23	1949,67
420,44	2090,98
420,65	2109,41
420,87	2119,65
421,08	2107,36
421,30	2072,54
421,51	2068,45
421,73	2025,44
421,94	2011,11
422,15	2090,98
422,37	2215,90
422,58	2045,92
422,80	2136,03
423,01	2185,18
423,22	2140,13
423,44	2127,84
423,65	2295,77
423,87	2258,91
424,08	2318,30
424,29	2248,67
424,51	2240,48
424,72	2377,69
424,94	2320,35
425,15	2377,69
425,36	2396,12
425,58	2371,55
425,79	2486,23
426,01	2459,61
426,22	2424,80
426,43	2598,87
426,65	2541,53
426,86	2551,77
427,08	2586,58
427,29	2578,39
427,50	2609,11
427,72	2676,70
427,93	2588,63
428,14	2660,31
428,36	2758,61
428,57	2772,95
428,79	2793,43
429,00	2856,92
429,21	2746,33
429,43	2916,31
429,64	2924,50
429,85	2940,88
430,07	3016,66
430,28	2867,16
430,49	3008,47
430,71	3096,53
430,92	3170,26
431,14	3243,98
431,35	3227,60
431,56	3239,89
431,78	3291,09
431,99	3330,00
432,20	3418,06
432,42	3368,91
432,63	3481,55
432,84	3416,01
433,06	3461,07
433,27	3444,68
433,48	3676,10
433,70	3483,59
433,91	3706,82
434,12	3559,37
434,34	3788,74
434,55	3858,37
434,76	3809,22
434,98	3862,47
435,19	3944,39
435,40	3964,87
435,62	3917,76
435,83	4034,50
436,04	3942,34
436,26	4175,81
436,47	3966,92
436,68	4059,07
436,90	4134,85
437,11	4362,17
437,32	4382,65
437,54	4470,72
437,75	4302,78
437,96	4562,87
438,17	4564,92
438,39	4382,65
438,60	4630,46
438,81	4556,73
439,03	4980,66
439,24	4808,63
439,45	5093,30
439,67	4888,50
439,88	4986,80
440,09	4863,93
440,30	4931,51
440,52	4939,70
440,73	5244,85
440,94	5121,97
441,16	5162,93
441,37	5199,79
441,58	5138,35
441,80	5394,35
442,01	5373,87
442,22	5459,88
442,43	5470,12
442,65	5619,63
442,86	5531,56
443,07	5822,38
443,28	5543,85
443,50	5767,08
443,71	5982,12
443,92	5777,32
444,14	5754,79
444,35	6002,60
444,56	5785,51
444,77	6057,89
444,99	5771,18
445,20	5842,85
445,41	5889,96
445,62	6135,71
445,84	6207,39
446,05	6152,10
446,26	6344,61
446,47	6084,52
446,69	5935,01
446,90	6211,49
447,11	6143,91
447,32	6008,74
447,54	6121,38
447,75	5994,40
447,96	5920,68
448,17	6010,79
448,39	6191,01
448,60	5830,57
448,81	5924,77
449,02	5828,52
449,23	5803,94
449,45	6162,34
449,66	5918,63
449,87	5904,29
450,08	5885,86
450,30	5906,34
450,51	5883,81
450,72	5926,82
450,93	5861,29
451,15	5754,79
451,36	5810,09
451,57	5509,04
451,78	5488,56
451,99	5748,65
452,21	5730,22
452,42	5504,94
452,63	5476,27
452,84	5126,07
453,05	5367,73
453,27	5220,27
453,48	5429,17
453,69	5074,87
453,90	5275,57
454,11	5308,34
454,33	4915,12
454,54	5138,35
454,75	5173,17
454,96	5076,91
455,17	4966,32
455,39	4919,22
455,60	4925,36
455,81	5011,38
456,02	4798,39
456,23	4734,90
456,45	4739,00
456,66	4585,40
456,87	4423,61
457,08	4642,75
457,29	4765,62
457,50	4452,28
457,72	4571,07
457,93	4413,37
458,14	4546,49
458,35	4609,98
458,56	4523,96
458,77	4403,13
458,99	4349,89
459,20	4394,94
459,41	4399,04
459,62	4239,30
459,83	4323,26
460,04	4202,43
460,26	4386,75
460,47	4126,66
460,68	4085,70
460,89	4032,45
461,10	4095,94
461,31	4265,92
461,52	4073,41
461,74	4040,64
461,95	3993,54
462,16	3897,28
462,37	3903,43
462,58	4061,12
462,79	3864,52
463,00	3944,39
463,22	3960,77
463,43	3811,27
463,64	3850,18
463,85	3774,41
464,06	3911,62
464,27	3770,31
464,48	3680,20
464,70	3712,97
464,91	3702,73
465,12	3837,89
465,33	3776,45
465,54	3788,74
465,75	3696,58
465,96	3729,35
466,17	3776,45
466,38	3708,87
466,60	3608,52
466,81	3694,54
467,02	3811,27
467,23	3659,72
467,44	3702,73
467,65	3592,14
467,86	3727,30
468,07	3764,17
468,28	3710,92
468,50	3534,79
468,71	3712,97
468,92	3575,75
469,13	3534,79
469,34	3577,80
469,55	3538,89
469,76	3585,99
469,97	3553,23
470,18	3522,51
470,39	3590,09
470,60	3557,32
470,82	3536,84
471,03	3557,32
471,24	3686,34
471,45	3497,93
471,66	3536,84
471,87	3504,07
472,08	3571,66
472,29	3516,36
472,50	3635,14
472,71	3465,16
472,92	3561,42
473,13	3557,32
473,34	3600,33
473,55	3530,70
473,77	3590,09
473,98	3641,29
474,19	3702,73
474,40	3459,02
474,61	3514,31
474,82	3350,48
475,03	3553,23
475,24	3473,36
475,45	3618,76
475,66	3618,76
475,87	3590,09
476,08	3614,66
476,29	3706,82
476,50	3606,47
476,71	3655,62
476,92	3715,02
477,13	3807,17
477,34	3600,33
477,55	3680,20
477,76	3729,35
477,97	3618,76
478,18	3715,02
478,40	3592,14
478,61	3809,22
478,82	3735,50
479,03	3723,21
479,24	3782,60
479,45	3825,61
479,66	3776,45
479,87	3708,87
480,08	3751,88
480,29	3760,07
480,50	3846,09
480,71	3782,60
480,92	3811,27
481,13	3852,23
481,34	3870,66
481,55	3870,66
481,76	3809,22
481,97	3903,43
482,18	3973,06
482,39	3839,94
482,60	3968,96
482,81	3985,35
483,02	3944,39
483,23	4036,55
483,44	3962,82
483,65	3958,72
483,86	4120,51
484,07	4100,03
484,28	4188,10
484,49	4095,94
484,70	4159,42
484,91	4042,69
485,12	4112,32
485,33	4030,40
485,54	4241,34
485,75	3971,01
485,96	4186,05
486,17	4120,51
486,38	4085,70
486,59	4231,10
486,80	4339,65
487,01	4325,31
487,21	4241,34
487,42	4286,40
487,63	4421,56
487,84	4358,08
488,05	4466,62
488,26	4642,75
488,47	4536,25
488,68	4497,34
488,89	4644,79
489,10	4564,92
489,31	4695,99
489,52	4609,98
489,73	4675,51
489,94	4808,63
490,15	4532,15
490,36	4755,38
490,57	4806,58
490,78	4822,97
490,99	4898,74
491,20	4710,33
491,41	4915,12
491,61	5109,68
491,82	4939,70
492,03	5113,78
492,24	5171,12
492,45	4917,17
492,66	5101,49
492,87	5183,41
493,08	5216,18
493,29	5179,31
493,50	5238,70
493,71	5271,47
493,92	5351,34
494,13	5492,65
494,34	5384,11
494,54	5404,59
494,75	5599,15
494,96	5558,19
495,17	5681,07
495,38	5756,84
495,59	5842,85
495,80	5816,23
496,01	5889,96
496,22	5883,81
496,43	5834,66
496,64	5910,44
496,84	6018,98
497,05	6231,97
497,26	6346,66
497,47	6195,11
497,68	6334,37
497,89	6197,15
498,10	6391,71
498,31	6535,07
498,52	6569,88
498,72	6434,72
498,93	6807,45
499,14	6725,53
499,35	6700,95
499,56	6770,58
499,77	6803,35
499,98	7079,83
500,19	7008,15
500,40	6965,14
500,60	6858,65
500,81	7260,05
501,02	7155,60
501,23	7442,32
501,44	7585,68
501,65	7458,70
501,86	7456,65
502,06	7731,08
502,27	7825,29
502,48	7804,81
502,69	7866,25
502,90	7839,62
503,11	7806,86
503,32	8161,16
503,53	8054,66
503,73	8042,37
503,94	8228,74
504,15	8359,81
504,36	8449,92
504,57	8675,20
504,78	8511,36
504,98	8642,43
505,19	8710,01
505,40	8927,10
505,61	8943,48
505,82	9054,07
506,03	9209,72
506,23	9004,92
506,44	9355,12
506,65	9359,22
506,86	9138,04
507,07	9369,46
507,28	9527,15
507,48	9617,26
507,69	9711,47
507,90	9623,41
508,11	9709,42
508,32	9873,26
508,53	9932,65
508,73	10004,33
508,94	10182,50
509,15	10340,19
509,36	10448,74
509,57	10485,60
509,77	10614,62
509,98	10678,11
510,19	10700,64
510,40	10837,85
510,61	10872,67
510,81	10964,82
511,02	11122,52
511,23	11038,55
511,44	11132,76
511,65	11290,45
511,85	11372,37
512,06	11396,95
512,27	11421,52
512,48	11568,98
512,69	11833,16
512,89	12234,57
513,10	11779,92
513,31	11765,58
513,52	12015,43
513,73	12281,67
513,93	12209,99
514,14	12484,42
514,35	12619,58
514,56	12582,72
514,76	12560,19
514,97	12853,05
515,18	12605,25
515,39	12836,67
515,60	12793,66
515,80	13049,66
516,01	13004,60
516,22	13391,67
516,43	13141,82
516,63	13446,96
516,84	13610,80
517,05	13358,90
517,26	13653,81
517,46	13680,43
517,67	13967,15
517,88	13877,04
518,09	14001,96
518,29	14114,60
518,50	14188,33
518,71	14147,37
518,92	14403,36
519,12	14440,23
519,33	14614,30
519,54	14505,76
519,75	14546,72
519,95	14688,03
520,16	14835,49
520,37	14714,66
520,57	15013,66
520,78	15200,02
520,99	15169,30
521,20	14993,18
521,40	15322,90
521,61	15286,04
521,82	15513,36
522,03	15619,86
522,23	15689,49
522,44	15761,17
522,65	15619,86
522,85	15548,18
523,06	15697,68
523,27	16123,66
523,48	16078,60
523,68	16195,34
523,89	16181,00
524,10	16168,71
524,30	16234,25
524,51	16402,18
524,72	16510,72
524,93	16768,77
525,13	16576,26
525,34	16756,48
525,55	16793,34
525,75	16961,28
525,96	17008,38
526,17	17075,96
526,37	16965,37
526,58	16873,21
526,79	17043,20
526,99	16975,61
527,20	17006,33
527,41	17114,87
527,62	17323,77
527,82	17530,61
528,03	17362,68
528,24	17547,00
528,44	17745,65
528,65	17745,65
528,86	17934,06
529,06	17680,11
529,27	17852,14
529,48	17880,82
529,68	17893,10
529,89	18259,69
530,10	17917,68
530,30	17872,62
530,51	18132,72
530,72	18237,16
530,92	18267,88
531,13	18460,39
531,34	18575,08
531,54	18372,33
531,75	18747,11
531,96	18527,97
532,16	18450,15
532,37	18366,18
532,57	18595,56
532,78	18474,73
532,99	18874,08
533,19	19230,43
533,40	18777,83
533,61	18804,45
533,81	18704,10
534,02	18786,02
534,23	19005,15
534,43	18769,63
534,64	18984,67
534,84	18994,91
535,05	18986,72
535,26	18935,52
535,46	19277,53
535,67	19089,12
535,88	19078,88
536,08	19121,88
536,29	19232,47
536,49	19185,37
536,70	19384,02
536,91	19250,91
537,11	19541,72
537,32	19474,13
537,53	19455,70
537,73	19777,23
537,94	19324,63
538,14	19515,09
538,35	19508,95
538,56	19457,75
538,76	19603,16
538,97	19640,02
539,17	19631,83
539,38	19918,54
539,59	19984,08
539,79	19586,77
540,00	20037,33
540,20	19787,47
540,41	19773,14
540,62	20264,65
540,82	20035,28
541,03	19963,60
541,23	19990,22
541,44	20195,02
541,64	19910,35
541,85	20059,85
542,06	20063,95
542,26	20137,68
542,47	20102,86
542,67	19902,16
542,88	19932,88
543,08	20031,18
543,29	20414,15
543,50	20498,12
543,70	20508,36
543,91	20471,50
544,11	20412,10
544,32	20235,98
544,52	20612,81
544,73	20457,16
544,94	20471,50
545,14	20266,70
545,35	20340,43
545,55	20508,36
545,76	20537,03
545,96	20555,46
546,17	20586,18
546,37	20776,64
546,58	20676,29
546,78	20565,70
546,99	20846,27
547,20	20846,27
547,40	20756,16
547,61	20768,45
547,81	20854,47
548,02	20891,33
548,22	20864,71
548,43	20684,48
548,63	20731,59
548,84	20930,24
549,04	20930,24
549,25	20891,33
549,45	20963,01
549,66	20915,90
549,86	21038,78
550,07	20887,23
550,27	21065,41
550,48	20983,49
550,69	21071,55
550,89	21225,15
551,10	20891,33
551,30	21417,66
551,51	20920,00
551,71	20893,38
551,92	20840,13
552,12	20975,30
552,33	21087,93
552,53	21071,55
552,74	21051,07
552,94	21268,16
553,15	21073,60
553,35	21096,13
553,56	21370,55
553,76	20899,52
553,97	21020,35
554,17	21296,83
554,38	21268,16
554,58	21083,84
554,79	21159,61
554,99	21065,41
555,19	20973,25
555,40	21397,18
555,60	21153,47
555,81	21581,49
556,01	21282,49
556,22	21380,79
556,42	21169,85
556,63	21296,83
556,83	21405,37
557,04	21249,72
557,24	21532,34
557,45	21352,12
557,65	21192,38
557,86	21479,10
558,06	21479,10
558,27	21206,72
558,47	21319,35
558,67	21604,02
558,88	21327,55
559,08	21345,98
559,29	21673,65
559,49	21548,73
559,70	21595,83
559,90	21591,73
560,11	21378,75
560,31	21524,15
560,52	21618,36
560,72	21395,13
560,92	21520,06
561,13	21532,34
561,33	21610,17
561,54	21337,79
561,74	21241,53
561,95	21685,94
562,15	21833,39
562,35	21714,61
562,56	21812,92
562,76	21264,06
562,97	21554,87
563,17	21651,13
563,38	21683,89
563,58	21679,80
563,78	21825,20
563,99	21708,47
564,19	21683,89
564,40	21425,85
564,60	21706,42
564,80	21413,56
565,01	21569,21
565,21	21350,07
565,42	21964,46
565,62	21687,99
565,83	21692,08
566,03	21681,85
566,23	21544,63
566,44	21731,00
566,64	21778,10
566,85	21495,48
567,05	21679,80
567,25	21538,49
567,46	21872,31
567,66	21698,23
567,86	21853,87
568,07	21575,35
568,27	21558,97
568,48	21728,95
568,68	21601,97
568,88	21665,46
569,09	21716,66
569,29	22001,33
569,50	21425,85
569,70	21475,00
569,90	21417,66
570,11	21448,38
570,31	21782,20
570,51	21857,97
570,72	21298,88
570,92	21454,52
571,13	21755,57
571,33	21632,69
571,53	21786,29
571,74	21317,31
571,94	21812,92
572,14	21536,44
572,35	21288,64
572,55	21313,21
572,75	21421,75
572,96	21653,17
573,16	21698,23
573,36	21309,11
573,57	21657,27
573,77	21425,85
573,97	21302,97
574,18	21245,63
574,38	21526,20
574,59	21317,31
574,79	21479,10
574,99	21296,83
575,20	21370,55
575,40	21188,28
575,60	21493,43
575,81	21407,42
576,01	21255,87
576,21	21159,61
576,42	21431,99
576,62	21141,18
576,82	20956,86
577,02	21249,72
577,23	21024,45
577,43	21503,67
577,63	21319,35
577,84	21051,07
578,04	20991,68
578,24	20963,01
578,45	20913,86
578,65	20854,47
578,85	21315,26
579,06	21012,16
579,26	20938,43
579,46	20977,34
579,67	20756,16
579,87	21171,90
580,07	21112,51
580,27	20721,35
580,48	20879,04
580,68	21149,37
580,88	20678,34
581,09	20688,58
581,29	20649,67
581,49	20709,06
581,69	20545,22
581,90	20747,97
582,10	20721,35
582,30	20362,95
582,51	20377,29
582,71	20428,49
582,91	20608,71
583,11	20647,62
583,32	20410,06
583,52	20063,95
583,72	20369,10
583,93	20502,22
584,13	20424,39
584,33	20477,64
584,53	20448,97
584,74	20252,36
584,94	20365,00
585,14	20430,54
585,34	20266,70
585,55	19971,79
585,75	20133,58
585,95	20172,49
586,15	20029,13
586,36	20158,16
586,56	20025,04
586,76	19838,67
586,96	19637,97
587,17	19982,03
587,37	20084,43
587,57	19676,88
587,77	19717,84
587,98	19795,67
588,18	19887,82
588,38	19676,88
588,58	19390,17
588,79	19312,35
588,99	19504,85
589,19	19474,13
589,39	19539,67
589,60	19642,07
589,80	19390,17
590,00	19412,70
590,20	19377,88
590,40	19281,63
590,61	19275,48
590,81	19343,06
591,01	19085,02
591,21	19128,03
591,42	19326,68
591,62	19154,65
591,82	18837,22
592,02	19332,82
592,22	18939,62
592,43	18751,20
592,63	18663,14
592,83	18788,07
593,03	18874,08
593,23	18671,33
593,44	18927,33
593,64	18579,17
593,84	18824,93
594,04	18702,05
594,24	18685,67
594,45	18609,89
594,65	18632,42
594,85	18573,03
595,05	18489,06
595,25	18519,78
595,46	18294,50
595,66	18142,96
595,86	18323,18
596,06	18433,77
596,26	18452,20
596,46	18345,70
596,67	18147,05
596,87	18038,51
597,07	17999,60
597,27	18026,22
597,47	17919,73
597,67	18114,28
597,88	18106,09
598,08	18083,56
598,28	17917,68
598,48	17886,96
598,68	17962,73
598,88	17856,24
599,09	17671,92
599,29	17770,22
599,49	17694,45
599,69	17929,97
599,89	17899,25
600,09	17657,59
600,30	17825,52
600,50	17684,21
600,70	17628,92
600,90	17352,44
601,10	17788,66
601,30	17471,22
601,50	17325,82
601,71	17237,75
601,91	17164,03
602,11	17280,76
602,31	17174,27
602,51	17143,55
602,71	16865,02
602,91	17037,05
603,11	16957,18
603,32	17012,48
603,52	16996,09
603,72	17297,14
603,92	17008,38
604,12	16750,34
604,32	16783,10
604,52	16961,28
604,72	16643,84
604,93	16789,25
605,13	16637,70
605,33	16834,30
605,53	16854,78
605,73	16582,40
605,93	16826,11
606,13	16357,13
606,33	16291,59
606,53	16365,32
606,74	16316,17
606,94	16549,64
607,14	16471,81
607,34	16191,24
607,54	16381,70
607,74	16328,45
607,94	16097,03
608,14	16267,02
608,34	16170,76
608,54	16008,97
608,74	16244,49
608,95	16166,67
609,15	15908,62
609,35	15660,82
609,55	15884,05
609,75	15822,61
609,95	15990,54
610,15	15589,14
610,35	15740,69
610,55	15707,92
610,75	15830,80
610,95	15533,84
611,15	15585,04
611,35	15613,71
611,55	15769,36
611,76	15437,59
611,96	15361,81
612,16	15480,60
612,36	15292,18
612,56	15539,99
612,76	15433,49
612,96	15071,00
613,16	15388,44
613,36	15212,31
613,56	15283,99
613,76	15138,58
613,96	15007,52
614,16	15277,85
614,36	14982,94
614,56	14905,12
614,76	14980,89
614,96	14917,40
615,16	14933,79
615,36	14761,76
615,56	14759,71
615,76	14864,16
615,97	14714,66
616,17	14978,84
616,37	14714,66
616,57	14534,43
616,77	14587,68
616,97	14745,38
617,17	14513,95
617,37	14700,32
617,57	14608,16
617,77	14595,87
617,97	14419,75
618,17	14446,37
618,37	14169,90
618,57	14450,47
618,77	14313,25
618,97	14188,33
619,17	13991,72
619,37	14305,06
619,57	14173,99
619,77	13956,91
619,97	14303,01
620,17	13901,61
620,37	14180,14
620,57	13756,21
620,77	13750,06
620,97	13915,95
621,17	13696,82
621,37	13705,01
621,57	13543,22
621,77	13403,96
621,97	13633,33
622,17	13412,15
622,37	13631,28
622,57	13449,01
622,77	13440,82
622,97	13436,72
623,17	13424,44
623,37	13504,31
623,57	13283,13
623,77	13111,10
623,97	13309,75
624,16	12945,21
624,36	13195,06
624,56	13066,04
624,76	12963,64
624,96	13137,72
625,16	13088,57
625,36	12918,59
625,56	12914,49
625,76	12822,33
625,96	12746,56
626,16	12943,16
626,36	12781,37
626,56	12887,87
626,76	12668,73
626,96	12769,09
627,16	12672,83
627,36	12498,75
627,56	12746,56
627,76	12416,83
627,96	12539,71
628,16	12582,72
628,35	12435,27
628,55	12255,04
628,75	12281,67
628,95	12216,13
629,15	12427,07
629,35	12347,20
629,55	12154,69
629,75	11964,23
629,95	12201,80
630,15	12095,30
630,35	11876,17
630,55	11972,43
630,75	12009,29
630,95	12062,54
631,14	11958,09
631,34	11935,56
631,54	11886,41
631,74	11855,69
631,94	11673,42
632,14	11755,34
632,34	11632,46
632,54	11624,27
632,74	11591,50
632,94	11671,37
633,14	11708,24
633,33	11347,79
633,53	11439,95
633,73	11675,47
633,93	11566,93
634,13	11380,56
634,33	11458,39
634,53	11390,80
634,73	11374,42
634,93	11102,04
635,12	11251,54
635,32	11138,90
635,52	11085,65
635,72	11237,20
635,92	10925,91
636,12	11222,87
636,32	11165,53
636,52	11013,98
636,71	10942,30
636,91	10792,80
637,11	10755,93
637,31	10960,73
637,51	10956,63
637,71	11013,98
637,91	10684,25
638,11	10635,10
638,30	10559,33
638,50	10540,90
638,70	10651,49
638,90	10665,82
639,10	10481,50
639,30	10354,53
639,50	10336,10
639,69	10424,16
639,89	10243,94
640,09	10241,89
640,29	10297,19
640,49	10168,16
640,69	10200,93
640,88	10116,97
641,08	10067,81
641,28	10301,28
641,48	9920,36
641,68	9871,21
641,88	10012,52
642,07	9906,02
642,27	10018,66
642,47	10014,57
642,67	9879,40
642,87	9811,82
643,07	9901,93
643,26	9736,04
643,46	9498,48
643,66	9686,89
643,86	9803,63
644,06	9512,81
644,26	9666,41
644,45	9443,18
644,65	9488,24
644,85	9549,68
645,05	9625,45
645,25	9478,00
645,44	9369,46
645,64	9299,83
645,84	9271,15
646,04	9256,82
646,24	9447,28
646,43	9271,15
646,63	9322,35
646,83	9090,93
647,03	9062,26
647,23	8867,70
647,42	9113,46
647,62	9047,93
647,82	9168,76
648,02	9084,79
648,22	9049,97
648,41	8916,86
648,61	8976,25
648,81	9084,79
649,01	8836,99
649,20	8869,75
649,40	8687,48
649,60	8828,79
649,80	8626,04
650,00	8535,93
650,19	8648,57
650,39	8630,14
650,59	8701,82
650,79	8324,99
650,98	8548,22
651,18	8488,83
651,38	8484,73
651,58	8314,75
651,77	8181,64
651,97	8257,41
652,17	8372,10
652,37	8206,21
652,56	8085,38
652,76	8099,72
652,96	8243,07
653,16	8069,00
653,35	8056,71
653,55	8109,96
653,75	7827,34
653,95	7886,73
654,14	7907,21
654,34	7925,64
654,54	7968,65
654,74	7808,90
654,93	8001,41
655,13	7987,08
655,33	7708,55
655,52	7894,92
655,72	7802,76
655,92	7698,31
656,12	7683,98
656,31	7696,27
656,51	7485,33
656,71	7561,10
656,91	7487,37
657,10	7550,86
657,30	7307,15
657,50	7286,67
657,69	7477,13
657,89	7491,47
658,09	7460,75
658,29	7274,38
658,48	7294,86
658,68	7321,49
658,88	7233,43
659,07	7307,15
659,27	7088,02
659,47	7096,21
659,66	7178,13
659,86	6913,94
660,06	7272,34
660,26	7098,26
660,45	7178,13
660,65	7094,16
660,85	6913,94
661,04	7059,35
661,24	6905,75
661,44	6872,98
661,63	6983,57
661,83	7022,48
662,03	7049,11
662,22	6813,59
662,42	6823,83
662,62	6690,71
662,81	6629,27
663,01	6762,39
663,21	6858,65
663,40	6680,47
663,60	6762,39
663,80	6711,19
663,99	6813,59
664,19	6557,60
664,39	6688,67
664,58	6641,56
664,78	6422,43
664,98	6461,34
665,17	6512,54
665,37	6365,09
665,57	6496,16
665,76	6459,29
665,96	6223,78
666,16	6148,00
666,35	6391,71
666,55	6254,50
666,74	6277,02
666,94	6328,22
667,14	6070,18
667,33	6117,28
667,53	6420,38
667,73	6016,93
667,92	6152,10
668,12	6188,96
668,32	6170,53
668,51	6010,79
668,71	6061,99
668,90	5978,02
669,10	6102,95
669,30	6178,72
669,49	6037,41
669,69	5992,36
669,89	5941,16
670,08	5887,91
670,28	6244,26
670,47	5877,67
670,67	5793,70
670,87	5840,81
671,06	5834,66
671,26	5867,43
671,45	5793,70
671,65	5683,11
671,85	5820,33
672,04	5697,45
672,24	5752,74
672,43	5660,59
672,63	5560,24
672,83	5574,57
673,02	5500,84
673,22	5638,06
673,41	5484,46
673,61	5441,45
673,81	5572,52
674,00	5607,34
674,20	5486,51
674,39	5398,45
674,59	5353,39
674,78	5439,40
674,98	5574,57
675,18	5449,64
675,37	5443,50
675,57	5339,05
675,76	5226,42
675,96	5392,30
676,15	5261,23
676,35	5146,55
676,55	5281,71
676,74	5134,26
676,94	5232,56
677,13	5195,70
677,33	5232,56
677,52	5169,07
677,72	5058,48
677,91	5183,41
678,11	5052,34
678,31	5158,83
678,50	5083,06
678,70	4939,70
678,89	5005,24
679,09	5115,83
679,28	4992,95
679,48	4999,09
679,67	4894,65
679,87	4943,80
680,06	5070,77
680,26	5119,92
680,46	4923,32
680,65	4941,75
680,85	4925,36
681,04	4904,89
681,24	4759,48
681,43	4816,82
681,63	4825,01
681,82	4865,97
682,02	4888,50
682,21	4743,10
682,41	4732,86
682,60	4865,97
682,80	4728,76
682,99	4726,71
683,19	4640,70
683,38	4646,84
683,58	4667,32
683,77	4634,55
683,97	4620,22
684,16	4765,62
684,36	4571,07
684,55	4433,85
684,75	4562,87
684,94	4620,22
685,14	4593,59
685,33	4360,13
685,53	4437,95
685,72	4536,25
685,92	4464,57
686,11	4460,48
686,31	4483,00
686,50	4446,14
686,70	4313,02
686,89	4347,84
687,09	4417,47
687,28	4399,04
687,48	4300,73
687,67	4386,75
687,87	4327,36
688,06	4399,04
688,26	4413,37
688,45	4270,01
688,65	4370,37
688,84	4327,36
689,03	4261,82
689,23	4063,17
689,42	4353,98
689,62	4212,67
689,81	4143,04
690,01	4224,96
690,20	4091,84
690,40	4177,86
690,59	4206,53
690,79	4057,03
690,98	4202,43
691,17	3991,49
691,37	4122,56
691,56	4052,93
691,76	4155,33
691,95	4104,13
692,15	3981,25
692,34	4093,89
692,54	4054,98
692,73	4077,51
692,92	4057,03
693,12	4030,40
693,31	3893,19
693,51	3975,11
693,70	3993,54
693,90	3975,11
694,09	3940,29
694,28	3870,66
694,48	4005,83
694,67	3895,24
694,87	3887,04
695,06	3950,53
695,26	3850,18
695,45	3841,99
695,64	3827,65
695,84	3784,65
696,03	3788,74
696,23	3852,23
696,42	3923,91
696,61	3813,32
696,81	3778,50
697,00	3690,44
697,20	3821,51
697,39	3774,41
697,58	3571,66
697,78	3819,46
697,97	3776,45
698,17	3844,04
698,36	3760,07
698,55	3626,95
698,75	3751,88
698,94	3737,54
699,14	3633,10
699,33	3674,06
699,52	3596,23
699,72	3715,02
699,91	3665,86
700,10	3684,30
700,30	3622,86
700,49	3631,05
700,69	3661,77
700,88	3635,14
701,07	3588,04
701,27	3551,18
701,46	3614,66
701,65	3553,23
701,85	3618,76
702,04	3594,19
702,23	3559,37
702,43	3377,10
702,62	3485,64
702,82	3575,75
703,01	3579,85
703,20	3479,50
703,40	3530,70
703,59	3520,46
703,78	3416,01
703,98	3407,82
704,17	3401,68
704,36	3430,35
704,56	3557,32
704,75	3323,85
704,94	3375,05
705,14	3434,44
705,33	3416,01
705,52	3446,73
705,72	3379,15
705,91	3268,56
706,10	3473,36
706,30	3379,15
706,49	3348,43
706,68	3448,78
706,88	3499,98
707,07	3311,57
707,26	3297,23
707,46	3397,58
707,65	3438,54
707,84	3239,89
708,04	3330,00
708,23	3276,75
708,42	3286,99
708,62	3315,66
708,81	3221,45
709,00	3385,29
709,19	3231,69
709,39	3330,00
709,58	3235,79
709,77	3284,94
709,97	3270,61
710,16	3330,00
710,35	3346,38
710,55	3188,69
710,74	3309,52
710,93	3149,78
711,12	3289,04
711,32	3237,84
711,51	3205,07
711,70	3041,23
711,90	3153,87
712,09	3192,78
712,28	3203,02
712,47	3071,95
712,67	3147,73
712,86	3213,26
713,05	3104,72
713,24	3180,50
713,44	3131,34
713,63	3151,82
713,82	3078,10
714,02	3143,63
714,21	3172,30
714,40	2965,46
714,59	3178,45
714,79	3049,43
714,98	3065,81
715,17	3162,06
715,36	2899,92
715,56	3092,43
715,75	2934,74
715,94	3106,77
716,13	3123,15
716,33	3030,99
716,52	2926,55
716,71	3061,71
716,90	3016,66
717,10	2889,68
717,29	2990,03
717,48	3039,19
717,67	2949,08
717,87	2996,18
718,06	2906,07
718,25	2922,45
718,44	2981,84
718,63	2951,12
718,83	2803,67
719,02	2828,24
719,21	2914,26
719,40	2904,02
719,60	2863,06
719,79	2820,05
719,98	2830,29
720,17	2834,39
720,36	2879,44
720,56	2840,53
720,75	2752,47
720,94	2754,52
721,13	2850,77
721,33	2789,33
721,52	2764,76
721,71	2858,96
721,90	2912,21
722,09	2803,67
722,29	2813,91
722,48	2875,35
722,67	2752,47
722,86	2822,10
723,05	2779,09
723,24	2805,72
723,44	2697,17
723,63	2754,52
723,82	2740,18
724,01	2684,89
724,20	2762,71
724,40	2682,84
724,59	2746,33
724,78	2658,26
724,97	2686,94
725,16	2809,81
725,35	2721,75
725,55	2652,12
725,74	2709,46
725,93	2869,20
726,12	2664,41
726,31	2836,44
726,51	2791,38
726,70	2727,89
726,89	2699,22
727,08	2578,39
727,27	2635,74
727,46	2625,50
727,65	2652,12
727,85	2744,28
728,04	2602,97
728,23	2566,10
728,42	2619,35
728,61	2652,12
728,80	2731,99
729,00	2635,74
729,19	2713,56
729,38	2703,32
729,57	2754,52
729,76	2531,29
729,95	2678,74
730,14	2596,82
730,33	2570,20
730,53	2512,86
730,72	2695,13
730,91	2535,39
731,10	2672,60
731,29	2723,80
731,48	2609,11
731,67	2525,15
731,86	2572,25
732,06	2568,15
732,25	2523,10
732,44	2562,01
732,63	2525,15
732,82	2656,22
733,01	2637,78
733,20	2568,15
733,39	2596,82
733,59	2482,14
733,78	2551,77
733,97	2590,68
734,16	2588,63
734,35	2545,63
734,54	2621,40
734,73	2506,71
734,92	2574,30
735,11	2531,29
735,30	2482,14
735,49	2668,50
735,69	2625,50
735,88	2625,50
736,07	2539,48
736,26	2449,37
736,45	2541,53
736,64	2519,00
736,83	2641,88
737,02	2566,10
737,21	2562,01
737,40	2449,37
737,59	2607,06
737,78	2365,40
737,98	2447,32
738,17	2432,99
738,36	2576,34
738,55	2400,22
738,74	2430,94
738,93	2570,20
739,12	2432,99
739,31	2484,19
739,50	2353,12
739,69	2508,76
739,88	2467,80
740,07	2426,84
740,26	2430,94
740,45	2525,15
740,64	2543,58
740,83	2299,87
741,02	2346,97
741,22	2498,52
741,41	2408,41
741,60	2568,15
741,79	2447,32
741,98	2398,17
742,17	2459,61
742,36	2426,84
742,55	2519,00
742,74	2562,01
742,93	2355,16
743,12	2385,88
743,31	2377,69
743,50	2392,03
743,69	2420,70
743,88	2410,46
744,07	2373,60
744,26	2562,01
744,45	2420,70
744,64	2461,66
744,83	2410,46
745,02	2330,59
745,21	2381,79
745,40	2299,87
745,59	2482,14
745,78	2291,68
745,97	2392,03
746,16	2447,32
746,35	2416,60
746,54	2340,83
746,73	2326,49
746,92	2340,83
747,11	2295,77
747,30	2312,16
747,49	2463,71
747,68	2369,50
747,87	2326,49
748,06	2357,21
748,25	2381,79
748,44	2279,39
748,63	2396,12
748,82	2293,72
749,01	2297,82
749,20	2158,56
749,39	2232,29
749,58	2334,68
749,77	2396,12
749,96	2289,63
750,15	2336,73
750,34	2297,82
750,53	2408,41
750,72	2363,36
750,91	2269,15
751,10	2281,44
751,29	2295,77
751,48	2170,85
751,67	2271,20
751,86	2351,07
752,04	2371,55
752,23	2232,29
752,42	2195,42
752,61	2303,96
752,80	2201,57
752,99	2299,87
753,18	2310,11
753,37	2273,25
753,56	2172,89
753,75	2289,63
753,94	2160,61
754,13	2297,82
754,32	2258,91
754,51	2172,89
754,70	2314,20
754,89	2283,49
755,08	2220,00
755,27	2181,09
755,45	2162,66
755,64	2224,09
755,83	2285,53
756,02	2191,33
756,21	2129,89
756,40	2211,81
756,59	2250,72
756,78	2213,85
756,97	2195,42
757,16	2232,29
757,35	2244,57
757,54	2129,89
757,72	2189,28
757,91	2140,13
758,10	2041,82
758,29	2111,46
758,48	2213,85
758,67	2068,45
758,86	2078,69
759,05	2084,83
759,24	2156,51
759,43	2115,55
759,61	2076,64
759,80	2037,73
759,99	2097,12
760,18	2054,11
760,37	2107,36
760,56	2011,11
760,75	2007,01
760,94	2033,63
761,13	2070,50
761,31	2166,75
761,50	2015,20
761,69	2080,74
761,88	2131,94
762,07	1902,56
762,26	2045,92
762,45	2056,16
762,64	2031,58
762,82	1990,63
763,01	2052,06
763,20	2058,21
763,39	1996,77
763,58	1994,72
763,77	1976,29
763,96	2035,68
764,14	2000,87
764,33	1982,43
764,52	1970,15
764,71	2160,61
764,90	2064,35
765,09	2062,30
765,27	2013,15
765,46	2047,97
765,65	2002,91
765,84	2011,11
766,03	2099,17
766,22	1998,82
766,41	2041,82
766,59	2025,44
766,78	2150,37
766,97	1980,39
767,16	2074,59
767,35	1966,05
767,54	2060,26
767,72	2101,22
767,91	2076,64
768,10	2097,12
768,29	2013,15
768,48	2090,98
768,66	2074,59
768,85	2011,11
769,04	2095,07
769,23	2050,02
769,42	2076,64
769,61	2023,39
769,79	2088,93
769,98	2111,46
770,17	2058,21
770,36	2205,66
770,55	2029,54
770,73	1998,82
770,92	2054,11
771,11	2093,02
771,30	1943,52
771,49	2076,64
771,67	2164,70
771,86	2033,63
772,05	2007,01
772,24	2093,02
772,42	2031,58
772,61	2101,22
772,80	2066,40
772,99	2004,96
773,18	2093,02
773,36	2019,30
773,55	1953,76
773,74	1990,63
773,93	2099,17
774,11	1949,67
774,30	2152,42
774,49	1912,80
774,68	1955,81
774,87	2011,11
775,05	2035,68
775,24	1974,24
775,43	2062,30
775,62	2025,44
775,80	2035,68
775,99	2000,87
776,18	2097,12
776,37	2023,39
776,55	2045,92
776,74	2035,68
776,93	2037,73
777,12	1982,43
777,30	1986,53
777,49	1931,23
777,68	1998,82
777,87	1927,14
778,05	2002,91
778,24	2015,20
778,43	2054,11
778,62	1933,28
778,80	1996,77
778,99	2111,46
779,18	1959,91
779,36	1976,29
779,55	1910,75
779,74	1986,53
779,93	2035,68
780,11	2070,50
780,30	1978,34
780,49	1966,05
780,68	2050,02
780,86	2002,91
781,05	1982,43
781,24	1955,81
781,42	1978,34
781,61	1961,95
781,80	1933,28
781,98	2007,01
782,17	2033,63
782,36	1943,52
782,55	1968,10
782,73	1886,18
782,92	2015,20
783,11	1961,95
783,29	1935,33
783,48	1933,28
783,67	1976,29
783,85	1923,04
784,04	1974,24
784,23	1970,15
784,42	1927,14
784,60	1912,80
784,79	2097,12
784,98	1957,86
785,16	1931,23
785,35	1865,70
785,54	1996,77
785,72	2066,40
785,91	1931,23
786,10	1920,99
786,28	1994,72
786,47	1929,19
786,66	1968,10
786,84	1943,52
787,03	1988,58
787,22	1873,89
787,40	1828,84
787,59	1980,39
787,78	1933,28
787,96	1843,17
788,15	1904,61
788,34	1916,90
788,52	1974,24
788,71	1892,32
788,89	2011,11
789,08	1914,85
789,27	1966,05
789,45	1998,82
789,64	1912,80
789,83	1916,90
790,01	1896,42
790,20	1941,47
790,39	1945,57
790,57	1914,85
790,76	1853,41
790,95	1908,71
791,13	1896,42
791,32	1871,84
791,50	1964,00
791,69	1931,23
791,88	1925,09
792,06	2066,40
792,25	1886,18
792,43	1869,80
792,62	1980,39
792,81	1896,42
792,99	1843,17
793,18	1855,46
793,37	1925,09
793,55	1939,43
793,74	1882,08
793,92	1859,56
794,11	1933,28
794,30	1890,28
794,48	1847,27
794,67	1925,09
794,85	1861,60
795,04	1855,46
795,23	1970,15
795,41	1916,90
795,60	1884,13
795,78	1908,71
795,97	1920,99
796,15	1908,71
796,34	1957,86
796,53	1892,32
796,71	1953,76
796,90	1906,66
797,08	1769,44
797,27	1894,37
797,46	1906,66
797,64	1906,66
797,83	1925,09
798,01	1945,57
798,20	1961,95
798,38	1974,24
798,57	1787,88
798,76	1802,21
798,94	1796,07
799,13	1834,98
799,31	1890,28
799,50	1843,17
799,68	1839,08
799,87	1867,75
800,05	1861,60
800,24	1818,60
800,43	1783,78
800,61	1972,19
800,80	1918,95
800,98	1847,27
801,17	1818,60
801,35	1806,31
801,54	1861,60
801,72	1826,79
801,91	1914,85
802,09	1867,75
802,28	1818,60
802,46	1900,52
802,65	1863,65
802,84	1914,85
803,02	1859,56
803,21	1894,37
803,39	1818,60
803,58	1925,09
803,76	1945,57
803,95	1855,46
804,13	1775,59
804,32	1761,25
804,50	1920,99
804,69	2000,87
804,87	1808,36
805,06	1884,13
805,24	1982,43
805,43	1912,80
805,61	1859,56
805,80	1910,75
805,98	1810,40
806,17	1843,17
806,35	1703,91
806,54	1861,60
806,72	1851,36
806,91	1847,27
807,09	1800,16
807,28	1841,12
807,46	1898,47
807,65	1937,38
807,83	1767,40
808,02	1849,32
808,20	1923,04
808,39	1814,50
808,57	1914,85
808,76	1855,46
808,94	1867,75
809,13	1804,26
809,31	1757,16
809,49	1798,12
809,68	1781,73
809,86	1859,56
810,05	1857,51
810,23	1830,88
810,42	1843,17
810,60	1888,23
810,79	1824,74
810,97	1748,97
811,16	1851,36
811,34	1783,78
811,53	1822,69
811,71	1808,36
811,89	1804,26
812,08	1808,36
812,26	1775,59
812,45	1822,69
812,63	1748,97
812,82	1880,04
813,00	1814,50
813,19	1814,50
813,37	1851,36
813,55	1724,39
813,74	1705,96
813,92	1882,08
814,11	1763,30
814,29	1693,67
814,48	1837,03
814,66	1855,46
814,84	1826,79
815,03	1699,81
815,21	1855,46
815,40	1781,73
815,58	1832,93
815,77	1763,30
815,95	1863,65
816,13	1679,33
816,32	1845,22
816,50	1894,37
816,69	1732,58
816,87	1777,64
817,05	1746,92
817,24	1832,93
817,42	1708,01
817,61	1744,87
817,79	1771,49
817,97	1695,72
818,16	1726,44
818,34	1894,37
818,53	1771,49
818,71	1755,11
818,89	1712,10
819,08	1802,21
819,26	1816,55
819,45	1763,30
819,63	1779,68
819,81	1794,02
820,00	1867,75
820,18	1681,38
820,36	1828,84
820,55	1714,15
820,73	1667,05
820,92	1693,67
821,10	1712,10
821,28	1794,02
821,47	1824,74
821,65	1781,73
821,83	1877,99
822,02	1687,53
822,20	1699,81
822,39	1675,24
822,57	1755,11
822,75	1724,39
822,94	1746,92
823,12	1791,97
823,30	1634,28
823,49	1837,03
823,67	1738,73
823,85	1847,27
824,04	1665,00
824,22	1708,01
824,40	1853,41
824,59	1857,51
824,77	1773,54
824,95	1755,11
825,14	1771,49
825,32	1783,78
825,50	1744,87
825,69	1746,92
825,87	1861,60
826,05	1728,49
826,24	1781,73
826,42	1769,44
826,60	1892,32
826,79	1722,34
826,97	1705,96
827,15	1728,49
827,34	1767,40
827,52	1689,57
827,70	1714,15
827,89	1650,66
828,07	1740,77
828,25	1751,01
828,44	1800,16
828,62	1722,34
828,80	1845,22
828,98	1740,77
829,17	1769,44
829,35	1755,11
829,53	1724,39
829,72	1763,30
829,90	1740,77
830,08	1751,01
830,27	1830,88
830,45	1820,64
830,63	1818,60
830,81	1671,14
831,00	1777,64
831,18	1753,06
831,36	1728,49
831,55	1642,47
831,73	1634,28
831,91	1712,10
832,09	1787,88
832,28	1820,64
832,46	1722,34
832,64	1822,69
832,82	1658,85
833,01	1789,92
833,19	1728,49
833,37	1697,77
833,55	1732,58
833,74	1773,54
833,92	1667,05
834,10	1642,47
834,29	1693,67
834,47	1693,67
834,65	1744,87
834,83	1626,09
835,02	1705,96
835,20	1767,40
835,38	1691,62
835,56	1738,73
835,75	1765,35
835,93	1718,25
836,11	1724,39
836,29	1642,47
836,47	1744,87
836,66	1669,09
836,84	1853,41
837,02	1671,14
837,20	1718,25
837,39	1822,69
837,57	1736,68
837,75	1779,68
837,93	1744,87
838,12	1669,09
838,30	1665,00
838,48	1708,01
838,66	1761,25
838,84	1724,39
839,03	1855,46
839,21	1669,09
839,39	1734,63
839,57	1812,45
839,75	1843,17
839,94	1683,43
840,12	1671,14
840,30	1691,62
840,48	1765,35
840,66	1755,11
840,85	1697,77
841,03	1699,81
841,21	1771,49
841,39	1775,59
841,57	1724,39
841,76	1658,85
841,94	1839,08
842,12	1816,55
842,30	1761,25
842,48	1761,25
842,67	1720,29
842,85	1714,15
843,03	1775,59
843,21	1761,25
843,39	1804,26
843,57	1703,91
843,76	1742,82
843,94	1677,29
844,12	1703,91
844,30	1613,80
844,48	1691,62
844,66	1812,45
844,85	1714,15
845,03	1722,34
845,21	1746,92
845,39	1830,88
845,57	1697,77
845,75	1669,09
845,94	1775,59
846,12	1699,81
846,30	1806,31
846,48	1720,29
846,66	1671,14
846,84	1630,18
847,02	1712,10
847,21	1703,91
847,39	1710,05
847,57	1757,16
847,75	1722,34
847,93	1667,05
848,11	1673,19
848,29	1724,39
848,48	1640,42
848,66	1742,82
848,84	1748,97
849,02	1642,47
849,20	1712,10
849,38	1708,01
849,56	1712,10
849,74	1753,06
849,93	1818,60
850,11	1675,24
850,29	1738,73
850,47	1689,57
850,65	1669,09
850,83	1576,94
851,01	1753,06
851,19	1697,77
851,37	1634,28
851,56	1722,34
851,74	1691,62
851,92	1662,95
852,10	1697,77
852,28	1720,29
852,46	1705,96
852,64	1669,09
852,82	1720,29
853,00	1665,00
853,18	1691,62
853,37	1718,25
853,55	1734,63
853,73	1748,97
853,91	1730,53
854,09	1675,24
854,27	1736,68
854,45	1753,06
854,63	1712,10
854,81	1648,61
854,99	1650,66
855,17	1675,24
855,35	1665,00
855,53	1718,25
855,72	1673,19
855,90	1761,25
856,08	1726,44
856,26	1630,18
856,44	1851,36
856,62	1636,33
856,80	1595,37
856,98	1667,05
857,16	1683,43
857,34	1716,20
857,52	1712,10
857,70	1775,59
857,88	1669,09
858,06	1697,77
858,24	1695,72
858,42	1765,35
858,60	1679,33
858,78	1638,38
858,96	1636,33
859,15	1646,57
859,33	1626,09
859,51	1697,77
859,69	1697,77
859,87	1714,15
860,05	1679,33
860,23	1740,77
860,41	1683,43
860,59	1716,20
860,77	1755,11
860,95	1703,91
861,13	1681,38
861,31	1667,05
861,49	1683,43
861,67	1732,58
861,85	1791,97
862,03	1734,63
862,21	1693,67
862,39	1652,71
862,57	1712,10
862,75	1679,33
862,93	1738,73
863,11	1771,49
863,29	1525,74
863,47	1681,38
863,65	1777,64
863,83	1644,52
864,01	1736,68
864,19	1695,72
864,37	1673,19
864,55	1716,20
864,73	1677,29
864,91	1759,21
865,09	1761,25
865,27	1667,05
865,45	1681,38
865,63	1685,48
865,81	1638,38
865,99	1728,49
866,17	1708,01
866,35	1583,08
866,53	1730,53
866,71	1650,66
866,89	1691,62
867,07	1658,85
867,24	1628,14
867,42	1712,10
867,60	1667,05
867,78	1736,68
867,96	1624,04
868,14	1779,68
868,32	1755,11
868,50	1681,38
868,68	1630,18
868,86	1748,97
869,04	1697,77
869,22	1650,66
869,40	1681,38
869,58	1695,72
869,76	1585,13
869,94	1624,04
870,12	1621,99
870,30	1712,10
870,48	1769,44
870,66	1632,23
870,83	1628,14
871,01	1740,77
871,19	1546,22
871,37	1603,56
871,55	1609,70
871,73	1613,80
871,91	1728,49
872,09	1740,77
872,27	1607,66
872,45	1556,46
872,63	1542,12
872,81	1609,70
872,98	1654,76
873,16	1726,44
873,34	1615,85
873,52	1660,90
873,70	1621,99
873,88	1755,11
874,06	1574,89
874,24	1632,23
874,42	1552,36
874,60	1654,76
874,78	1626,09
874,95	1667,05
875,13	1626,09
875,31	1628,14
875,49	1718,25
875,67	1656,81
875,85	1581,03
876,03	1634,28
876,21	1726,44
876,39	1603,56
876,56	1611,75
876,74	1550,31
876,92	1531,88
877,10	1722,34
877,28	1650,66
877,46	1628,14
877,64	1650,66
877,82	1693,67
877,99	1662,95
878,17	1677,29
878,35	1665,00
878,53	1662,95
878,71	1640,42
878,89	1630,18
879,07	1693,67
879,24	1675,24
879,42	1744,87
879,60	1703,91
879,78	1738,73
879,96	1546,22
880,14	1681,38
880,32	1552,36
880,49	1626,09
880,67	1699,81
880,85	1658,85
881,03	1601,51
881,21	1687,53
881,39	1628,14
881,56	1650,66
881,74	1667,05
881,92	1591,27
882,10	1591,27
882,28	1703,91
882,46	1695,72
882,63	1634,28
882,81	1535,98
882,99	1624,04
883,17	1720,29
883,35	1703,91
883,52	1708,01
883,70	1681,38
883,88	1619,94
884,06	1703,91
884,24	1662,95
884,42	1796,07
884,59	1683,43
884,77	1689,57
884,95	1654,76
885,13	1626,09
885,31	1550,31
885,48	1695,72
885,66	1701,86
885,84	1765,35
886,02	1710,05
886,20	1722,34
886,37	1728,49
886,55	1671,14
886,73	1685,48
886,91	1660,90
887,08	1646,57
887,26	1744,87
887,44	1710,05
887,62	1634,28
887,80	1699,81
887,97	1638,38
888,15	1701,86
888,33	1583,08
888,51	1669,09
888,68	1710,05
888,86	1642,47
889,04	1542,12
889,22	1765,35
889,40	1667,05
889,57	1636,33
889,75	1710,05
889,93	1656,81
890,11	1677,29
890,28	1714,15
890,46	1689,57
890,64	1683,43
890,82	1757,16
890,99	1730,53
891,17	1574,89
891,35	1677,29
891,53	1650,66
891,70	1562,60
891,88	1632,23
892,06	1652,71
892,24	1630,18
892,41	1628,14
892,59	1632,23
892,77	1613,80
892,94	1642,47
893,12	1634,28
893,30	1617,90
893,48	1695,72
893,65	1695,72
893,83	1656,81
894,01	1626,09
894,19	1634,28
894,36	1800,16
894,54	1658,85
894,72	1640,42
894,89	1636,33
895,07	1611,75
895,25	1630,18
895,43	1585,13
895,60	1679,33
895,78	1720,29
895,96	1632,23
896,13	1689,57
896,31	1687,53
896,49	1642,47
896,66	1570,79
896,84	1624,04
897,02	1683,43
897,20	1691,62
897,37	1595,37
897,55	1638,38
897,73	1726,44
897,90	1644,52
898,08	1708,01
898,26	1685,48
898,43	1591,27
898,61	1624,04
898,79	1581,03
898,96	1619,94
899,14	1609,70
899,32	1648,61
899,49	1671,14
899,67	1609,70
899,85	1630,18
900,02	1763,30
900,20	1603,56
900,38	1628,14
900,55	1757,16
900,73	1796,07
900,91	1560,55
901,08	1683,43
901,26	1630,18
901,44	1632,23
901,61	1638,38
901,79	1656,81
901,97	1683,43
902,14	1630,18
902,32	1642,47
902,50	1611,75
902,67	1636,33
902,85	1640,42
903,02	1654,76
903,20	1572,84
903,38	1640,42
903,55	1593,32
903,73	1648,61
903,91	1611,75
904,08	1734,63
904,26	1617,90
904,44	1736,68
904,61	1550,31
904,79	1621,99
904,96	1656,81
905,14	1603,56
905,32	1636,33
905,49	1638,38
905,67	1665,00
905,84	1587,18
906,02	1679,33
906,20	1566,70
906,37	1798,12
906,55	1630,18
906,73	1599,46
906,90	1624,04
907,08	1656,81
907,25	1677,29
907,43	1705,96
907,61	1591,27
907,78	1578,98
907,96	1611,75
908,13	1679,33
908,31	1753,06
908,48	1538,02
908,66	1714,15
908,84	1626,09
909,01	1685,48
909,19	1632,23
909,36	1587,18
909,54	1595,37
909,72	1585,13
909,89	1548,26
910,07	1546,22
910,24	1781,73
910,42	1671,14
910,59	1578,98
910,77	1630,18
910,95	1556,46
911,12	1626,09
911,30	1613,80
911,47	1601,51
911,65	1654,76
911,82	1566,70
912,00	1679,33
912,17	1531,88
912,35	1599,46
912,53	1677,29
912,70	1619,94
912,88	1589,22
913,05	1568,74
913,23	1644,52
913,40	1609,70
913,58	1564,65
913,75	1640,42
913,93	1527,78
914,10	1665,00
914,28	1626,09
914,46	1587,18
914,63	1583,08
914,81	1689,57
914,98	1587,18
915,16	1638,38
915,33	1603,56
915,51	1681,38
915,68	1703,91
915,86	1644,52
916,03	1531,88
916,21	1550,31
916,38	1617,90
916,56	1617,90
916,73	1626,09
916,91	1597,42
917,08	1560,55
917,26	1638,38
917,43	1675,24
917,61	1552,36
917,78	1673,19
917,96	1568,74
918,13	1601,51
918,31	1597,42
918,48	1581,03
918,66	1548,26
918,83	1732,58
919,01	1589,22
919,18	1609,70
919,36	1591,27
919,53	1714,15
919,71	1763,30
919,88	1689,57
920,06	1609,70
920,23	1576,94
920,41	1560,55
920,58	1611,75
920,76	1558,50
920,93	1693,67
921,11	1632,23
921,28	1581,03
921,45	1744,87
921,63	1615,85
921,80	1562,60
921,98	1570,79
922,15	1527,78
922,33	1550,31
922,50	1650,66
922,68	1619,94
922,85	1538,02
923,03	1605,61
923,20	1716,20
923,38	1628,14
923,55	1654,76
923,72	1554,41
923,90	1869,80
924,07	1560,55
924,25	1675,24
924,42	1759,21
924,60	1583,08
924,77	1593,32
924,95	1687,53
925,12	1665,00
925,29	1697,77
925,47	1595,37
925,64	1558,50
925,82	1636,33
925,99	1564,65
926,17	1679,33
926,34	1552,36
926,51	1652,71
926,69	1654,76
926,86	1699,81
927,04	1628,14
927,21	1650,66
927,38	1570,79
927,56	1511,40
927,73	1701,86
927,91	1566,70
928,08	1820,64
928,25	1523,69
928,43	1628,14
928,60	1640,42
928,78	1572,84
928,95	1515,50
929,12	1626,09
929,30	1597,42
929,47	1650,66
929,65	1476,59
929,82	1581,03
929,99	1640,42
930,17	1523,69
930,34	1595,37
930,52	1542,12
930,69	1585,13
930,86	1591,27
931,04	1630,18
931,21	1556,46
931,38	1671,14
931,56	1578,98
931,73	1615,85
931,91	1615,85
932,08	1644,52
932,25	1720,29
932,43	1587,18
932,60	1605,61
932,77	1576,94
932,95	1578,98
933,12	1589,22
933,29	1562,60
933,47	1652,71
933,64	1587,18
933,82	1566,70
933,99	1601,51
934,16	1628,14
934,34	1591,27
934,51	1515,50
934,68	1630,18
934,86	1652,71
935,03	1576,94
935,20	1495,02
935,38	1533,93
935,55	1601,51
935,72	1589,22
935,90	1564,65
936,07	1591,27
936,24	1538,02
936,42	1630,18
936,59	1605,61
936,76	1632,23
936,94	1525,74
937,11	1581,03
937,28	1624,04
937,46	1562,60
937,63	1609,70
937,80	1585,13
937,97	1732,58
938,15	1585,13
938,32	1572,84
938,49	1671,14
938,67	1581,03
938,84	1646,57
939,01	1527,78
939,19	1503,21
939,36	1638,38
939,53	1615,85
939,70	1613,80
939,88	1564,65
940,05	1691,62
940,22	1615,85
940,40	1650,66
940,57	1626,09
940,74	1560,55
940,92	1554,41
941,09	1554,41
941,26	1546,22
941,43	1626,09
941,61	1538,02
941,78	1529,83
941,95	1650,66
942,12	1533,93
942,30	1558,50
942,47	1654,76
942,64	1525,74
942,82	1671,14
942,99	1732,58
943,16	1538,02
943,33	1578,98
943,51	1589,22
943,68	1669,09
943,85	1626,09
944,02	1550,31
944,20	1558,50
944,37	1497,07
944,54	1605,61
944,71	1665,00
944,89	1568,74
945,06	1525,74
945,23	1574,89
945,40	1603,56
945,58	1638,38
945,75	1601,51
945,92	1675,24
946,09	1587,18
946,27	1521,64
946,44	1544,17
946,61	1677,29
946,78	1523,69
946,95	1581,03
947,13	1556,46
947,30	1527,78
947,47	1523,69
947,64	1523,69
947,82	1523,69
947,99	1552,36
948,16	1583,08
948,33	1638,38
948,50	1564,65
948,68	1617,90
948,85	1593,32
949,02	1617,90
949,19	1626,09
949,36	1642,47
949,54	1626,09
949,71	1597,42
949,88	1581,03
950,05	1599,46
950,22	1515,50
950,40	1587,18
950,57	1548,26
950,74	1675,24
950,91	1605,61
951,08	1617,90
951,26	1607,66
951,43	1609,70
951,60	1605,61
951,77	1679,33
951,94	1679,33
952,11	1624,04
952,29	1703,91
952,46	1531,88
952,63	1665,00
952,80	1615,85
952,97	1628,14
953,15	1714,15
953,32	1556,46
953,49	1572,84
953,66	1605,61
953,83	1538,02
954,00	1542,12
954,17	1466,35
954,35	1736,68
954,52	1546,22
954,69	1636,33
954,86	1619,94
955,03	1613,80
955,20	1613,80
955,38	1617,90
955,55	1560,55
955,72	1556,46
955,89	1544,17
956,06	1581,03
956,23	1492,97
956,40	1621,99
956,58	1576,94
956,75	1513,45
956,92	1564,65
957,09	1628,14
957,26	1513,45
957,43	1540,07
957,60	1595,37
957,77	1556,46
957,95	1523,69
958,12	1585,13
958,29	1572,84
958,46	1667,05
958,63	1542,12
958,80	1568,74
958,97	1726,44
959,14	1593,32
959,31	1601,51
959,49	1621,99
959,66	1581,03
959,83	1495,02
960,00	1570,79
960,17	1646,57
960,34	1683,43
960,51	1603,56
960,68	1564,65
960,85	1630,18
961,02	1513,45
961,20	1630,18
961,37	1560,55
961,54	1615,85
961,71	1587,18
961,88	1650,66
962,05	1497,07
962,22	1681,38
962,39	1564,65
962,56	1495,02
962,73	1619,94
962,90	1546,22
963,07	1603,56
963,24	1593,32
963,42	1499,11
963,59	1701,86
963,76	1574,89
963,93	1728,49
964,10	1591,27
964,27	1662,95
964,44	1599,46
964,61	1593,32
964,78	1568,74
964,95	1564,65
965,12	1646,57
965,29	1685,48
965,46	1589,22
965,63	1689,57
965,80	1615,85
965,97	1509,35
966,14	1568,74
966,31	1546,22
966,48	1621,99
966,66	1593,32
966,83	1644,52
967,00	1558,50
967,17	1632,23
967,34	1611,75
967,51	1630,18
967,68	1605,61
967,85	1589,22
968,02	1736,68
968,19	1548,26
968,36	1634,28
968,53	1581,03
968,70	1609,70
968,87	1533,93
969,04	1671,14
969,21	1552,36
969,38	1687,53
969,55	1550,31
969,72	1564,65
969,89	1626,09
970,06	1642,47
970,23	1515,50
970,40	1644,52
970,57	1521,64
970,74	1628,14
970,91	1533,93
971,08	1581,03
971,25	1542,12
971,42	1603,56
971,59	1589,22
971,76	1619,94
971,93	1671,14
972,10	1558,50
972,27	1578,98
972,44	1525,74
972,61	1583,08
972,78	1523,69
972,95	1624,04
973,12	1732,58
973,29	1583,08
973,46	1626,09
973,63	1568,74
973,80	1662,95
973,97	1546,22
974,14	1619,94
974,30	1599,46
974,47	1615,85
974,64	1597,42
974,81	1638,38
974,98	1771,49
975,15	1624,04
975,32	1609,70
975,49	1568,74
975,66	1542,12
975,83	1650,66
976,00	1671,14
976,17	1540,07
976,34	1599,46
976,51	1611,75
976,68	1576,94
976,85	1597,42
977,02	1669,09
977,19	1634,28
977,36	1535,98
977,52	1724,39
977,69	1632,23
977,86	1695,72
978,03	1515,50
978,20	1634,28
978,37	1568,74
978,54	1722,34
978,71	1665,00
978,88	1712,10
979,05	1486,83
979,22	1548,26
979,39	1708,01
979,56	1617,90
979,72	1486,83
979,89	1667,05
980,06	1671,14
980,23	1685,48
980,40	1599,46
980,57	1595,37
980,74	1525,74
980,91	1538,02
981,08	1624,04
981,25	1648,61
981,41	1542,12
981,58	1558,50
981,75	1529,83
981,92	1630,18
982,09	1667,05
982,26	1456,11
982,43	1515,50
982,60	1691,62
982,77	1636,33
982,93	1550,31
983,10	1521,64
983,27	1591,27
983,44	1589,22
983,61	1693,67
983,78	1593,32
983,95	1556,46
984,11	1527,78
984,28	1665,00
984,45	1517,54
984,62	1533,93
984,79	1609,70
984,96	1609,70
985,13	1515,50
985,30	1574,89
985,46	1490,92
985,63	1574,89
985,80	1675,24
985,97	1540,07
986,14	1454,06
986,31	1642,47
986,47	1601,51
986,64	1521,64
986,81	1597,42
986,98	1568,74
987,15	1554,41
987,32	1587,18
987,48	1583,08
987,65	1621,99
987,82	1638,38
987,99	1628,14
988,16	2023,39
988,33	1740,77
988,49	1636,33
988,66	1593,32
988,83	1587,18
989,00	1648,61
989,17	1503,21
989,34	1679,33
989,50	1587,18
989,67	1515,50
989,84	1478,63
990,01	1605,61
990,18	1628,14
990,34	1605,61
990,51	1574,89
990,68	1558,50
990,85	1685,48
991,02	1593,32
991,18	1542,12
991,35	1597,42
991,52	1658,85
991,69	1544,17
991,86	1624,04
992,02	1576,94
992,19	1505,26
992,36	1562,60
992,53	1599,46
992,69	1564,65
992,86	1605,61
993,03	1626,09
993,20	1525,74
993,37	1658,85
993,53	1570,79
993,70	1587,18
993,87	1552,36
994,04	1570,79
994,20	1560,55
994,37	1665,00
994,54	1560,55
994,71	1589,22
994,87	1699,81
995,04	1599,46
995,21	1540,07
995,38	1439,72
995,55	1497,07
995,71	1497,07
995,88	1548,26
996,05	1611,75
996,22	1628,14
996,38	1615,85
996,55	1507,30
996,72	1556,46
996,88	1785,83
997,05	2523,10
997,22	1630,18
997,39	1560,55
997,55	1552,36
997,72	1611,75
997,89	1585,13
998,06	1556,46
998,22	1652,71
998,39	1554,41
998,56	1552,36
998,73	1570,79
998,89	1585,13
999,06	1593,32
999,23	1669,09
999,39	1626,09
999,56	1566,70
999,73	1511,40
999,90	1468,39
1000,06	1660,90
1000,23	1609,70
1000,40	1646,57
1000,56	1648,61
1000,73	1533,93
1000,90	1576,94
1001,06	1648,61
1001,23	1503,21
1001,40	1636,33
1001,57	1585,13
1001,73	1630,18
1001,90	1525,74
1002,07	1548,26
1002,23	1578,98
1002,40	1593,32
1002,57	1535,98
1002,73	1548,26
1002,90	1538,02
1003,07	1597,42
1003,23	1458,15
1003,40	1572,84
1003,57	1521,64
1003,73	1527,78
1003,90	1613,80
1004,07	1521,64
1004,23	1615,85
1004,40	1640,42
1004,57	1523,69
1004,73	1454,06
1004,90	1603,56
1005,07	1667,05
1005,23	1562,60
1005,40	1585,13
1005,57	1581,03
1005,73	1636,33
1005,90	1521,64
1006,07	1660,90
1006,23	1609,70
1006,40	1566,70
1006,57	1562,60
1006,73	1630,18
1006,90	1535,98
1007,06	1593,32
1007,23	1587,18
1007,40	1558,50
1007,56	1572,84
1007,73	1583,08
1007,90	1572,84
1008,06	1621,99
1008,23	1665,00
1008,40	1640,42
1008,56	1560,55
1008,73	1581,03
1008,89	1533,93
1009,06	1624,04
1009,23	1605,61
1009,39	1562,60
1009,56	1564,65
1009,72	1646,57
1009,89	1525,74
1010,06	1607,66
1010,22	1558,50
1010,39	1531,88
1010,55	1509,35
1010,72	1566,70
1010,89	1546,22
1011,05	1626,09
1011,22	1560,55
1011,38	1576,94
1011,55	1554,41
1011,72	1552,36
1011,88	1550,31
1012,05	1570,79
1012,21	1605,61
1012,38	1550,31
1012,55	1638,38
1012,71	1472,49
1012,88	1650,66
1013,04	1550,31
1013,21	1476,59
1013,37	1654,76
1013,54	1558,50
1013,71	1585,13
1013,87	1640,42
1014,04	1660,90
1014,20	1665,00
1014,37	1595,37
1014,53	1542,12
1014,70	1570,79
1014,87	1558,50
1015,03	1675,24
1015,20	1562,60
1015,36	1617,90
1015,53	1546,22
1015,69	1578,98
1015,86	1628,14
1016,02	1548,26
1016,19	1724,39
1016,36	1540,07
1016,52	1552,36
1016,69	1644,52
1016,85	1562,60
1017,02	1615,85
1017,18	1542,12
1017,35	1640,42
1017,51	1585,13
1017,68	1673,19
1017,84	1593,32
1018,01	1525,74
1018,17	1687,53
1018,34	1685,48
1018,50	1572,84
1018,67	1499,11
1018,84	1677,29
1019,00	1546,22
1019,17	1652,71
1019,33	1554,41
1019,50	1654,76
1019,66	1613,80
1019,83	1542,12
1019,99	1552,36
1020,16	1523,69
1020,32	1556,46
1020,49	1587,18
1020,65	1593,32
1020,82	1624,04
1020,98	1683,43
1021,15	1587,18
1021,31	1607,66
1021,48	1599,46
1021,64	1521,64
1021,81	1632,23
1021,97	1556,46
1022,14	1603,56
1022,30	1644,52
1022,47	1574,89
1022,63	1589,22
1022,79	1652,71
1022,96	1564,65
1023,12	1595,37
1023,29	1550,31
1023,45	1650,66
1023,62	1611,75
1023,78	1615,85
1023,95	1552,36
1024,11	1548,26
1024,28	1587,18
1024,44	1583,08
1024,61	1515,50
1024,77	1507,30
1024,94	1517,54
1025,10	1572,84
1025,26	1517,54
1025,43	1603,56
1025,59	1589,22
1025,76	1605,61
1025,92	1613,80
1026,09	1503,21
1026,25	1765,35
1026,42	1572,84
1026,58	1538,02
1026,74	1714,15
1026,91	1593,32
1027,07	1538,02
1027,24	1689,57
1027,40	1552,36
1027,57	1613,80
1027,73	1564,65
1027,90	1634,28
1028,06	1607,66
1028,22	1583,08
1028,39	1564,65
1028,55	1662,95
1028,72	1630,18
1028,88	1736,68
1029,04	1624,04
1029,21	1585,13
1029,37	1556,46
1029,54	1624,04
1029,70	1546,22
1029,87	1525,74
1030,03	1513,45
1030,19	1671,14
1030,36	1509,35
1030,52	1595,37
1030,69	1626,09
1030,85	1497,07
1031,01	1644,52
1031,18	1574,89
1031,34	1578,98
1031,50	1560,55
1031,67	1556,46
1031,83	1646,57
1032,00	1552,36
1032,16	1587,18
1032,32	1593,32
1032,49	1621,99
1032,65	1636,33
1032,82	1683,43
1032,98	1589,22
1033,14	1548,26
1033,31	1615,85
1033,47	1681,38
1033,63	1617,90
1033,80	1621,99
1033,96	1499,11
1034,13	1636,33
1034,29	1689,57
1034,45	1626,09
1034,62	1599,46
1034,78	1630,18
1034,94	1552,36
1035,11	1658,85
1035,27	1585,13
1035,43	1646,57
1035,60	1654,76
1035,76	1540,07
1035,92	1544,17
1036,09	1581,03
1036,25	1636,33
1036,41	1611,75
1036,58	1673,19
1036,74	1691,62
1036,90	1511,40
1037,07	1669,09
1037,23	1560,55
1037,39	1708,01
1037,56	1562,60
1037,72	1634,28
1037,88	1605,61
1038,05	1523,69
1038,21	1568,74
1038,37	1650,66
1038,54	1556,46
1038,70	1650,66
1038,86	1607,66
1039,03	1601,51
1039,19	1560,55
1039,35	1529,83
1039,52	1523,69
1039,68	1595,37
1039,84	1535,98
1040,00	1642,47
1040,17	1636,33
1040,33	1583,08
1040,49	1578,98
1040,66	1642,47
1040,82	1546,22
1040,98	1589,22
1041,15	1556,46
1041,31	1589,22
1041,47	1560,55
1041,63	1523,69
1041,80	1576,94
1041,96	1662,95
1042,12	1550,31
1042,29	1591,27
1042,45	1650,66
1042,61	1542,12
1042,77	1578,98
1042,94	1568,74
1043,10	1796,07
1043,26	1515,50
1043,42	1550,31
1043,59	1609,70
1043,75	1619,94
1043,91	1540,07
1044,07	1556,46
1044,24	1540,07
1044,40	1638,38
