345,22	1417,19
345,44	1417,19
345,66	1417,19
345,88	1441,77
346,10	1388,52
346,32	1523,69
346,54	1619,94
346,75	1601,51
346,97	1529,83
347,19	1595,37
347,41	1597,42
347,63	1562,60
347,85	1572,84
348,07	1540,07
348,29	1699,81
348,51	1595,37
348,73	1632,23
348,95	1585,13
349,16	1650,66
349,38	1550,31
349,60	1593,32
349,82	1617,90
350,04	1521,64
350,26	1640,42
350,48	1601,51
350,70	1652,71
350,92	1578,98
351,14	1695,72
351,35	1675,24
351,57	1644,52
351,79	1609,70
352,01	1478,63
352,23	1576,94
352,45	1675,24
352,67	1566,70
352,89	1626,09
353,10	1658,85
353,32	1591,27
353,54	1660,90
353,76	1617,90
353,98	1628,14
354,20	1644,52
354,42	1568,74
354,64	1691,62
354,85	1705,96
355,07	1576,94
355,29	1673,19
355,51	1632,23
355,73	1761,25
355,95	1619,94
356,17	1630,18
356,38	1626,09
356,60	1636,33
356,82	1626,09
357,04	1505,26
357,26	1564,65
357,48	1650,66
357,69	1531,88
357,91	1593,32
358,13	1638,38
358,35	1646,57
358,57	1658,85
358,79	1652,71
359,01	1675,24
359,22	1654,76
359,44	1687,53
359,66	1681,38
359,88	1548,26
360,10	1591,27
360,32	1505,26
360,53	1603,56
360,75	1671,14
360,97	1617,90
361,19	1654,76
361,41	1681,38
361,62	1724,39
361,84	1585,13
362,06	1595,37
362,28	1636,33
362,50	1705,96
362,72	1634,28
362,93	1554,41
363,15	1597,42
363,37	1546,22
363,59	1538,02
363,81	1497,07
364,02	1740,77
364,24	1617,90
364,46	1705,96
364,68	1552,36
364,90	1685,48
365,11	1685,48
365,33	1718,25
365,55	1601,51
365,77	1632,23
365,99	1540,07
366,20	1769,44
366,42	1673,19
366,64	1628,14
366,86	1599,46
367,07	1654,76
367,29	1621,99
367,51	1560,55
367,73	1615,85
367,95	1630,18
368,16	1699,81
368,38	1710,05
368,60	1636,33
368,82	1613,80
369,03	1740,77
369,25	1689,57
369,47	1564,65
369,69	1593,32
369,91	1621,99
370,12	1593,32
370,34	1587,18
370,56	1677,29
370,78	1621,99
370,99	1656,81
371,21	1703,91
371,43	1548,26
371,65	1574,89
371,86	1644,52
372,08	1634,28
372,30	1552,36
372,52	1691,62
372,73	1576,94
372,95	1675,24
373,17	1523,69
373,39	1599,46
373,60	1652,71
373,82	1654,76
374,04	1572,84
374,26	1595,37
374,47	1646,57
374,69	1628,14
374,91	1726,44
375,12	1667,05
375,34	1599,46
375,56	1615,85
375,78	1626,09
375,99	1624,04
376,21	1679,33
376,43	1599,46
376,65	1662,95
376,86	1640,42
377,08	1578,98
377,30	1683,43
377,51	1630,18
377,73	1583,08
377,95	1593,32
378,17	1634,28
378,38	1605,61
378,60	1671,14
378,82	1724,39
379,03	1683,43
379,25	1677,29
379,47	1703,91
379,68	1607,66
379,90	1521,64
380,12	1675,24
380,34	1671,14
380,55	1613,80
380,77	1652,71
380,99	1628,14
381,20	1710,05
381,42	1669,09
381,64	1462,25
381,85	1628,14
382,07	1662,95
382,29	1599,46
382,50	1744,87
382,72	1667,05
382,94	1665,00
383,15	1617,90
383,37	1609,70
383,59	1648,61
383,80	1558,50
384,02	1718,25
384,24	1595,37
384,45	1740,77
384,67	1638,38
384,89	1538,02
385,10	1605,61
385,32	1697,77
385,54	1593,32
385,75	1597,42
385,97	1689,57
386,19	1683,43
386,40	1652,71
386,62	1597,42
386,84	1673,19
387,05	1609,70
387,27	1644,52
387,49	1585,13
387,70	1662,95
387,92	1658,85
388,14	1480,68
388,35	1630,18
388,57	1599,46
388,79	1708,01
389,00	1531,88
389,22	1564,65
389,43	1609,70
389,65	1626,09
389,87	1714,15
390,08	1617,90
390,30	1644,52
390,52	1634,28
390,73	1716,20
390,95	1615,85
391,17	1613,80
391,38	1595,37
391,60	1689,57
391,81	1683,43
392,03	1576,94
392,25	1591,27
392,46	1509,35
392,68	1703,91
392,89	1552,36
393,11	1607,66
393,33	1701,86
393,54	1712,10
393,76	1665,00
393,98	1683,43
394,19	1597,42
394,41	1621,99
394,62	1607,66
394,84	1763,30
395,06	1583,08
395,27	1652,71
395,49	1601,51
395,70	1716,20
395,92	1621,99
396,13	1570,79
396,35	1673,19
396,57	1578,98
396,78	1568,74
397,00	1624,04
397,21	1675,24
397,43	1708,01
397,65	1673,19
397,86	1697,77
398,08	1669,09
398,29	1722,34
398,51	1640,42
398,72	1687,53
398,94	1773,54
399,16	1705,96
399,37	1652,71
399,59	1755,11
399,80	1650,66
400,02	1665,00
400,23	1728,49
400,45	1628,14
400,67	1656,81
400,88	1699,81
401,10	1591,27
401,31	1652,71
401,53	1638,38
401,74	1556,46
401,96	1599,46
402,17	1587,18
402,39	1638,38
402,61	1636,33
402,82	1654,76
403,04	1728,49
403,25	1681,38
403,47	1728,49
403,68	1648,61
403,90	1808,36
404,11	1638,38
404,33	1533,93
404,54	1744,87
404,76	1673,19
404,97	1703,91
405,19	1861,60
405,41	1665,00
405,62	1798,12
405,84	1609,70
406,05	1757,16
406,27	1642,47
406,48	1687,53
406,70	1669,09
406,91	1742,82
407,13	1624,04
407,34	1667,05
407,56	1814,50
407,77	1744,87
407,99	1712,10
408,20	1781,73
408,42	1597,42
408,63	1732,58
408,85	1632,23
409,06	1712,10
409,28	1918,95
409,49	1722,34
409,71	1712,10
409,92	1789,92
410,14	1757,16
410,35	1853,41
410,57	1687,53
410,78	1697,77
411,00	1742,82
411,21	1918,95
411,43	1783,78
411,64	1771,49
411,86	1742,82
412,07	1822,69
412,29	1697,77
412,50	1775,59
412,72	1783,78
412,93	1925,09
413,15	1732,58
413,36	1714,15
413,58	1834,98
413,79	1855,46
414,01	1851,36
414,22	1814,50
414,43	1859,56
414,65	1871,84
414,86	1853,41
415,08	1785,83
415,29	1972,19
415,51	1867,75
415,72	1834,98
415,94	1853,41
416,15	1980,39
416,37	1955,81
416,58	1886,18
416,80	1796,07
417,01	1851,36
417,22	1910,75
417,44	1951,71
417,65	1933,28
417,87	1910,75
418,08	2031,58
418,30	1927,14
418,51	1937,38
418,73	1980,39
418,94	2023,39
419,15	2019,30
419,37	2082,78
419,58	2031,58
419,80	2025,44
420,01	2037,73
420,23	2015,20
420,44	2105,31
420,65	2103,26
420,87	2170,85
421,08	2150,37
421,30	2148,32
421,51	2136,03
421,73	2088,93
421,94	2080,74
422,15	2211,81
422,37	2119,65
422,58	2140,13
422,80	2125,79
423,01	2256,86
423,22	2150,37
423,44	2103,26
423,65	2342,88
423,87	2279,39
424,08	2332,64
424,29	2324,44
424,51	2199,52
424,72	2355,16
424,94	2402,27
425,15	2346,97
425,36	2508,76
425,58	2365,40
425,79	2531,29
426,01	2459,61
426,22	2531,29
426,43	2562,01
426,65	2607,06
426,86	2613,21
427,08	2717,65
427,29	2592,73
427,50	2598,87
427,72	2668,50
427,93	2570,20
428,14	2713,56
428,36	2725,85
428,57	2879,44
428,79	2924,50
429,00	2789,33
429,21	2854,87
429,43	2906,07
429,64	3000,27
429,85	2926,55
430,07	3135,44
430,28	3037,14
430,49	3162,06
430,71	3037,14
430,92	3203,02
431,14	3233,74
431,35	3364,81
431,56	3256,27
431,78	3362,76
431,99	3516,36
432,20	3581,90
432,42	3583,95
432,63	3807,17
432,84	3598,28
433,06	3549,13
433,27	3665,86
433,48	4030,40
433,70	3837,89
433,91	3860,42
434,12	3864,52
434,34	4112,32
434,55	4077,51
434,76	4233,15
434,98	4272,06
435,19	4415,42
435,40	4329,41
435,62	4329,41
435,83	4571,07
436,04	4466,62
436,26	4671,42
436,47	4446,14
436,68	4624,31
436,90	4849,59
437,11	5021,62
437,32	4837,30
437,54	5109,68
437,75	5081,01
437,96	5359,53
438,17	5328,81
438,39	5224,37
438,60	5468,08
438,81	5492,65
439,03	5904,29
439,24	5928,87
439,45	6166,43
439,67	5873,57
439,88	6086,56
440,09	6111,14
440,30	6277,02
440,52	6186,91
440,73	6453,15
440,94	6619,04
441,16	6621,08
441,37	6838,17
441,58	6971,29
441,80	7344,02
442,01	7122,84
442,22	7380,88
442,43	7210,90
442,65	7604,11
442,86	7563,15
443,07	7804,81
443,28	7688,07
443,50	8267,65
443,71	8431,49
443,92	8157,06
444,14	8251,27
444,35	8867,70
444,56	8775,55
444,77	9254,77
444,99	8763,26
445,20	9117,56
445,41	9353,07
445,62	9678,70
445,84	9985,90
446,05	10170,21
446,26	10135,40
446,47	9901,93
446,69	9969,51
446,90	10862,43
447,11	10581,85
447,32	10415,97
447,54	10731,36
447,75	10749,79
447,96	10727,26
448,17	10790,75
448,39	11648,85
448,60	11044,70
448,81	11702,09
449,02	11542,35
449,23	11847,50
449,45	12615,49
449,66	11994,95
449,87	12146,50
450,08	12293,96
450,30	12119,88
450,51	13047,61
450,72	12609,34
450,93	13293,37
451,15	13029,18
451,36	12959,55
451,57	13090,62
451,78	12846,91
451,99	13821,74
452,21	14077,74
452,42	13469,49
452,63	13215,54
452,84	13129,53
453,05	13608,75
453,27	13735,73
453,48	13920,04
453,69	13471,54
453,90	14155,56
454,11	14055,21
454,33	13690,67
454,54	14130,98
454,75	14456,61
454,96	14446,37
455,17	13897,52
455,39	14128,94
455,60	14405,41
455,81	14815,01
456,02	13956,91
456,23	13864,75
456,45	14176,04
456,66	13504,31
456,87	13307,70
457,08	14296,87
457,29	14180,14
457,50	13530,93
457,72	13252,41
457,93	13330,23
458,14	14165,80
458,35	13854,51
458,56	13780,78
458,77	13250,36
458,99	13553,46
459,20	12969,79
459,41	13233,97
459,62	12281,67
459,83	13162,30
460,04	13209,40
460,26	13010,75
460,47	12357,44
460,68	12205,89
460,89	12148,55
461,10	12132,17
461,31	12455,75
461,52	11988,81
461,74	11872,07
461,95	11468,62
462,16	11798,35
462,37	11978,57
462,58	11446,10
462,79	11349,84
463,00	11487,06
463,22	11525,97
463,43	11140,95
463,64	10893,15
463,85	11038,55
464,06	11190,10
464,27	10708,83
464,48	10807,13
464,70	10862,43
464,91	10766,17
465,12	10987,35
465,33	11079,51
465,54	10807,13
465,75	10710,88
465,96	11040,60
466,17	10614,62
466,38	10540,90
466,60	10483,55
466,81	10354,53
467,02	10938,20
467,23	10467,17
467,44	10223,46
467,65	10188,64
467,86	10336,10
468,07	10774,36
468,28	10755,93
468,50	10297,19
468,71	10477,41
468,92	10381,15
469,13	10086,25
469,34	9963,37
469,55	10336,10
469,76	10579,81
469,97	10207,08
470,18	10407,78
470,39	10461,02
470,60	10284,90
470,82	10192,74
471,03	9918,31
471,24	10256,23
471,45	10127,21
471,66	10350,43
471,87	10256,23
472,08	10159,97
472,29	10010,47
472,50	10209,12
472,71	10323,81
472,92	10102,63
473,13	10030,95
473,34	10028,90
473,55	10114,92
473,77	10190,69
473,98	10319,71
474,19	10370,91
474,40	10080,10
474,61	10008,42
474,82	9910,12
475,03	9787,24
475,24	9588,59
475,45	9914,22
475,66	10088,29
475,87	9963,37
476,08	9840,49
476,29	9906,02
476,50	9865,07
476,71	10260,32
476,92	9928,55
477,13	9973,61
477,34	9924,46
477,55	9873,26
477,76	9977,70
477,97	9910,12
478,18	9805,67
478,40	9830,25
478,61	9697,13
478,82	9832,30
479,03	9852,78
479,24	9801,58
479,45	10076,01
479,66	9762,67
479,87	9793,39
480,08	9607,02
480,29	9922,41
480,50	9963,37
480,71	9897,83
480,92	10114,92
481,13	9828,20
481,34	9854,83
481,55	9707,37
481,76	10141,54
481,97	9973,61
482,18	9961,32
482,39	9916,26
482,60	9938,79
482,81	10129,25
483,02	10039,14
483,23	10229,60
483,44	9903,98
483,65	10129,25
483,86	10114,92
484,07	10225,51
484,28	10395,49
484,49	10162,02
484,70	10348,39
484,91	10452,83
485,12	10456,93
485,33	10284,90
485,54	10577,76
485,75	10655,58
485,96	10688,35
486,17	10631,01
486,38	10487,65
486,59	10649,44
486,80	10889,05
487,01	10667,87
487,21	10934,11
487,42	10993,50
487,63	11245,40
487,84	10794,84
488,05	11147,09
488,26	11206,48
488,47	11165,53
488,68	11353,94
488,89	11431,76
489,10	11380,56
489,31	11415,38
489,52	11435,86
489,73	11462,48
489,94	11677,52
490,15	11683,66
490,36	11966,28
490,57	11722,57
490,78	11700,05
490,99	11814,73
491,20	11847,50
491,41	12187,46
491,61	12357,44
491,82	12320,58
492,03	12052,30
492,24	12341,06
492,45	12068,68
492,66	12588,86
492,87	12494,66
493,08	12431,17
493,29	12463,94
493,50	12674,88
493,71	12902,20
493,92	12691,26
494,13	12904,25
494,34	12975,93
494,54	12943,16
494,75	13164,34
494,96	13647,66
495,17	13264,69
495,38	13502,26
495,59	13610,80
495,80	13502,26
496,01	13729,58
496,22	13623,09
496,43	13487,92
496,64	13758,25
496,84	13963,05
497,05	14087,98
497,26	14251,81
497,47	14169,90
497,68	14327,59
497,89	14597,92
498,10	14696,22
498,31	14554,91
498,52	14733,09
498,72	14882,59
498,93	15015,71
499,14	14919,45
499,35	15089,43
499,56	15202,07
499,77	15163,16
499,98	15470,36
500,19	15456,02
500,40	15435,54
500,60	15408,92
500,81	16002,83
501,02	15775,50
501,23	15927,05
501,44	16324,36
501,65	16447,24
501,86	16213,77
502,06	16310,02
502,27	16594,69
502,48	16750,34
502,69	16785,15
502,90	16893,69
503,11	16826,11
503,32	17358,58
503,53	17338,10
503,73	17190,65
503,94	17518,32
504,15	17458,93
504,36	17817,33
504,57	17901,29
504,78	17981,17
504,98	18116,33
505,19	18020,08
505,40	18345,70
505,61	18396,90
505,82	18503,40
506,03	18550,50
506,23	18644,71
506,44	18747,11
506,65	18802,40
506,86	18833,12
507,07	19334,87
507,28	19336,92
507,48	19513,05
507,69	19488,47
507,90	19424,98
508,11	19857,10
508,32	19519,19
508,53	19977,94
508,73	19992,27
508,94	19875,54
509,15	20211,40
509,36	20287,18
509,57	20522,69
509,77	20664,00
509,98	20518,60
510,19	20551,37
510,40	20979,39
510,61	20846,27
510,81	20965,06
511,02	21278,40
511,23	21206,72
511,44	21141,18
511,65	21366,46
511,85	21495,48
512,06	21724,85
512,27	21700,28
512,48	21849,78
512,69	22185,65
512,89	22261,42
513,10	22208,17
513,31	22245,04
513,52	22075,06
513,73	22501,03
513,93	22183,60
514,14	22767,27
514,35	22908,58
514,56	22978,21
514,76	23006,88
514,97	23127,71
515,18	23207,58
515,39	23281,31
515,60	23334,56
515,80	23549,59
516,01	23457,43
516,22	23533,21
516,43	23682,71
516,63	23920,28
516,84	23819,92
517,05	24381,07
517,26	24243,85
517,46	24415,88
517,67	24684,17
517,88	24225,42
518,09	24505,99
518,29	24616,58
518,50	24417,93
518,71	25110,14
518,92	25108,10
519,12	24993,41
519,33	25407,10
519,54	25257,60
519,75	25380,48
519,95	25538,17
520,16	25599,61
520,37	25267,84
520,57	25515,64
520,78	26007,16
520,99	25970,29
521,20	25894,52
521,40	26426,99
521,61	26330,73
521,82	26232,43
522,03	26267,25
522,23	26269,30
522,44	26500,72
522,65	26306,16
522,85	26138,23
523,06	26660,46
523,27	26588,78
523,48	27111,01
523,68	26981,99
523,89	27002,47
524,10	27074,15
524,30	27367,01
524,51	27440,73
524,72	27569,76
524,93	27182,69
525,13	27319,90
525,34	27813,46
525,55	27666,01
525,75	27498,08
525,96	28005,97
526,17	27739,74
526,37	27676,25
526,58	27897,43
526,79	27901,53
526,99	27858,52
527,20	28132,95
527,41	28214,87
527,62	28339,79
527,82	28235,35
528,03	28130,90
528,24	28644,94
528,44	28536,40
528,65	28534,35
528,86	28620,36
529,06	28665,42
529,27	28608,08
529,48	28728,91
529,68	28556,88
529,89	28534,35
530,10	28757,58
530,30	28769,86
530,51	29077,06
530,72	29021,77
530,92	28669,51
531,13	29144,64
531,34	29232,71
531,54	28847,69
531,75	29302,34
531,96	29343,30
532,16	29142,60
532,37	29390,40
532,57	29361,73
532,78	29374,02
532,99	29333,06
533,19	29638,20
533,40	29460,03
533,61	29744,70
533,81	29091,40
534,02	29423,17
534,23	29408,83
534,43	29412,93
534,64	29486,65
534,84	29685,31
535,05	29650,49
535,26	29953,59
535,46	29949,50
535,67	29548,09
535,88	29744,70
536,08	29789,75
536,29	29799,99
536,49	29834,81
536,70	29763,13
536,91	29576,76
537,11	29744,70
537,32	30170,68
537,53	29988,41
537,73	30135,86
537,94	30031,41
538,14	30365,23
538,35	30027,32
538,56	30338,61
538,76	30010,93
538,97	30314,03
539,17	30168,63
539,38	30367,28
539,59	30369,33
539,79	29748,79
540,00	30191,16
540,20	29781,56
540,41	30006,84
540,62	30393,90
540,82	30281,27
541,03	30129,72
541,23	30414,38
541,44	30414,38
541,64	30395,95
541,85	30299,70
542,06	30268,98
542,26	30494,25
542,47	30486,06
542,67	30123,57
542,88	30371,38
543,08	30123,57
543,29	30606,89
543,50	30690,86
543,70	30553,65
543,91	30629,42
544,11	30817,83
544,32	30662,19
544,52	30383,66
544,73	30445,10
544,94	30389,81
545,14	30670,38
545,35	30459,44
545,55	30555,69
545,76	30529,07
545,96	31231,52
546,17	30776,87
546,37	30887,46
546,58	30633,52
546,78	30940,71
546,99	30672,43
547,20	31088,17
547,40	30719,53
547,61	30531,12
547,81	30852,65
548,02	30852,65
548,22	30621,23
548,43	30907,94
548,63	30922,28
548,84	30473,78
549,04	30682,67
549,25	30830,12
549,45	30625,32
549,66	30694,96
549,86	30965,29
550,07	31047,21
550,27	30656,04
550,48	30938,66
550,69	30846,51
550,89	31125,03
551,10	30504,49
551,30	31077,93
551,51	30983,72
551,71	30959,14
551,92	30934,57
552,12	30586,41
552,33	30875,18
552,53	30832,17
552,74	30844,46
552,94	30694,96
553,15	30830,12
553,35	30475,82
553,56	30973,48
553,76	30506,54
553,97	30873,13
554,17	31028,77
554,38	31020,58
554,58	30774,83
554,79	30762,54
554,99	31034,92
555,19	30672,43
555,40	30969,38
555,60	30748,20
555,81	31010,34
556,01	30864,94
556,22	30852,65
556,42	31133,22
556,63	30662,19
556,83	30924,33
557,04	30844,46
557,24	31237,67
557,45	30768,68
557,65	30959,14
557,86	31022,63
558,06	31161,89
558,27	30789,16
558,47	30891,56
558,67	31434,27
558,88	30758,44
559,08	31168,04
559,29	31041,06
559,49	30875,18
559,70	30897,70
559,90	30768,68
560,11	30803,50
560,31	30688,81
560,52	30742,06
560,72	31049,25
560,92	30703,15
561,13	30993,96
561,33	30826,03
561,54	30881,32
561,74	30656,04
561,95	30844,46
562,15	31006,25
562,35	30711,34
562,56	31184,42
562,76	30473,78
562,97	31176,23
563,17	30801,45
563,38	30948,90
563,58	30885,42
563,78	30750,25
563,99	30563,89
564,19	30531,12
564,40	30795,31
564,60	31176,23
564,80	30776,87
565,01	30588,46
565,21	30819,88
565,42	30891,56
565,62	30588,46
565,83	30576,17
566,03	30414,38
566,23	30735,92
566,44	30830,12
566,64	30766,63
566,85	30651,95
567,05	30623,28
567,25	30516,78
567,46	30799,40
567,66	30543,41
567,86	30680,62
568,07	30361,14
568,27	30772,78
568,48	30678,57
568,68	30610,99
568,88	30565,93
569,09	30254,64
569,29	30727,72
569,50	30570,03
569,70	30230,07
569,90	30035,51
570,11	30387,76
570,31	30006,84
570,51	30346,80
570,72	30072,37
570,92	30195,25
571,13	30283,31
571,33	30342,70
571,53	30236,21
571,74	30375,47
571,94	30076,47
572,14	29785,66
572,35	29959,73
572,55	29984,31
572,75	29593,15
572,96	29799,99
573,16	30068,28
573,36	29644,35
573,57	29910,58
573,77	29638,20
573,97	30002,74
574,18	29814,33
574,38	29525,57
574,59	29988,41
574,79	29539,90
574,99	29634,11
575,20	29599,29
575,40	29425,22
575,60	29486,65
575,81	29363,78
576,01	29234,75
576,21	29029,96
576,42	29734,46
576,62	29156,93
576,82	29214,27
577,02	29228,61
577,23	28978,76
577,43	29316,67
577,63	29363,78
577,84	29161,03
578,04	28933,70
578,24	28436,05
578,45	28915,27
578,65	28628,56
578,85	28558,92
579,06	28843,59
579,26	28733,00
579,46	28843,59
579,67	28685,90
579,87	28810,82
580,07	28464,72
580,27	27954,77
580,48	28595,79
580,68	28300,88
580,88	28407,37
581,09	28335,70
581,29	28278,35
581,49	28132,95
581,69	28319,31
581,90	27956,82
582,10	28106,32
582,30	28051,03
582,51	28180,05
582,71	27795,03
582,91	27739,74
583,11	27846,23
583,32	27489,88
583,52	27807,32
583,72	27616,86
583,93	27704,92
584,13	27743,83
584,33	27586,14
584,53	27704,92
584,74	27553,37
584,94	27493,98
585,14	27358,81
585,34	27430,49
585,55	26934,88
585,75	27143,78
585,95	27068,00
586,15	26979,94
586,36	27319,90
586,56	26795,62
586,76	26893,93
586,96	26709,61
587,17	26799,72
587,37	26812,01
587,57	26445,42
587,77	26687,08
587,98	26510,96
588,18	26435,18
588,38	26355,31
588,58	26408,56
588,79	26338,93
588,99	26158,70
589,19	26285,68
589,39	26087,03
589,60	25867,89
589,80	25722,49
590,00	25759,35
590,20	25761,40
590,40	25683,58
590,61	25765,49
590,81	25548,41
591,01	25284,22
591,21	25484,92
591,42	25456,25
591,62	25239,17
591,82	25208,45
592,02	25245,31
592,22	25112,19
592,43	25075,33
592,63	25077,38
592,83	25161,34
593,03	24985,22
593,23	24964,74
593,44	24549,00
593,64	24854,15
593,84	24817,29
594,04	24864,39
594,24	24878,72
594,45	24303,25
594,65	24526,47
594,85	24559,24
595,05	24256,14
595,25	24458,89
595,46	24518,28
595,66	24057,49
595,86	24231,57
596,06	24235,66
596,26	24145,55
596,46	24159,89
596,67	24206,99
596,87	23889,56
597,07	23666,33
597,27	24059,54
597,47	24016,53
597,67	23625,37
597,88	23727,77
598,08	23746,20
598,28	23477,91
598,48	23776,92
598,68	23451,29
598,88	23285,40
599,09	23467,67
599,29	23254,69
599,49	23049,89
599,69	23199,39
599,89	23377,56
600,09	23146,14
600,30	23170,72
600,50	22949,54
600,70	22965,92
600,90	22601,38
601,10	22677,16
601,30	23066,27
601,50	22619,81
601,71	22599,34
601,91	22564,52
602,11	22449,83
602,31	22376,11
602,51	22359,72
602,71	22073,01
602,91	22156,97
603,11	22214,32
603,32	22273,71
603,52	22046,38
603,72	21786,29
603,92	22359,72
604,12	21763,76
604,32	21853,87
604,52	21995,18
604,72	22009,52
604,93	21733,04
605,13	21622,45
605,33	21894,83
605,53	21505,72
605,73	21628,60
605,93	21466,81
606,13	21356,22
606,33	21460,66
606,53	21329,59
606,74	21350,07
606,94	21311,16
607,14	21069,50
607,34	21266,11
607,54	20958,91
607,74	21124,80
607,94	20883,14
608,14	20917,95
608,34	20938,43
608,54	20829,89
608,74	20844,23
608,95	20772,55
609,15	20455,11
609,35	20459,21
609,55	20469,45
609,75	20235,98
609,95	20274,89
610,15	20203,21
610,35	20594,37
610,55	20111,05
610,75	19969,74
610,95	19934,93
611,15	19889,87
611,35	19812,05
611,55	19680,98
611,76	20180,68
611,96	19805,91
612,16	19760,85
612,36	19521,24
612,56	19795,67
612,76	19439,32
612,96	19451,61
613,16	19695,32
613,36	19599,06
613,56	19644,12
613,76	19334,87
613,96	19371,74
614,16	19105,50
614,36	19048,16
614,56	19132,12
614,76	19183,32
614,96	19115,74
615,16	18843,36
615,36	18775,78
615,56	18808,54
615,76	18865,89
615,97	18767,59
616,17	18601,70
616,37	18999,01
616,57	18890,46
616,77	18624,23
616,97	18749,15
617,17	18362,09
617,37	18339,56
617,57	18274,03
617,77	18427,62
617,97	18349,80
618,17	17766,13
618,37	18183,91
618,57	18167,53
618,77	17983,21
618,97	18085,61
619,17	17932,01
619,37	17907,44
619,57	17901,29
619,77	17852,14
619,97	17841,90
620,17	17721,07
620,37	18044,65
620,57	17516,28
620,77	17471,22
620,97	17309,43
621,17	17499,89
621,37	17209,08
621,57	17063,68
621,77	17239,80
621,97	17387,25
622,17	17053,44
622,37	17069,82
622,57	16783,10
622,77	16832,26
622,97	16844,54
623,17	16723,71
623,37	17229,56
623,57	16901,89
623,77	16971,52
623,97	16498,44
624,16	16269,06
624,36	16787,20
624,56	16459,52
624,76	16494,34
624,96	16602,88
625,16	16492,29
625,36	16115,47
625,56	16197,38
625,76	16297,74
625,96	15849,23
626,16	15808,27
626,36	16039,69
626,56	16054,03
626,76	15990,54
626,96	15982,35
627,16	15888,14
627,36	15771,41
627,56	15804,17
627,76	15759,12
627,96	15539,99
628,16	15664,91
628,35	15415,06
628,55	15611,67
628,75	15546,13
628,95	15279,89
629,15	15480,60
629,35	15312,66
629,55	15265,56
629,75	15066,91
629,95	15343,38
630,15	15040,28
630,35	15136,54
630,55	15058,71
630,75	14851,87
630,95	14657,31
631,14	14739,23
631,34	14919,45
631,54	15030,04
631,74	14907,16
631,94	14372,64
632,14	14626,59
632,34	14417,70
632,54	14538,53
632,74	14098,22
632,94	14599,97
633,14	14595,87
633,33	14239,53
633,53	14061,35
633,73	14212,90
633,93	14227,24
634,13	14397,22
634,33	13973,29
634,53	14073,64
634,73	13897,52
634,93	13903,66
635,12	13891,37
635,32	14057,26
635,52	13711,15
635,72	13569,84
635,92	13719,34
636,12	13725,49
636,32	13631,28
636,52	13715,25
636,71	13575,98
636,91	13541,17
637,11	13428,53
637,31	13434,68
637,51	13006,65
637,71	13510,45
637,91	13410,10
638,11	13203,25
638,30	13143,86
638,50	12971,83
638,70	13289,27
638,90	12820,28
639,10	13031,23
639,30	12879,68
639,50	12883,77
639,69	12826,43
639,89	12658,49
640,09	12543,81
640,29	12592,96
640,49	12791,61
640,69	12425,03
640,88	12470,08
641,08	12406,59
641,28	12451,65
641,48	12556,10
641,68	12128,07
641,88	12558,14
642,07	11939,66
642,27	12189,51
642,47	12158,79
642,67	12121,93
642,87	12162,89
643,07	12154,69
643,26	11915,08
643,46	11808,59
643,66	11857,74
643,86	11915,08
644,06	12044,10
644,26	11812,68
644,45	11419,47
644,65	11792,20
644,85	11743,05
645,05	11564,88
645,25	11493,20
645,44	11325,27
645,64	11392,85
645,84	11476,82
646,04	11280,21
646,24	11392,85
646,43	11378,51
646,63	11276,12
646,83	11065,18
647,03	10989,40
647,23	10993,50
647,42	11161,43
647,62	11003,74
647,82	10669,92
648,02	10839,90
648,22	10909,53
648,41	10829,66
648,61	10641,25
648,81	10659,68
649,01	10743,64
649,20	10649,44
649,40	10522,46
649,60	10747,74
649,80	10588,00
650,00	10444,64
650,19	10303,33
650,39	10485,60
650,59	10329,95
650,79	10295,14
650,98	10168,16
651,18	10000,23
651,38	10248,04
651,58	10047,33
651,77	9938,79
651,97	9906,02
652,17	9860,97
652,37	9727,85
652,56	9914,22
652,76	9889,64
652,96	9783,15
653,16	9924,46
653,35	9623,41
653,55	9539,44
653,75	9697,13
653,95	9580,40
654,14	9602,93
654,34	9588,59
654,54	9584,49
654,74	9484,14
654,93	9318,26
655,13	9486,19
655,33	9203,57
655,52	9291,63
655,72	9289,59
655,92	9154,42
656,12	9283,44
656,31	9023,35
656,51	9219,96
656,71	8800,12
656,91	9144,18
657,10	9113,46
657,30	8978,30
657,50	9004,92
657,69	8984,44
657,89	8943,48
658,09	8902,52
658,29	8722,30
658,48	8873,85
658,68	8689,53
658,88	8720,25
659,07	8681,34
659,27	8730,49
659,47	8626,04
659,66	8695,68
659,86	8638,33
660,06	8501,12
660,26	8431,49
660,45	8355,71
660,65	8562,56
660,85	8529,79
661,04	8470,40
661,24	8384,38
661,44	8150,92
661,63	8208,26
661,83	8236,93
662,03	8408,96
662,22	8130,44
662,42	8263,55
662,62	8273,79
662,81	8028,04
663,01	8144,77
663,21	8103,81
663,40	7858,06
663,60	8015,75
663,80	7839,62
663,99	7946,12
664,19	7745,42
664,39	7825,29
664,58	7876,49
664,78	7690,12
664,98	7503,76
665,17	7755,66
665,37	7700,36
665,57	7624,59
665,76	7608,20
665,96	7522,19
666,16	7636,88
666,35	7530,38
666,55	7470,99
666,74	7565,20
666,94	7626,64
667,14	7380,88
667,33	7499,66
667,53	7571,34
667,73	7092,12
667,92	7202,71
668,12	7225,23
668,32	7518,09
668,51	7214,99
668,71	7055,25
668,90	6967,19
669,10	7018,39
669,30	7147,41
669,49	6928,28
669,69	7016,34
669,89	7032,72
670,08	6868,89
670,28	7237,52
670,47	6940,57
670,67	7040,92
670,87	6838,17
671,06	6922,13
671,26	6959,00
671,45	6762,39
671,65	6807,45
671,85	6723,48
672,04	6803,35
672,24	6659,99
672,43	6748,06
672,63	6643,61
672,83	6571,93
673,02	6530,97
673,22	6440,86
673,41	6422,43
673,61	6395,81
673,81	6539,16
674,00	6631,32
674,20	6410,14
674,39	6315,94
674,59	6487,96
674,78	6354,85
674,98	6420,38
675,18	6334,37
675,37	6324,13
675,57	6262,69
675,76	6307,74
675,96	6107,04
676,15	6127,52
676,35	6074,28
676,55	6123,43
676,74	6246,30
676,94	6055,84
677,13	6152,10
677,33	6027,17
677,52	6049,70
677,72	5945,25
677,91	5875,62
678,11	6049,70
678,31	5898,15
678,50	5937,06
678,70	5785,51
678,89	5883,81
679,09	6014,88
679,28	5889,96
679,48	5887,91
679,67	5844,90
679,87	5646,25
680,06	5918,63
680,26	5789,61
680,46	5701,54
680,65	5662,63
680,85	5711,78
681,04	5791,66
681,24	5527,47
681,43	5588,91
681,63	5693,35
681,82	5660,59
682,02	5476,27
682,21	5582,76
682,41	5533,61
682,60	5683,11
682,80	5474,22
682,99	5574,57
683,19	5400,49
683,38	5289,90
683,58	5474,22
683,77	5457,84
683,97	5441,45
684,16	5423,02
684,36	5287,86
684,55	5316,53
684,75	5226,42
684,94	5302,19
685,14	5394,35
685,33	5117,87
685,53	5257,14
685,72	5183,41
685,92	5179,31
686,11	5150,64
686,31	5212,08
686,50	5074,87
686,70	5236,66
686,89	5066,67
687,09	4980,66
687,28	5070,77
687,48	4982,71
687,67	4954,04
687,87	4945,84
688,06	5085,11
688,26	5189,55
688,45	5042,10
688,65	5113,78
688,84	4911,03
689,03	5005,24
689,23	4751,29
689,42	4908,98
689,62	4927,41
689,81	4935,60
690,01	4792,25
690,20	4806,58
690,40	4894,65
690,59	4868,02
690,79	4724,66
690,98	4843,45
691,17	4749,24
691,37	4943,80
691,56	4646,84
691,76	4712,38
691,95	4675,51
692,15	4753,34
692,34	4804,53
692,54	4706,23
692,73	4630,46
692,92	4698,04
693,12	4726,71
693,31	4579,26
693,51	4777,91
693,70	4597,69
693,90	4542,39
694,09	4523,96
694,28	4702,14
694,48	4595,64
694,67	4695,99
694,87	4513,72
695,06	4622,27
695,26	4614,07
695,45	4431,80
695,64	4456,38
695,84	4536,25
696,03	4337,60
696,23	4349,89
696,42	4468,67
696,61	4530,11
696,81	4460,48
697,00	4468,67
697,20	4458,43
697,39	4331,45
697,58	4247,49
697,78	4392,89
697,97	4403,13
698,17	4390,84
698,36	4364,22
698,55	4302,78
698,75	4485,05
698,94	4304,83
699,14	4276,16
699,33	4239,30
699,52	4335,55
699,72	4284,35
699,91	4345,79
700,10	4288,45
700,30	4147,14
700,49	4220,86
700,69	4304,83
700,88	4257,73
701,07	4259,78
701,27	4167,62
701,46	4261,82
701,65	4284,35
701,85	4073,41
702,04	4298,69
702,23	4128,70
702,43	4044,74
702,62	4063,17
702,82	4120,51
703,01	4143,04
703,20	4128,70
703,40	4128,70
703,59	4071,36
703,78	4003,78
703,98	4087,75
704,17	4095,94
704,36	4093,89
704,56	4083,65
704,75	3897,28
704,94	3987,40
705,14	4042,69
705,33	3985,35
705,52	3958,72
705,72	4106,18
705,91	3936,20
706,10	3858,37
706,30	3942,34
706,49	3966,92
706,68	3936,20
706,88	4118,47
707,07	3938,24
707,26	3975,11
707,46	3973,06
707,65	4024,26
707,84	3854,28
708,04	3899,33
708,23	3995,59
708,42	3925,96
708,62	3882,95
708,81	3848,13
709,00	4112,32
709,19	3952,58
709,39	3885,00
709,58	3993,54
709,77	3835,85
709,97	3850,18
710,16	3715,02
710,35	3917,76
710,55	3839,94
710,74	3956,68
710,93	3815,37
711,12	3923,91
711,32	3729,35
711,51	3835,85
711,70	3749,83
711,90	3649,48
712,09	3782,60
712,28	3768,26
712,47	3747,78
712,67	3755,97
712,86	3772,36
713,05	3784,65
713,24	3622,86
713,44	3747,78
713,63	3725,26
713,82	3667,91
714,02	3745,73
714,21	3688,39
714,40	3737,54
714,59	3579,85
714,79	3497,93
714,98	3616,71
715,17	3723,21
715,36	3495,88
715,56	3516,36
715,75	3522,51
715,94	3547,08
716,13	3614,66
716,33	3438,54
716,52	3559,37
716,71	3571,66
716,90	3549,13
717,10	3373,00
717,29	3420,11
717,48	3573,71
717,67	3391,44
717,87	3393,48
718,06	3475,40
718,25	3442,64
718,44	3477,45
718,63	3401,68
718,83	3276,75
719,02	3444,68
719,21	3366,86
719,40	3305,42
719,60	3352,52
719,79	3321,81
719,98	3383,24
720,17	3291,09
720,36	3325,90
720,56	3336,14
720,75	3248,08
720,94	3289,04
721,13	3346,38
721,33	3332,05
721,52	3235,79
721,71	3325,90
721,90	3397,58
722,09	3305,42
722,29	3354,57
722,48	3248,08
722,67	3246,03
722,86	3407,82
723,05	3256,27
723,24	3346,38
723,44	3219,41
723,63	3168,21
723,82	3303,37
724,01	3203,02
724,20	3270,61
724,40	3237,84
724,59	3141,58
724,78	3198,93
724,97	3178,45
725,16	3207,12
725,35	3336,14
725,55	3119,06
725,74	3166,16
725,93	3209,17
726,12	3254,22
726,31	3360,72
726,51	3239,89
726,70	3184,59
726,89	3117,01
727,08	3123,15
727,27	3104,72
727,46	3170,26
727,65	3155,92
727,85	3192,78
728,04	3039,19
728,23	3006,42
728,42	3182,54
728,61	3145,68
728,80	3160,02
729,00	3196,88
729,19	3164,11
729,38	3289,04
729,57	3057,62
729,76	2994,13
729,95	3280,85
730,14	3262,41
730,33	3276,75
730,53	3100,62
730,72	3172,30
730,91	3088,34
731,10	3217,36
731,29	3119,06
731,48	3168,21
731,67	3131,34
731,86	3174,35
732,06	3061,71
732,25	3121,10
732,44	3192,78
732,63	3055,57
732,82	3252,17
733,01	3205,07
733,20	3071,95
733,39	3172,30
733,59	3186,64
733,78	3112,91
733,97	3233,74
734,16	3188,69
734,35	3213,26
734,54	3121,10
734,73	3049,43
734,92	3088,34
735,11	3090,38
735,30	3106,77
735,49	3145,68
735,69	3221,45
735,88	3190,74
736,07	3139,54
736,26	3172,30
736,45	3186,64
736,64	3049,43
736,83	3172,30
737,02	3176,40
737,21	3063,76
737,40	3002,32
737,59	3334,09
737,78	2992,08
737,98	2967,51
738,17	3098,58
738,36	3100,62
738,55	3088,34
738,74	3055,57
738,93	3045,33
739,12	3035,09
739,31	2953,17
739,50	2967,51
739,69	3092,43
739,88	3059,67
740,07	3033,04
740,26	3110,86
740,45	3100,62
740,64	3082,19
740,83	3071,95
741,02	2908,12
741,22	3024,85
741,41	2985,94
741,60	3078,10
741,79	3010,51
741,98	3094,48
742,17	3076,05
742,36	3131,34
742,55	2959,31
742,74	3188,69
742,93	3008,47
743,12	3035,09
743,31	3047,38
743,50	3043,28
743,69	3053,52
743,88	2926,55
744,07	2891,73
744,26	3184,59
744,45	3016,66
744,64	3160,02
744,83	3016,66
745,02	2879,44
745,21	3008,47
745,40	2951,12
745,59	2990,03
745,78	2932,69
745,97	3016,66
746,16	3020,75
746,35	2916,31
746,54	2934,74
746,73	2940,88
746,92	3024,85
747,11	2873,30
747,30	2944,98
747,49	2926,55
747,68	3045,33
747,87	3098,58
748,06	2969,55
748,25	2926,55
748,44	2830,29
748,63	3053,52
748,82	2934,74
749,01	2801,62
749,20	2953,17
749,39	2873,30
749,58	2936,79
749,77	3008,47
749,96	2893,78
750,15	2961,36
750,34	2813,91
750,53	2863,06
750,72	2875,35
750,91	2834,39
751,10	3020,75
751,29	2873,30
751,48	2719,70
751,67	2795,48
751,86	2926,55
752,04	2977,75
752,23	2922,45
752,42	2940,88
752,61	2818,00
752,80	2850,77
752,99	2875,35
753,18	2783,19
753,37	2865,11
753,56	2725,85
753,75	2711,51
753,94	2736,09
754,13	2826,20
754,32	2709,46
754,51	2709,46
754,70	2809,81
754,89	2787,29
755,08	2838,48
755,27	2674,65
755,45	2781,14
755,64	2916,31
755,83	2752,47
756,02	2803,67
756,21	2721,75
756,40	2699,22
756,59	2594,78
756,78	2713,56
756,97	2500,57
757,16	2688,98
757,35	2672,60
757,54	2619,35
757,72	2635,74
757,91	2519,00
758,10	2662,36
758,29	2488,28
758,48	2662,36
758,67	2506,71
758,86	2553,82
759,05	2519,00
759,24	2555,86
759,43	2514,91
759,61	2424,80
759,80	2506,71
759,99	2387,93
760,18	2473,95
760,37	2344,92
760,56	2451,42
760,75	2516,95
760,94	2512,86
761,13	2383,84
761,31	2549,72
761,50	2299,87
761,69	2338,78
761,88	2435,03
762,07	2318,30
762,26	2430,94
762,45	2340,83
762,64	2406,36
762,82	2314,20
763,01	2447,32
763,20	2402,27
763,39	2269,15
763,58	2357,21
763,77	2306,01
763,96	2316,25
764,14	2361,31
764,33	2359,26
764,52	2506,71
764,71	2496,47
764,90	2441,18
765,09	2453,47
765,27	2410,46
765,46	2400,22
765,65	2455,51
765,84	2504,67
766,03	2488,28
766,22	2416,60
766,41	2424,80
766,59	2482,14
766,78	2568,15
766,97	2486,23
767,16	2570,20
767,35	2475,99
767,54	2519,00
767,72	2545,63
767,91	2574,30
768,10	2531,29
768,29	2465,75
768,48	2555,86
768,66	2588,63
768,85	2588,63
769,04	2605,02
769,23	2584,54
769,42	2572,25
769,61	2555,86
769,79	2580,44
769,98	2498,52
770,17	2471,90
770,36	2557,91
770,55	2605,02
770,73	2590,68
770,92	2621,40
771,11	2580,44
771,30	2498,52
771,49	2600,92
771,67	2596,82
771,86	2543,58
772,05	2555,86
772,24	2510,81
772,42	2484,19
772,61	2490,33
772,80	2512,86
772,99	2555,86
773,18	2482,14
773,36	2523,10
773,55	2465,75
773,74	2500,57
773,93	2533,34
774,11	2529,24
774,30	2527,19
774,49	2385,88
774,68	2600,92
774,87	2535,39
775,05	2447,32
775,24	2447,32
775,43	2547,67
775,62	2488,28
775,80	2535,39
775,99	2533,34
776,18	2586,58
776,37	2566,10
776,55	2512,86
776,74	2555,86
776,93	2463,71
777,12	2496,47
777,30	2555,86
777,49	2400,22
777,68	2494,43
777,87	2486,23
778,05	2514,91
778,24	2424,80
778,43	2461,66
778,62	2439,13
778,80	2490,33
778,99	2527,19
779,18	2484,19
779,36	2557,91
779,55	2398,17
779,74	2572,25
779,93	2490,33
780,11	2488,28
780,30	2363,36
780,49	2475,99
780,68	2426,84
780,86	2580,44
781,05	2437,08
781,24	2396,12
781,42	2514,91
781,61	2471,90
781,80	2377,69
781,98	2574,30
782,17	2422,75
782,36	2463,71
782,55	2361,31
782,73	2445,27
782,92	2598,87
783,11	2410,46
783,29	2404,32
783,48	2498,52
783,67	2379,74
783,85	2383,84
784,04	2400,22
784,23	2482,14
784,42	2482,14
784,60	2430,94
784,79	2459,61
784,98	2344,92
785,16	2412,51
785,35	2277,34
785,54	2455,51
785,72	2541,53
785,91	2414,56
786,10	2277,34
786,28	2404,32
786,47	2406,36
786,66	2381,79
786,84	2457,56
787,03	2547,67
787,22	2316,25
787,40	2295,77
787,59	2439,13
787,78	2404,32
787,96	2359,26
788,15	2340,83
788,34	2330,59
788,52	2404,32
788,71	2396,12
788,89	2389,98
789,08	2320,35
789,27	2471,90
789,45	2418,65
789,64	2277,34
789,83	2322,40
790,01	2287,58
790,20	2396,12
790,39	2297,82
790,57	2273,25
790,76	2279,39
790,95	2363,36
791,13	2297,82
791,32	2299,87
791,50	2363,36
791,69	2346,97
791,88	2383,84
792,06	2402,27
792,25	2443,23
792,43	2273,25
792,62	2308,06
792,81	2285,53
792,99	2353,12
793,18	2330,59
793,37	2353,12
793,55	2234,33
793,74	2269,15
793,92	2314,20
794,11	2285,53
794,30	2332,64
794,48	2267,10
794,67	2254,81
794,85	2234,33
795,04	2303,96
795,23	2271,20
795,41	2367,45
795,60	2238,43
795,78	2373,60
795,97	2328,54
796,15	2351,07
796,34	2328,54
796,53	2299,87
796,71	2338,78
796,90	2322,40
797,08	2154,46
797,27	2398,17
797,46	2238,43
797,64	2246,62
797,83	2383,84
798,01	2277,34
798,20	2342,88
798,38	2260,96
798,57	2224,09
798,76	2187,23
798,94	2240,48
799,13	2269,15
799,31	2293,72
799,50	2242,53
799,68	2293,72
799,87	2176,99
800,05	2285,53
800,24	2297,82
800,43	2308,06
800,61	2453,47
800,80	2353,12
800,98	2265,05
801,17	2166,75
801,35	2246,62
801,54	2232,29
801,72	2277,34
801,91	2291,68
802,09	2271,20
802,28	2213,85
802,46	2289,63
802,65	2250,72
802,84	2328,54
803,02	2306,01
803,21	2220,00
803,39	2330,59
803,58	2379,74
803,76	2328,54
803,95	2295,77
804,13	2195,42
804,32	2138,08
804,50	2301,92
804,69	2351,07
804,87	2162,66
805,06	2267,10
805,24	2428,89
805,43	2275,29
805,61	2308,06
805,80	2285,53
805,98	2279,39
806,17	2322,40
806,35	2207,71
806,54	2205,66
806,72	2230,24
806,91	2256,86
807,09	2230,24
807,28	2205,66
807,46	2301,92
807,65	2293,72
807,83	2195,42
808,02	2224,09
808,20	2250,72
808,39	2146,27
808,57	2093,02
808,76	2228,19
808,94	2263,01
809,13	2207,71
809,31	2203,61
809,49	2283,49
809,68	2203,61
809,86	2162,66
810,05	2125,79
810,23	2267,10
810,42	2254,81
810,60	2185,18
810,79	2125,79
810,97	2090,98
811,16	2166,75
811,34	2240,48
811,53	2117,60
811,71	2123,74
811,89	2197,47
812,08	2224,09
812,26	2183,13
812,45	2154,46
812,63	2113,50
812,82	2164,70
813,00	2113,50
813,19	2142,18
813,37	2072,54
813,55	2054,11
813,74	2076,64
813,92	2164,70
814,11	2144,22
814,29	2011,11
814,48	2201,57
814,66	2234,33
814,84	2224,09
815,03	2086,88
815,21	2107,36
815,40	2127,84
815,58	2142,18
815,77	2201,57
815,95	2093,02
816,13	2058,21
816,32	2062,30
816,50	2197,47
816,69	2152,42
816,87	1982,43
817,05	2097,12
817,24	2056,16
817,42	2054,11
817,61	2000,87
817,79	2103,26
817,97	2011,11
818,16	2027,49
818,34	2211,81
818,53	2129,89
818,71	2142,18
818,89	2021,35
819,08	2080,74
819,26	2047,97
819,45	2189,28
819,63	2080,74
819,81	2166,75
820,00	2142,18
820,18	1986,53
820,36	2080,74
820,55	2052,06
820,73	1964,00
820,92	2013,15
821,10	2060,26
821,28	2070,50
821,47	2179,04
821,65	2133,98
821,83	2234,33
822,02	2074,59
822,20	2082,78
822,39	2007,01
822,57	2031,58
822,75	2093,02
822,94	2062,30
823,12	1998,82
823,30	1994,72
823,49	2168,80
823,67	2054,11
823,85	2107,36
824,04	2000,87
824,22	2037,73
824,40	2068,45
824,59	2099,17
824,77	2058,21
824,95	1972,19
825,14	2093,02
825,32	2109,41
825,50	2039,78
825,69	2070,50
825,87	2148,32
826,05	2080,74
826,24	2064,35
826,42	2142,18
826,60	2133,98
826,79	2084,83
826,97	1974,24
827,15	2068,45
827,34	2043,87
827,52	2066,40
827,70	2093,02
827,89	1982,43
828,07	2054,11
828,25	2084,83
828,44	2168,80
828,62	2041,82
828,80	2105,31
828,98	2062,30
829,17	2029,54
829,35	2168,80
829,53	2056,16
829,72	2088,93
829,90	2056,16
830,08	2011,11
830,27	2097,12
830,45	2115,55
830,63	2103,26
830,81	1998,82
831,00	2082,78
831,18	2058,21
831,36	2099,17
831,55	1959,91
831,73	1933,28
831,91	2017,25
832,09	2172,89
832,28	2156,51
832,46	2015,20
832,64	2043,87
832,82	1961,95
833,01	2062,30
833,19	2037,73
833,37	1988,58
833,55	1992,67
833,74	2060,26
833,92	1961,95
834,10	2033,63
834,29	2031,58
834,47	2035,68
834,65	2056,16
834,83	1906,66
835,02	1964,00
835,20	1988,58
835,38	1955,81
835,56	2039,78
835,75	2070,50
835,93	2093,02
836,11	2056,16
836,29	1910,75
836,47	2080,74
836,66	1990,63
836,84	2090,98
837,02	1978,34
837,20	2158,56
837,39	2101,22
837,57	2027,49
837,75	1986,53
837,93	2017,25
838,12	1927,14
838,30	1896,42
838,48	1976,29
838,66	2072,54
838,84	2056,16
839,03	2072,54
839,21	2002,91
839,39	2099,17
839,57	2121,70
839,75	2105,31
839,94	1974,24
840,12	2013,15
840,30	2017,25
840,48	1994,72
840,66	1976,29
840,85	2045,92
841,03	1974,24
841,21	2084,83
841,39	2129,89
841,57	2004,96
841,76	1966,05
841,94	2072,54
842,12	2021,35
842,30	2058,21
842,48	2058,21
842,67	2013,15
842,85	1935,33
843,03	2115,55
843,21	2004,96
843,39	2107,36
843,57	1980,39
843,76	2015,20
843,94	2021,35
844,12	2080,74
844,30	1984,48
844,48	1994,72
844,66	2015,20
844,85	2119,65
845,03	2041,82
845,21	2015,20
845,39	2111,46
845,57	2021,35
845,75	1939,43
845,94	2023,39
846,12	1976,29
846,30	2033,63
846,48	2019,30
846,66	1996,77
846,84	1832,93
847,02	1980,39
847,21	1984,48
847,39	1923,04
847,57	1953,76
847,75	1933,28
847,93	1970,15
848,11	1976,29
848,29	1910,75
848,48	1951,71
848,66	2023,39
848,84	2021,35
849,02	1961,95
849,20	1910,75
849,38	1947,62
849,56	1996,77
849,74	2017,25
849,93	2031,58
850,11	2011,11
850,29	1925,09
850,47	1902,56
850,65	1865,70
850,83	1888,23
851,01	1949,67
851,19	1945,57
851,37	1927,14
851,56	1884,13
851,74	1918,95
851,92	1945,57
852,10	1974,24
852,28	1912,80
852,46	2009,06
852,64	2007,01
852,82	1996,77
853,00	1945,57
853,18	1984,48
853,37	1976,29
853,55	1947,62
853,73	1933,28
853,91	1957,86
854,09	1927,14
854,27	1968,10
854,45	2013,15
854,63	2045,92
854,81	1955,81
854,99	1925,09
855,17	1900,52
855,35	1935,33
855,53	1908,71
855,72	1927,14
855,90	1961,95
856,08	1949,67
856,26	1896,42
856,44	2031,58
856,62	1861,60
856,80	1882,08
856,98	1861,60
857,16	1892,32
857,34	1912,80
857,52	2004,96
857,70	2025,44
857,88	1869,80
858,06	1943,52
858,24	1941,47
858,42	2021,35
858,60	2025,44
858,78	1855,46
858,96	1871,84
859,15	1949,67
859,33	1972,19
859,51	1947,62
859,69	1961,95
859,87	1937,38
860,05	1908,71
860,23	1998,82
860,41	1869,80
860,59	1937,38
860,77	1947,62
860,95	1935,33
861,13	1943,52
861,31	1869,80
861,49	1869,80
861,67	2015,20
861,85	2009,06
862,03	1984,48
862,21	1914,85
862,39	1871,84
862,57	2002,91
862,75	1906,66
862,93	1904,61
863,11	1964,00
863,29	1841,12
863,47	1894,37
863,65	1945,57
863,83	1851,36
864,01	1929,19
864,19	1798,12
864,37	1847,27
864,55	1851,36
864,73	1896,42
864,91	1830,88
865,09	1898,47
865,27	1857,51
865,45	1933,28
865,63	1908,71
865,81	1898,47
865,99	1933,28
866,17	1925,09
866,35	1865,70
866,53	1908,71
866,71	1867,75
866,89	1902,56
867,07	1853,41
867,24	1894,37
867,42	1945,57
867,60	1959,91
867,78	1949,67
867,96	1888,23
868,14	1886,18
868,32	2035,68
868,50	1853,41
868,68	1847,27
868,86	1931,23
869,04	1875,94
869,22	1886,18
869,40	1802,21
869,58	1906,66
869,76	1802,21
869,94	1822,69
870,12	1802,21
870,30	1947,62
870,48	1828,84
870,66	1896,42
870,83	1834,98
871,01	1861,60
871,19	1822,69
871,37	1832,93
871,55	1800,16
871,73	1890,28
871,91	1867,75
872,09	1929,19
872,27	1843,17
872,45	1877,99
872,63	1787,88
872,81	1861,60
872,98	1900,52
873,16	1906,66
873,34	1826,79
873,52	1841,12
873,70	1867,75
873,88	1853,41
874,06	1740,77
874,24	1888,23
874,42	1712,10
874,60	1863,65
874,78	1763,30
874,95	1857,51
875,13	1867,75
875,31	1867,75
875,49	1949,67
875,67	1812,45
875,85	1791,97
876,03	1777,64
876,21	1904,61
876,39	1839,08
876,56	1853,41
876,74	1775,59
876,92	1826,79
877,10	1855,46
877,28	1826,79
877,46	1742,82
877,64	1925,09
877,82	1865,70
877,99	1863,65
878,17	1875,94
878,35	1886,18
878,53	1824,74
878,71	1908,71
878,89	1877,99
879,07	1890,28
879,24	1935,33
879,42	1955,81
879,60	1832,93
879,78	1865,70
879,96	1802,21
880,14	1933,28
880,32	1873,89
880,49	1798,12
880,67	1912,80
880,85	1918,95
881,03	1740,77
881,21	1875,94
881,39	1806,31
881,56	1824,74
881,74	1832,93
881,92	1865,70
882,10	1877,99
882,28	1892,32
882,46	1894,37
882,63	1828,84
882,81	1808,36
882,99	1847,27
883,17	1851,36
883,35	1859,56
883,52	1882,08
883,70	1851,36
883,88	1867,75
884,06	1873,89
884,24	1767,40
884,42	1925,09
884,59	1912,80
884,77	1812,45
884,95	1783,78
885,13	1867,75
885,31	1822,69
885,48	1875,94
885,66	1937,38
885,84	1931,23
886,02	1847,27
886,20	1945,57
886,37	1853,41
886,55	1953,76
886,73	1849,32
886,91	1847,27
887,08	1834,98
887,26	1820,64
887,44	1882,08
887,62	1759,21
887,80	1906,66
887,97	1843,17
888,15	1861,60
888,33	1834,98
888,51	1816,55
888,68	1828,84
888,86	1843,17
889,04	1763,30
889,22	1873,89
889,40	1804,26
889,57	1830,88
889,75	1927,14
889,93	1830,88
890,11	1818,60
890,28	1798,12
890,46	1855,46
890,64	1912,80
890,82	1888,23
890,99	1875,94
891,17	1871,84
891,35	1742,82
891,53	1884,13
891,70	1810,40
891,88	1771,49
892,06	1763,30
892,24	1863,65
892,41	1773,54
892,59	1736,68
892,77	1748,97
892,94	1830,88
893,12	1781,73
893,30	1687,53
893,48	1759,21
893,65	1828,84
893,83	1882,08
894,01	1847,27
894,19	1830,88
894,36	1925,09
894,54	1781,73
894,72	1818,60
894,89	1777,64
895,07	1773,54
895,25	1847,27
895,43	1648,61
895,60	1724,39
895,78	1798,12
895,96	1667,05
896,13	1787,88
896,31	1923,04
896,49	1781,73
896,66	1724,39
896,84	1853,41
897,02	1802,21
897,20	1796,07
897,37	1773,54
897,55	1693,67
897,73	1859,56
897,90	1834,98
898,08	1828,84
898,26	1796,07
898,43	1718,25
898,61	1830,88
898,79	1820,64
898,96	1716,20
899,14	1716,20
899,32	1808,36
899,49	1753,06
899,67	1820,64
899,85	1822,69
900,02	1798,12
900,20	1751,01
900,38	1785,83
900,55	1851,36
900,73	1871,84
900,91	1675,24
901,08	1753,06
901,26	1783,78
901,44	1851,36
901,61	1824,74
901,79	1769,44
901,97	1849,32
902,14	1640,42
902,32	1820,64
902,50	1695,72
902,67	1728,49
902,85	1697,77
903,02	1695,72
903,20	1757,16
903,38	1787,88
903,55	1722,34
903,73	1687,53
903,91	1740,77
904,08	1765,35
904,26	1761,25
904,44	1900,52
904,61	1703,91
904,79	1787,88
904,96	1746,92
905,14	1677,29
905,32	1765,35
905,49	1802,21
905,67	1728,49
905,84	1730,53
906,02	1740,77
906,20	1699,81
906,37	1906,66
906,55	1738,73
906,73	1738,73
906,90	1806,31
907,08	1697,77
907,25	1777,64
907,43	1802,21
907,61	1695,72
907,78	1777,64
907,96	1714,15
908,13	1736,68
908,31	1814,50
908,48	1691,62
908,66	1730,53
908,84	1744,87
909,01	1890,28
909,19	1841,12
909,36	1738,73
909,54	1714,15
909,72	1804,26
909,89	1662,95
910,07	1662,95
910,24	1832,93
910,42	1820,64
910,59	1738,73
910,77	1730,53
910,95	1730,53
911,12	1689,57
911,30	1728,49
911,47	1667,05
911,65	1732,58
911,82	1724,39
912,00	1736,68
912,17	1681,38
912,35	1728,49
912,53	1740,77
912,70	1816,55
912,88	1732,58
913,05	1740,77
913,23	1679,33
913,40	1777,64
913,58	1681,38
913,75	1705,96
913,93	1671,14
914,10	1720,29
914,28	1701,86
914,46	1724,39
914,63	1710,05
914,81	1806,31
914,98	1624,04
915,16	1753,06
915,33	1703,91
915,51	1785,83
915,68	1818,60
915,86	1828,84
916,03	1714,15
916,21	1697,77
916,38	1851,36
916,56	1697,77
916,73	1820,64
916,91	1687,53
917,08	1726,44
917,26	1755,11
917,43	1767,40
917,61	1662,95
917,78	1787,88
917,96	1708,01
918,13	1708,01
918,31	1757,16
918,48	1607,66
918,66	1718,25
918,83	1736,68
919,01	1740,77
919,18	1718,25
919,36	1710,05
919,53	1796,07
919,71	1861,60
919,88	1748,97
920,06	1642,47
920,23	1650,66
920,41	1710,05
920,58	1724,39
920,76	1665,00
920,93	1767,40
921,11	1703,91
921,28	1710,05
921,45	1789,92
921,63	1738,73
921,80	1712,10
921,98	1738,73
922,15	1613,80
922,33	1675,24
922,50	1787,88
922,68	1798,12
922,85	1658,85
923,03	1695,72
923,20	1841,12
923,38	1714,15
923,55	1748,97
923,72	1591,27
923,90	1853,41
924,07	1679,33
924,25	1748,97
924,42	1818,60
924,60	1771,49
924,77	1665,00
924,95	1755,11
925,12	1781,73
925,29	1791,97
925,47	1722,34
925,64	1638,38
925,82	1662,95
925,99	1679,33
926,17	1806,31
926,34	1638,38
926,51	1650,66
926,69	1742,82
926,86	1755,11
927,04	1681,38
927,21	1677,29
927,38	1642,47
927,56	1736,68
927,73	1662,95
927,91	1722,34
928,08	1863,65
928,25	1634,28
928,43	1732,58
928,60	1601,51
928,78	1671,14
928,95	1697,77
929,12	1732,58
929,30	1714,15
929,47	1730,53
929,65	1609,70
929,82	1611,75
929,99	1673,19
930,17	1550,31
930,34	1699,81
930,52	1665,00
930,69	1642,47
930,86	1679,33
931,04	1583,08
931,21	1605,61
931,38	1660,90
931,56	1624,04
931,73	1703,91
931,91	1697,77
932,08	1583,08
932,25	1771,49
932,43	1621,99
932,60	1640,42
932,77	1611,75
932,95	1665,00
933,12	1654,76
933,29	1626,09
933,47	1755,11
933,64	1658,85
933,82	1574,89
933,99	1667,05
934,16	1619,94
934,34	1683,43
934,51	1593,32
934,68	1691,62
934,86	1763,30
935,03	1548,26
935,20	1556,46
935,38	1560,55
935,55	1568,74
935,72	1665,00
935,90	1667,05
936,07	1730,53
936,24	1546,22
936,42	1630,18
936,59	1656,81
936,76	1697,77
936,94	1544,17
937,11	1681,38
937,28	1585,13
937,46	1619,94
937,63	1624,04
937,80	1593,32
937,97	1681,38
938,15	1632,23
938,32	1599,46
938,49	1687,53
938,67	1595,37
938,84	1728,49
939,01	1644,52
939,19	1597,42
939,36	1632,23
939,53	1597,42
939,70	1687,53
939,88	1687,53
940,05	1703,91
940,22	1753,06
940,40	1628,14
940,57	1660,90
940,74	1587,18
940,92	1687,53
941,09	1658,85
941,26	1566,70
941,43	1742,82
941,61	1605,61
941,78	1597,42
941,95	1724,39
942,12	1644,52
942,30	1583,08
942,47	1691,62
942,64	1538,02
942,82	1712,10
942,99	1738,73
943,16	1529,83
943,33	1583,08
943,51	1572,84
943,68	1654,76
943,85	1591,27
944,02	1689,57
944,20	1644,52
944,37	1601,51
944,54	1677,29
944,71	1658,85
944,89	1665,00
945,06	1626,09
945,23	1593,32
945,40	1679,33
945,58	1662,95
945,75	1556,46
945,92	1728,49
946,09	1601,51
946,27	1667,05
946,44	1603,56
946,61	1624,04
946,78	1601,51
946,95	1578,98
947,13	1574,89
947,30	1599,46
947,47	1564,65
947,64	1578,98
947,82	1583,08
947,99	1570,79
948,16	1636,33
948,33	1589,22
948,50	1640,42
948,68	1685,48
948,85	1593,32
949,02	1681,38
949,19	1646,57
949,36	1607,66
949,54	1583,08
949,71	1683,43
949,88	1589,22
950,05	1630,18
950,22	1673,19
950,40	1654,76
950,57	1585,13
950,74	1695,72
950,91	1656,81
951,08	1585,13
951,26	1583,08
951,43	1587,18
951,60	1548,26
951,77	1648,61
951,94	1662,95
952,11	1703,91
952,29	1646,57
952,46	1521,64
952,63	1691,62
952,80	1638,38
952,97	1736,68
953,15	1642,47
953,32	1605,61
953,49	1570,79
953,66	1593,32
953,83	1531,88
954,00	1562,60
954,17	1599,46
954,35	1740,77
954,52	1529,83
954,69	1638,38
954,86	1726,44
955,03	1703,91
955,20	1599,46
955,38	1576,94
955,55	1533,93
955,72	1689,57
955,89	1476,59
956,06	1587,18
956,23	1601,51
956,40	1615,85
956,58	1560,55
956,75	1624,04
956,92	1619,94
957,09	1564,65
957,26	1574,89
957,43	1611,75
957,60	1648,61
957,77	1554,41
957,95	1593,32
958,12	1611,75
958,29	1675,24
958,46	1650,66
958,63	1587,18
958,80	1665,00
958,97	1697,77
959,14	1669,09
959,31	1652,71
959,49	1570,79
959,66	1597,42
959,83	1658,85
960,00	1578,98
960,17	1677,29
960,34	1671,14
960,51	1599,46
960,68	1640,42
960,85	1710,05
961,02	1642,47
961,20	1642,47
961,37	1599,46
961,54	1654,76
961,71	1572,84
961,88	1673,19
962,05	1593,32
962,22	1736,68
962,39	1634,28
962,56	1595,37
962,73	1634,28
962,90	1611,75
963,07	1609,70
963,24	1636,33
963,42	1572,84
963,59	1634,28
963,76	1722,34
963,93	1726,44
964,10	1556,46
964,27	1632,23
964,44	1646,57
964,61	1708,01
964,78	1628,14
964,95	1652,71
965,12	1591,27
965,29	1630,18
965,46	1599,46
965,63	1570,79
965,80	1658,85
965,97	1558,50
966,14	1628,14
966,31	1566,70
966,48	1716,20
966,66	1708,01
966,83	1695,72
967,00	1669,09
967,17	1632,23
967,34	1601,51
967,51	1642,47
967,68	1634,28
967,85	1560,55
968,02	1720,29
968,19	1562,60
968,36	1619,94
968,53	1572,84
968,70	1615,85
968,87	1632,23
969,04	1658,85
969,21	1648,61
969,38	1820,64
969,55	1642,47
969,72	1648,61
969,89	1728,49
970,06	1640,42
970,23	1621,99
970,40	1662,95
970,57	1695,72
970,74	1640,42
970,91	1642,47
971,08	1591,27
971,25	1583,08
971,42	1626,09
971,59	1714,15
971,76	1673,19
971,93	1730,53
972,10	1648,61
972,27	1572,84
972,44	1566,70
972,61	1628,14
972,78	1595,37
972,95	1665,00
973,12	1746,92
973,29	1632,23
973,46	1638,38
973,63	1628,14
973,80	1654,76
973,97	1591,27
974,14	1619,94
974,30	1642,47
974,47	1669,09
974,64	1685,48
974,81	1675,24
974,98	1679,33
975,15	1630,18
975,32	1687,53
975,49	1636,33
975,66	1636,33
975,83	1685,48
976,00	1730,53
976,17	1572,84
976,34	1583,08
976,51	1607,66
976,68	1554,41
976,85	1613,80
977,02	1673,19
977,19	1611,75
977,36	1578,98
977,52	1726,44
977,69	1738,73
977,86	1718,25
978,03	1628,14
978,20	1757,16
978,37	1646,57
978,54	1681,38
978,71	1730,53
978,88	1789,92
979,05	1560,55
979,22	1589,22
979,39	1716,20
979,56	1656,81
979,72	1626,09
979,89	1701,86
980,06	1695,72
980,23	1712,10
980,40	1656,81
980,57	1589,22
980,74	1611,75
980,91	1554,41
981,08	1695,72
981,25	1632,23
981,41	1638,38
981,58	1591,27
981,75	1449,96
981,92	1624,04
982,09	1632,23
982,26	1570,79
982,43	1548,26
982,60	1730,53
982,77	1599,46
982,93	1726,44
983,10	1538,02
983,27	1589,22
983,44	1619,94
983,61	1648,61
983,78	1546,22
983,95	1589,22
984,11	1515,50
984,28	1714,15
984,45	1591,27
984,62	1621,99
984,79	1574,89
984,96	1703,91
985,13	1609,70
985,30	1634,28
985,46	1546,22
985,63	1646,57
985,80	1783,78
985,97	1650,66
986,14	1554,41
986,31	1646,57
986,47	1644,52
986,64	1609,70
986,81	1619,94
986,98	1597,42
987,15	1677,29
987,32	1675,24
987,48	1634,28
987,65	1630,18
987,82	1566,70
987,99	1597,42
988,16	1908,71
988,33	1783,78
988,49	1636,33
988,66	1646,57
988,83	1683,43
989,00	1712,10
989,17	1562,60
989,34	1607,66
989,50	1646,57
989,67	1628,14
989,84	1523,69
990,01	1605,61
990,18	1603,56
990,34	1693,67
990,51	1597,42
990,68	1619,94
990,85	1738,73
991,02	1638,38
991,18	1644,52
991,35	1595,37
991,52	1662,95
991,69	1626,09
991,86	1644,52
992,02	1636,33
992,19	1546,22
992,36	1652,71
992,53	1673,19
992,69	1558,50
992,86	1572,84
993,03	1769,44
993,20	1523,69
993,37	1662,95
993,53	1699,81
993,70	1599,46
993,87	1540,07
994,04	1638,38
994,20	1578,98
994,37	1654,76
994,54	1638,38
994,71	1593,32
994,87	1714,15
995,04	1648,61
995,21	1648,61
995,38	1576,94
995,55	1617,90
995,71	1636,33
995,88	1589,22
996,05	1679,33
996,22	1628,14
996,38	1640,42
996,55	1642,47
996,72	1601,51
996,88	1748,97
997,05	2605,02
997,22	1607,66
997,39	1613,80
997,55	1630,18
997,72	1679,33
997,89	1621,99
998,06	1638,38
998,22	1626,09
998,39	1572,84
998,56	1609,70
998,73	1517,54
998,89	1554,41
999,06	1605,61
999,23	1583,08
999,39	1648,61
999,56	1583,08
999,73	1613,80
999,90	1531,88
1000,06	1646,57
1000,23	1652,71
1000,40	1646,57
1000,56	1617,90
1000,73	1607,66
1000,90	1542,12
1001,06	1646,57
1001,23	1554,41
1001,40	1656,81
1001,57	1632,23
1001,73	1521,64
1001,90	1562,60
1002,07	1615,85
1002,23	1646,57
1002,40	1572,84
1002,57	1593,32
1002,73	1652,71
1002,90	1609,70
1003,07	1628,14
1003,23	1527,78
1003,40	1662,95
1003,57	1597,42
1003,73	1544,17
1003,90	1611,75
1004,07	1523,69
1004,23	1574,89
1004,40	1593,32
1004,57	1585,13
1004,73	1517,54
1004,90	1560,55
1005,07	1624,04
1005,23	1695,72
1005,40	1605,61
1005,57	1652,71
1005,73	1544,17
1005,90	1566,70
1006,07	1724,39
1006,23	1675,24
1006,40	1634,28
1006,57	1585,13
1006,73	1615,85
1006,90	1601,51
1007,06	1603,56
1007,23	1605,61
1007,40	1507,30
1007,56	1597,42
1007,73	1660,90
1007,90	1650,66
1008,06	1599,46
1008,23	1636,33
1008,40	1630,18
1008,56	1581,03
1008,73	1677,29
1008,89	1613,80
1009,06	1751,01
1009,23	1538,02
1009,39	1587,18
1009,56	1523,69
1009,72	1619,94
1009,89	1679,33
1010,06	1552,36
1010,22	1535,98
1010,39	1626,09
1010,55	1613,80
1010,72	1585,13
1010,89	1552,36
1011,05	1662,95
1011,22	1546,22
1011,38	1630,18
1011,55	1658,85
1011,72	1589,22
1011,88	1581,03
1012,05	1740,77
1012,21	1642,47
1012,38	1540,07
1012,55	1581,03
1012,71	1585,13
1012,88	1644,52
1013,04	1695,72
1013,21	1554,41
1013,37	1728,49
1013,54	1538,02
1013,71	1628,14
1013,87	1613,80
1014,04	1697,77
1014,20	1705,96
1014,37	1531,88
1014,53	1578,98
1014,70	1581,03
1014,87	1572,84
1015,03	1658,85
1015,20	1562,60
1015,36	1683,43
1015,53	1564,65
1015,69	1642,47
1015,86	1603,56
1016,02	1578,98
1016,19	1656,81
1016,36	1613,80
1016,52	1546,22
1016,69	1572,84
1016,85	1593,32
1017,02	1642,47
1017,18	1591,27
1017,35	1656,81
1017,51	1652,71
1017,68	1644,52
1017,84	1525,74
1018,01	1515,50
1018,17	1658,85
1018,34	1703,91
1018,50	1607,66
1018,67	1646,57
1018,84	1691,62
1019,00	1523,69
1019,17	1597,42
1019,33	1519,59
1019,50	1650,66
1019,66	1744,87
1019,83	1560,55
1019,99	1699,81
1020,16	1511,40
1020,32	1558,50
1020,49	1581,03
1020,65	1619,94
1020,82	1617,90
1020,98	1679,33
1021,15	1517,54
1021,31	1699,81
1021,48	1624,04
1021,64	1613,80
1021,81	1587,18
1021,97	1490,92
1022,14	1619,94
1022,30	1687,53
1022,47	1529,83
1022,63	1603,56
1022,79	1632,23
1022,96	1603,56
1023,12	1595,37
1023,29	1564,65
1023,45	1613,80
1023,62	1658,85
1023,78	1550,31
1023,95	1599,46
1024,11	1591,27
1024,28	1515,50
1024,44	1578,98
1024,61	1548,26
1024,77	1499,11
1024,94	1669,09
1025,10	1501,16
1025,26	1507,30
1025,43	1587,18
1025,59	1566,70
1025,76	1613,80
1025,92	1587,18
1026,09	1566,70
1026,25	1728,49
1026,42	1566,70
1026,58	1560,55
1026,74	1597,42
1026,91	1587,18
1027,07	1607,66
1027,24	1669,09
1027,40	1578,98
1027,57	1619,94
1027,73	1585,13
1027,90	1669,09
1028,06	1538,02
1028,22	1648,61
1028,39	1628,14
1028,55	1624,04
1028,72	1650,66
1028,88	1681,38
1029,04	1570,79
1029,21	1658,85
1029,37	1619,94
1029,54	1644,52
1029,70	1611,75
1029,87	1517,54
1030,03	1501,16
1030,19	1691,62
1030,36	1601,51
1030,52	1544,17
1030,69	1609,70
1030,85	1527,78
1031,01	1630,18
1031,18	1630,18
1031,34	1675,24
1031,50	1611,75
1031,67	1562,60
1031,83	1597,42
1032,00	1613,80
1032,16	1671,14
1032,32	1556,46
1032,49	1671,14
1032,65	1597,42
1032,82	1677,29
1032,98	1656,81
1033,14	1615,85
1033,31	1570,79
1033,47	1621,99
1033,63	1568,74
1033,80	1638,38
1033,96	1540,07
1034,13	1646,57
1034,29	1652,71
1034,45	1621,99
1034,62	1642,47
1034,78	1675,24
1034,94	1529,83
1035,11	1671,14
1035,27	1535,98
1035,43	1617,90
1035,60	1597,42
1035,76	1546,22
1035,92	1535,98
1036,09	1587,18
1036,25	1626,09
1036,41	1562,60
1036,58	1591,27
1036,74	1648,61
1036,90	1585,13
1037,07	1613,80
1037,23	1576,94
1037,39	1669,09
1037,56	1564,65
1037,72	1648,61
1037,88	1617,90
1038,05	1523,69
1038,21	1634,28
1038,37	1632,23
1038,54	1646,57
1038,70	1732,58
1038,86	1669,09
1039,03	1599,46
1039,19	1615,85
1039,35	1583,08
1039,52	1560,55
1039,68	1548,26
1039,84	1568,74
1040,00	1650,66
1040,17	1587,18
1040,33	1568,74
1040,49	1589,22
1040,66	1634,28
1040,82	1599,46
1040,98	1640,42
1041,15	1568,74
1041,31	1650,66
1041,47	1648,61
1041,63	1554,41
1041,80	1546,22
1041,96	1665,00
1042,12	1562,60
1042,29	1628,14
1042,45	1656,81
1042,61	1515,50
1042,77	1605,61
1042,94	1642,47
1043,10	1818,60
1043,26	1640,42
1043,42	1619,94
1043,59	1638,38
1043,75	1617,90
1043,91	1578,98
1044,07	1581,03
1044,24	1617,90
1044,40	1654,76
