345,22	1406,95
345,44	1406,95
345,66	1406,95
345,88	1359,85
346,10	1345,52
346,32	1578,98
346,54	1636,33
346,75	1591,27
346,97	1540,07
347,19	1613,80
347,41	1574,89
347,63	1556,46
347,85	1556,46
348,07	1546,22
348,29	1626,09
348,51	1611,75
348,73	1554,41
348,95	1531,88
349,16	1574,89
349,38	1593,32
349,60	1578,98
349,82	1605,61
350,04	1597,42
350,26	1634,28
350,48	1662,95
350,70	1613,80
350,92	1589,22
351,14	1654,76
351,35	1628,14
351,57	1673,19
351,79	1638,38
352,01	1591,27
352,23	1593,32
352,45	1648,61
352,67	1642,47
352,89	1644,52
353,10	1601,51
353,32	1568,74
353,54	1695,72
353,76	1640,42
353,98	1689,57
354,20	1683,43
354,42	1642,47
354,64	1662,95
354,85	1701,86
355,07	1654,76
355,29	1755,11
355,51	1669,09
355,73	1656,81
355,95	1605,61
356,17	1746,92
356,38	1669,09
356,60	1763,30
356,82	1771,49
357,04	1619,94
357,26	1748,97
357,48	1796,07
357,69	1751,01
357,91	1779,68
358,13	1828,84
358,35	1898,47
358,57	1857,51
358,79	1886,18
359,01	1890,28
359,22	1888,23
359,44	1949,67
359,66	1904,61
359,88	1861,60
360,10	1947,62
360,32	1916,90
360,53	1968,10
360,75	2084,83
360,97	2039,78
361,19	2050,02
361,41	2127,84
361,62	2168,80
361,84	2097,12
362,06	2123,74
362,28	2156,51
362,50	2295,77
362,72	2283,49
362,93	2316,25
363,15	2263,01
363,37	2465,75
363,59	2467,80
363,81	2443,23
364,02	2637,78
364,24	2656,22
364,46	2754,52
364,68	2838,48
364,90	2965,46
365,11	3035,09
365,33	3078,10
365,55	3076,05
365,77	3192,78
365,99	3315,66
366,20	3626,95
366,42	3686,34
366,64	3739,59
366,86	3792,84
367,07	4171,71
367,29	4222,91
367,51	4315,07
367,73	4405,18
367,95	4630,46
368,16	4870,07
368,38	4992,95
368,60	5087,15
368,82	5347,25
369,03	5566,38
369,25	5625,77
369,47	5826,47
369,69	5674,92
369,91	6004,64
370,12	5773,22
370,34	5777,32
370,56	6057,89
370,78	6154,15
370,99	6268,83
371,21	6131,62
371,43	6119,33
371,65	6246,30
371,86	6352,80
372,08	6451,10
372,30	6363,04
372,52	6569,88
372,73	6307,74
372,95	6254,50
373,17	6225,82
373,39	6395,81
373,60	6272,93
373,82	6115,23
374,04	6301,60
374,26	6289,31
374,47	6225,82
374,69	5986,21
374,91	6201,25
375,12	6000,55
375,34	5793,70
375,56	5621,67
375,78	5750,70
375,99	5433,26
376,21	5337,01
376,43	5216,18
376,65	5203,89
376,86	4908,98
377,08	4734,90
377,30	4964,28
377,51	4775,86
377,73	4560,83
377,95	4581,31
378,17	4341,69
378,38	4364,22
378,60	4392,89
378,82	4276,16
379,03	4206,53
379,25	4026,31
379,47	4100,03
379,68	3909,57
379,90	3823,56
380,12	3831,75
380,34	3741,64
380,55	3690,44
380,77	3776,45
380,99	3692,49
381,20	3678,15
381,42	3499,98
381,64	3436,49
381,85	3524,55
382,07	3540,94
382,29	3342,28
382,50	3391,44
382,72	3252,17
382,94	3182,54
383,15	3256,27
383,37	3196,88
383,59	3098,58
383,80	3018,71
384,02	3088,34
384,24	2912,21
384,45	3041,23
384,67	3004,37
384,89	2811,86
385,10	2713,56
385,32	2834,39
385,54	2709,46
385,75	2674,65
385,97	2779,09
386,19	2629,59
386,40	2615,26
386,62	2514,91
386,84	2496,47
387,05	2502,62
387,27	2402,27
387,49	2387,93
387,70	2430,94
387,92	2330,59
388,14	2187,23
388,35	2267,10
388,57	2308,06
388,79	2322,40
389,00	2189,28
389,22	2101,22
389,43	2201,57
389,65	2131,94
389,87	2199,52
390,08	2078,69
390,30	2097,12
390,52	2183,13
390,73	2187,23
390,95	2029,54
391,17	2074,59
391,38	2070,50
391,60	2119,65
391,81	2031,58
392,03	2050,02
392,25	1959,91
392,46	1855,46
392,68	2088,93
392,89	1968,10
393,11	1957,86
393,33	1953,76
393,54	1882,08
393,76	1980,39
393,98	2033,63
394,19	1925,09
394,41	1855,46
394,62	1757,16
394,84	1953,76
395,06	1877,99
395,27	1863,65
395,49	1830,88
395,70	1884,13
395,92	1843,17
396,13	1851,36
396,35	1812,45
396,57	1769,44
396,78	1781,73
397,00	1787,88
397,21	1802,21
397,43	1775,59
397,65	1771,49
397,86	1791,97
398,08	1708,01
398,29	1894,37
398,51	1728,49
398,72	1783,78
398,94	1806,31
399,16	1761,25
399,37	1746,92
399,59	1869,80
399,80	1726,44
400,02	1730,53
400,23	1796,07
400,45	1681,38
400,67	1818,60
400,88	1687,53
401,10	1677,29
401,31	1652,71
401,53	1654,76
401,74	1699,81
401,96	1656,81
402,17	1665,00
402,39	1642,47
402,61	1742,82
402,82	1705,96
403,04	1654,76
403,25	1683,43
403,47	1736,68
403,68	1679,33
403,90	1834,98
404,11	1621,99
404,33	1638,38
404,54	1728,49
404,76	1630,18
404,97	1628,14
405,19	1767,40
405,41	1683,43
405,62	1734,63
405,84	1589,22
406,05	1714,15
406,27	1587,18
406,48	1748,97
406,70	1626,09
406,91	1712,10
407,13	1642,47
407,34	1691,62
407,56	1783,78
407,77	1662,95
407,99	1679,33
408,20	1744,87
408,42	1632,23
408,63	1720,29
408,85	1642,47
409,06	1679,33
409,28	1853,41
409,49	1621,99
409,71	1691,62
409,92	1724,39
410,14	1687,53
410,35	1708,01
410,57	1652,71
410,78	1628,14
411,00	1695,72
411,21	1732,58
411,43	1748,97
411,64	1703,91
411,86	1746,92
412,07	1730,53
412,29	1626,09
412,50	1697,77
412,72	1736,68
412,93	1691,62
413,15	1720,29
413,36	1695,72
413,58	1677,29
413,79	1718,25
414,01	1644,52
414,22	1679,33
414,43	1748,97
414,65	1701,86
414,86	1636,33
415,08	1671,14
415,29	1687,53
415,51	1699,81
415,72	1611,75
415,94	1617,90
416,15	1724,39
416,37	1732,58
416,58	1632,23
416,80	1667,05
417,01	1624,04
417,22	1724,39
417,44	1746,92
417,65	1671,14
417,87	1656,81
418,08	1787,88
418,30	1708,01
418,51	1677,29
418,73	1710,05
418,94	1650,66
419,15	1648,61
419,37	1771,49
419,58	1603,56
419,80	1740,77
420,01	1759,21
420,23	1712,10
420,44	1763,30
420,65	1781,73
420,87	1728,49
421,08	1771,49
421,30	1757,16
421,51	1673,19
421,73	1718,25
421,94	1665,00
422,15	1722,34
422,37	1714,15
422,58	1677,29
422,80	1634,28
423,01	1685,48
423,22	1603,56
423,44	1675,24
423,65	1724,39
423,87	1720,29
424,08	1804,26
424,29	1671,14
424,51	1701,86
424,72	1736,68
424,94	1648,61
425,15	1767,40
425,36	1740,77
425,58	1652,71
425,79	1767,40
426,01	1755,11
426,22	1740,77
426,43	1726,44
426,65	1671,14
426,86	1718,25
427,08	1744,87
427,29	1607,66
427,50	1728,49
427,72	1710,05
427,93	1808,36
428,14	1689,57
428,36	1742,82
428,57	1812,45
428,79	1720,29
429,00	1746,92
429,21	1751,01
429,43	1867,75
429,64	1855,46
429,85	1783,78
430,07	1834,98
430,28	1777,64
430,49	1728,49
430,71	1751,01
430,92	1861,60
431,14	1845,22
431,35	1763,30
431,56	1810,40
431,78	1808,36
431,99	1884,13
432,20	1894,37
432,42	1720,29
432,63	1918,95
432,84	1830,88
433,06	1806,31
433,27	1906,66
433,48	1900,52
433,70	1855,46
433,91	2007,01
434,12	1796,07
434,34	1959,91
434,55	1945,57
434,76	1859,56
434,98	1918,95
435,19	1785,83
435,40	1808,36
435,62	1902,56
435,83	2002,91
436,04	1908,71
436,26	2013,15
436,47	1865,70
436,68	1820,64
436,90	1867,75
437,11	2000,87
437,32	1906,66
437,54	2004,96
437,75	1923,04
437,96	1957,86
438,17	2062,30
438,39	1984,48
438,60	2013,15
438,81	2015,20
439,03	2056,16
439,24	1980,39
439,45	2152,42
439,67	1947,62
439,88	2015,20
440,09	1953,76
440,30	2146,27
440,52	1978,34
440,73	1964,00
440,94	1943,52
441,16	2039,78
441,37	2103,26
441,58	2117,60
441,80	2058,21
442,01	2133,98
442,22	2133,98
442,43	2078,69
442,65	2213,85
442,86	2136,03
443,07	2179,04
443,28	2060,26
443,50	2170,85
443,71	2125,79
443,92	2133,98
444,14	2158,56
444,35	2181,09
444,56	2179,04
444,77	2146,27
444,99	2195,42
445,20	2133,98
445,41	2201,57
445,62	2121,70
445,84	2244,57
446,05	2246,62
446,26	2269,15
446,47	2267,10
446,69	2084,83
446,90	2133,98
447,11	2275,29
447,32	2043,87
447,54	2168,80
447,75	2213,85
447,96	2191,33
448,17	2150,37
448,39	2199,52
448,60	2172,89
448,81	2129,89
449,02	2265,05
449,23	2129,89
449,45	2226,14
449,66	2172,89
449,87	2088,93
450,08	2117,60
450,30	2095,07
450,51	2097,12
450,72	2201,57
450,93	2189,28
451,15	2156,51
451,36	2224,09
451,57	2207,71
451,78	2189,28
451,99	2217,95
452,21	2166,75
452,42	2201,57
452,63	2187,23
452,84	2103,26
453,05	2101,22
453,27	2131,94
453,48	2293,72
453,69	2066,40
453,90	2222,05
454,11	2109,41
454,33	2064,35
454,54	2004,96
454,75	2138,08
454,96	2119,65
455,17	2133,98
455,39	2170,85
455,60	2060,26
455,81	2138,08
456,02	2045,92
456,23	2093,02
456,45	2011,11
456,66	2230,24
456,87	2050,02
457,08	2054,11
457,29	2191,33
457,50	2090,98
457,72	2047,97
457,93	2041,82
458,14	2019,30
458,35	2107,36
458,56	2115,55
458,77	2064,35
458,99	2090,98
459,20	2101,22
459,41	2047,97
459,62	2047,97
459,83	2047,97
460,04	1994,72
460,26	2117,60
460,47	2084,83
460,68	2047,97
460,89	1976,29
461,10	2105,31
461,31	2103,26
461,52	2029,54
461,74	2115,55
461,95	1970,15
462,16	1914,85
462,37	2080,74
462,58	2068,45
462,79	2023,39
463,00	1959,91
463,22	2072,54
463,43	1970,15
463,64	1990,63
463,85	1998,82
464,06	2097,12
464,27	1943,52
464,48	2072,54
464,70	1970,15
464,91	1951,71
465,12	2029,54
465,33	1968,10
465,54	2154,46
465,75	2058,21
465,96	1996,77
466,17	1966,05
466,38	2097,12
466,60	1964,00
466,81	2011,11
467,02	2045,92
467,23	1994,72
467,44	2004,96
467,65	1929,19
467,86	2111,46
468,07	1916,90
468,28	2097,12
468,50	1925,09
468,71	2088,93
468,92	2043,87
469,13	2004,96
469,34	1980,39
469,55	2064,35
469,76	1929,19
469,97	2009,06
470,18	2080,74
470,39	2115,55
470,60	1976,29
470,82	2037,73
471,03	1955,81
471,24	2023,39
471,45	1996,77
471,66	2056,16
471,87	1955,81
472,08	2015,20
472,29	2017,25
472,50	2037,73
472,71	1986,53
472,92	2095,07
473,13	1982,43
473,34	2019,30
473,55	2025,44
473,77	2058,21
473,98	2107,36
474,19	2093,02
474,40	2021,35
474,61	2045,92
474,82	1914,85
475,03	1951,71
475,24	1984,48
475,45	2125,79
475,66	2115,55
475,87	2070,50
476,08	2013,15
476,29	2097,12
476,50	2068,45
476,71	2164,70
476,92	2138,08
477,13	2086,88
477,34	2033,63
477,55	2156,51
477,76	2142,18
477,97	2054,11
478,18	2101,22
478,40	2064,35
478,61	2199,52
478,82	2062,30
479,03	2158,56
479,24	2150,37
479,45	2187,23
479,66	2220,00
479,87	2207,71
480,08	2101,22
480,29	2133,98
480,50	2162,66
480,71	2148,32
480,92	2224,09
481,13	2002,91
481,34	2150,37
481,55	2138,08
481,76	2136,03
481,97	2230,24
482,18	2179,04
482,39	2148,32
482,60	2224,09
482,81	2265,05
483,02	2131,94
483,23	2269,15
483,44	2285,53
483,65	2160,61
483,86	2299,87
484,07	2244,57
484,28	2355,16
484,49	2320,35
484,70	2279,39
484,91	2189,28
485,12	2199,52
485,33	2265,05
485,54	2254,81
485,75	2306,01
485,96	2336,73
486,17	2324,44
486,38	2189,28
486,59	2279,39
486,80	2349,02
487,01	2236,38
487,21	2275,29
487,42	2369,50
487,63	2385,88
487,84	2320,35
488,05	2324,44
488,26	2545,63
488,47	2410,46
488,68	2332,64
488,89	2420,70
489,10	2389,98
489,31	2402,27
489,52	2340,83
489,73	2514,91
489,94	2504,67
490,15	2449,37
490,36	2514,91
490,57	2469,85
490,78	2482,14
490,99	2447,32
491,20	2469,85
491,41	2533,34
491,61	2607,06
491,82	2539,48
492,03	2514,91
492,24	2576,34
492,45	2469,85
492,66	2482,14
492,87	2488,28
493,08	2498,52
493,29	2559,96
493,50	2537,43
493,71	2572,25
493,92	2527,19
494,13	2506,71
494,34	2519,00
494,54	2590,68
494,75	2539,48
494,96	2652,12
495,17	2596,82
495,38	2547,67
495,59	2463,71
495,80	2600,92
496,01	2670,55
496,22	2609,11
496,43	2531,29
496,64	2504,67
496,84	2607,06
497,05	2625,50
497,26	2693,08
497,47	2656,22
497,68	2662,36
497,89	2574,30
498,10	2666,46
498,31	2734,04
498,52	2666,46
498,72	2641,88
498,93	2734,04
499,14	2613,21
499,35	2652,12
499,56	2658,26
499,77	2584,54
499,98	2736,09
500,19	2678,74
500,40	2715,61
500,60	2600,92
500,81	2867,16
501,02	2764,76
501,23	2721,75
501,44	2852,82
501,65	2740,18
501,86	2752,47
502,06	2666,46
502,27	2768,85
502,48	2791,38
502,69	2807,77
502,90	2762,71
503,11	2711,51
503,32	2885,59
503,53	2744,28
503,73	2822,10
503,94	2934,74
504,15	2951,12
504,36	2807,77
504,57	2820,05
504,78	2842,58
504,98	2824,15
505,19	2754,52
505,40	2832,34
505,61	2793,43
505,82	2848,72
506,03	3004,37
506,23	2840,53
506,44	2992,08
506,65	2949,08
506,86	2920,40
507,07	2793,43
507,28	2944,98
507,48	2916,31
507,69	2826,20
507,90	2906,07
508,11	2912,21
508,32	2961,36
508,53	2920,40
508,73	2916,31
508,94	2863,06
509,15	3033,04
509,36	2762,71
509,57	2910,16
509,77	2942,93
509,98	2838,48
510,19	2883,54
510,40	2947,03
510,61	2936,79
510,81	2887,64
511,02	2969,55
511,23	3018,71
511,44	2998,23
511,65	2938,84
511,85	3084,24
512,06	2883,54
512,27	2979,79
512,48	2985,94
512,69	3080,14
512,89	3069,91
513,10	2990,03
513,31	2992,08
513,52	3088,34
513,73	2947,03
513,93	3090,38
514,14	3047,38
514,35	3147,73
514,56	3006,42
514,76	2990,03
514,97	3137,49
515,18	3143,63
515,39	3002,32
515,60	3129,30
515,80	3108,82
516,01	3082,19
516,22	3151,82
516,43	3135,44
516,63	3030,99
516,84	3190,74
517,05	3108,82
517,26	3149,78
517,46	3145,68
517,67	3155,92
517,88	3092,43
518,09	3180,50
518,29	3088,34
518,50	3282,89
518,71	3061,71
518,92	3190,74
519,12	3233,74
519,33	3186,64
519,54	3172,30
519,75	3147,73
519,95	3157,97
520,16	3074,00
520,37	3106,77
520,57	3194,83
520,78	3270,61
520,99	3170,26
521,20	3272,65
521,40	3151,82
521,61	3237,84
521,82	3102,67
522,03	3127,25
522,23	3168,21
522,44	3155,92
522,65	3137,49
522,85	3110,86
523,06	3270,61
523,27	3256,27
523,48	3166,16
523,68	3256,27
523,89	3203,02
524,10	3239,89
524,30	3198,93
524,51	3383,24
524,72	3139,54
524,93	3235,79
525,13	3182,54
525,34	3231,69
525,55	3317,71
525,75	3213,26
525,96	3264,46
526,17	3258,32
526,37	3350,48
526,58	3196,88
526,79	3241,93
526,99	3243,98
527,20	3229,65
527,41	3282,89
527,62	3106,77
527,82	3280,85
528,03	3317,71
528,24	3274,70
528,44	3389,39
528,65	3153,87
528,86	3276,75
529,06	3239,89
529,27	3170,26
529,48	3194,83
529,68	3364,81
529,89	3321,81
530,10	3389,39
530,30	3278,80
530,51	3227,60
530,72	3305,42
530,92	3250,13
531,13	3319,76
531,34	3389,39
531,54	3399,63
531,75	3387,34
531,96	3479,50
532,16	3358,67
532,37	3379,15
532,57	3319,76
532,78	3405,77
532,99	3323,85
533,19	3358,67
533,40	3411,92
533,61	3246,03
533,81	3340,24
534,02	3303,37
534,23	3321,81
534,43	3289,04
534,64	3411,92
534,84	3364,81
535,05	3317,71
535,26	3358,67
535,46	3370,96
535,67	3307,47
535,88	3262,41
536,08	3219,41
536,29	3403,72
536,49	3315,66
536,70	3420,11
536,91	3256,27
537,11	3311,57
537,32	3252,17
537,53	3301,33
537,73	3405,77
537,94	3299,28
538,14	3452,88
538,35	3370,96
538,56	3397,58
538,76	3291,09
538,97	3409,87
539,17	3188,69
539,38	3426,25
539,59	3399,63
539,79	3299,28
540,00	3438,54
540,20	3473,36
540,41	3286,99
540,62	3686,34
540,82	3399,63
541,03	3442,64
541,23	3407,82
541,44	3370,96
541,64	3440,59
541,85	3377,10
542,06	3383,24
542,26	3289,04
542,47	3389,39
542,67	3366,86
542,88	3436,49
543,08	3360,72
543,29	3448,78
543,50	3416,01
543,70	3514,31
543,91	3418,06
544,11	3438,54
544,32	3446,73
544,52	3461,07
544,73	3405,77
544,94	3358,67
545,14	3352,52
545,35	3307,47
545,55	3377,10
545,76	3340,24
545,96	3411,92
546,17	3444,68
546,37	3360,72
546,58	3448,78
546,78	3434,44
546,99	3448,78
547,20	3510,22
547,40	3330,00
547,61	3426,25
547,81	3305,42
548,02	3416,01
548,22	3428,30
548,43	3463,12
548,63	3352,52
548,84	3358,67
549,04	3493,83
549,25	3416,01
549,45	3325,90
549,66	3303,37
549,86	3434,44
550,07	3440,59
550,27	3323,85
550,48	3459,02
550,69	3409,87
550,89	3538,89
551,10	3473,36
551,30	3637,19
551,51	3303,37
551,71	3469,26
551,92	3438,54
552,12	3504,07
552,33	3483,59
552,53	3352,52
552,74	3502,03
552,94	3440,59
553,15	3336,14
553,35	3444,68
553,56	3428,30
553,76	3454,92
553,97	3436,49
554,17	3323,85
554,38	3233,74
554,58	3518,41
554,79	3373,00
554,99	3401,68
555,19	3342,28
555,40	3426,25
555,60	3383,24
555,81	3301,33
556,01	3411,92
556,22	3524,55
556,42	3491,79
556,63	3444,68
556,83	3426,25
557,04	3459,02
557,24	3497,93
557,45	3471,31
557,65	3434,44
557,86	3477,45
558,06	3471,31
558,27	3426,25
558,47	3430,35
558,67	3364,81
558,88	3403,72
559,08	3418,06
559,29	3293,13
559,49	3557,32
559,70	3456,97
559,90	3436,49
560,11	3405,77
560,31	3407,82
560,52	3477,45
560,72	3575,75
560,92	3573,71
561,13	3411,92
561,33	3407,82
561,54	3463,12
561,74	3547,08
561,95	3450,83
562,15	3409,87
562,35	3485,64
562,56	3581,90
562,76	3399,63
562,97	3520,46
563,17	3413,96
563,38	3375,05
563,58	3403,72
563,78	3504,07
563,99	3348,43
564,19	3426,25
564,40	3557,32
564,60	3370,96
564,80	3391,44
565,01	3395,53
565,21	3530,70
565,42	3575,75
565,62	3360,72
565,83	3475,40
566,03	3532,75
566,23	3373,00
566,44	3497,93
566,64	3506,12
566,85	3471,31
567,05	3577,80
567,25	3416,01
567,46	3559,37
567,66	3450,83
567,86	3596,23
568,07	3418,06
568,27	3432,40
568,48	3399,63
568,68	3459,02
568,88	3495,88
569,09	3547,08
569,29	3502,03
569,50	3375,05
569,70	3379,15
569,90	3444,68
570,11	3485,64
570,31	3370,96
570,51	3489,74
570,72	3438,54
570,92	3520,46
571,13	3438,54
571,33	3430,35
571,53	3493,83
571,74	3495,88
571,94	3502,03
572,14	3379,15
572,35	3379,15
572,55	3416,01
572,75	3411,92
572,96	3452,88
573,16	3463,12
573,36	3483,59
573,57	3487,69
573,77	3389,39
573,97	3485,64
574,18	3366,86
574,38	3485,64
574,59	3489,74
574,79	3368,91
574,99	3420,11
575,20	3547,08
575,40	3233,74
575,60	3373,00
575,81	3524,55
576,01	3327,95
576,21	3373,00
576,42	3532,75
576,62	3471,31
576,82	3364,81
577,02	3426,25
577,23	3516,36
577,43	3483,59
577,63	3411,92
577,84	3358,67
578,04	3454,92
578,24	3334,09
578,45	3393,48
578,65	3405,77
578,85	3334,09
579,06	3444,68
579,26	3442,64
579,46	3395,53
579,67	3315,66
579,87	3454,92
580,07	3467,21
580,27	3391,44
580,48	3459,02
580,68	3420,11
580,88	3497,93
581,09	3401,68
581,29	3499,98
581,49	3428,30
581,69	3360,72
581,90	3368,91
582,10	3286,99
582,30	3366,86
582,51	3528,65
582,71	3342,28
582,91	3368,91
583,11	3375,05
583,32	3387,34
583,52	3350,48
583,72	3338,19
583,93	3485,64
584,13	3278,80
584,33	3352,52
584,53	3291,09
584,74	3393,48
584,94	3360,72
585,14	3375,05
585,34	3284,94
585,55	3389,39
585,75	3516,36
585,95	3243,98
586,15	3254,22
586,36	3319,76
586,56	3336,14
586,76	3446,73
586,96	3233,74
587,17	3381,20
587,37	3299,28
587,57	3282,89
587,77	3325,90
587,98	3383,24
588,18	3448,78
588,38	3241,93
588,58	3352,52
588,79	3291,09
588,99	3209,17
589,19	3241,93
589,39	3286,99
589,60	3344,33
589,80	3299,28
590,00	3385,29
590,20	3274,70
590,40	3205,07
590,61	3280,85
590,81	3278,80
591,01	3377,10
591,21	3387,34
591,42	3416,01
591,62	3166,16
591,82	3155,92
592,02	3286,99
592,22	3235,79
592,43	3286,99
592,63	3395,53
592,83	3356,62
593,03	3311,57
593,23	3272,65
593,44	3286,99
593,64	3225,55
593,84	3182,54
594,04	3268,56
594,24	3082,19
594,45	3239,89
594,65	3174,35
594,85	3262,41
595,05	3157,97
595,25	3282,89
595,46	3284,94
595,66	3166,16
595,86	3266,51
596,06	3141,58
596,26	3192,78
596,46	3295,18
596,67	3190,74
596,87	3264,46
597,07	3217,36
597,27	3108,82
597,47	3160,02
597,67	3291,09
597,88	3125,20
598,08	3174,35
598,28	3284,94
598,48	3129,30
598,68	3198,93
598,88	3278,80
599,09	3248,08
599,29	3108,82
599,49	3186,64
599,69	3241,93
599,89	3166,16
600,09	3166,16
600,30	3317,71
600,50	3254,22
600,70	3162,06
600,90	3157,97
601,10	3227,60
601,30	3264,46
601,50	3149,78
601,71	3280,85
601,91	3203,02
602,11	3135,44
602,31	3090,38
602,51	3135,44
602,71	3063,76
602,91	3166,16
603,11	2990,03
603,32	3227,60
603,52	3090,38
603,72	3174,35
603,92	3102,67
604,12	3147,73
604,32	3225,55
604,52	3170,26
604,72	3149,78
604,93	3174,35
605,13	3266,51
605,33	3213,26
605,53	3123,15
605,73	3135,44
605,93	3127,25
606,13	3069,91
606,33	3049,43
606,53	3000,27
606,74	3121,10
606,94	3172,30
607,14	3096,53
607,34	3051,47
607,54	3078,10
607,74	3012,56
607,94	3082,19
608,14	3166,16
608,34	2981,84
608,54	3069,91
608,74	3041,23
608,95	3065,81
609,15	3114,96
609,35	3051,47
609,55	2955,22
609,75	3012,56
609,95	3139,54
610,15	3006,42
610,35	3024,85
610,55	3002,32
610,75	2963,41
610,95	3030,99
611,15	2977,75
611,35	3018,71
611,55	3090,38
611,76	3067,86
611,96	3098,58
612,16	3000,27
612,36	2961,36
612,56	3125,20
612,76	3198,93
612,96	2955,22
613,16	3008,47
613,36	3026,90
613,56	3022,80
613,76	2994,13
613,96	2889,68
614,16	3000,27
614,36	2947,03
614,56	2996,18
614,76	3045,33
614,96	2996,18
615,16	2942,93
615,36	2832,34
615,56	2873,30
615,76	2996,18
615,97	3008,47
616,17	2869,20
616,37	2990,03
616,57	2938,84
616,77	3037,14
616,97	3010,51
617,17	2895,83
617,37	2955,22
617,57	2799,57
617,77	2920,40
617,97	2873,30
618,17	2949,08
618,37	2932,69
618,57	3035,09
618,77	3006,42
618,97	2885,59
619,17	2895,83
619,37	2973,65
619,57	2973,65
619,77	2901,97
619,97	2965,46
620,17	2904,02
620,37	2918,36
620,57	2901,97
620,77	2906,07
620,97	2895,83
621,17	2760,66
621,37	2828,24
621,57	2830,29
621,77	2746,33
621,97	2895,83
622,17	2791,38
622,37	2887,64
622,57	2932,69
622,77	2916,31
622,97	2723,80
623,17	2803,67
623,37	2940,88
623,57	2883,54
623,77	2815,96
623,97	2768,85
624,16	2777,05
624,36	2750,42
624,56	2742,23
624,76	2795,48
624,96	2711,51
625,16	2762,71
625,36	2764,76
625,56	2844,63
625,76	2834,39
625,96	2723,80
626,16	2850,77
626,36	2828,24
626,56	2775,00
626,76	2783,19
626,96	2688,98
627,16	2832,34
627,36	2668,50
627,56	2824,15
627,76	2820,05
627,96	2783,19
628,16	2775,00
628,35	2811,86
628,55	2699,22
628,75	2826,20
628,95	2678,74
629,15	2754,52
629,35	2684,89
629,55	2658,26
629,75	2758,61
629,95	2742,23
630,15	2744,28
630,35	2701,27
630,55	2705,37
630,75	2682,84
630,95	2836,44
631,14	2609,11
631,34	2631,64
631,54	2656,22
631,74	2760,66
631,94	2645,98
632,14	2627,54
632,34	2688,98
632,54	2688,98
632,74	2598,87
632,94	2664,41
633,14	2768,85
633,33	2645,98
633,53	2697,17
633,73	2736,09
633,93	2676,70
634,13	2693,08
634,33	2641,88
634,53	2537,43
634,73	2566,10
634,93	2621,40
635,12	2635,74
635,32	2635,74
635,52	2607,06
635,72	2551,77
635,92	2672,60
636,12	2758,61
636,32	2633,69
636,52	2600,92
636,71	2559,96
636,91	2564,06
637,11	2619,35
637,31	2514,91
637,51	2580,44
637,71	2770,90
637,91	2580,44
638,11	2592,73
638,30	2557,91
638,50	2574,30
638,70	2662,36
638,90	2658,26
639,10	2566,10
639,30	2588,63
639,50	2539,48
639,69	2551,77
639,89	2551,77
640,09	2512,86
640,29	2570,20
640,49	2551,77
640,69	2535,39
640,88	2492,38
641,08	2447,32
641,28	2652,12
641,48	2607,06
641,68	2473,95
641,88	2512,86
642,07	2508,76
642,27	2557,91
642,47	2525,15
642,67	2564,06
642,87	2494,43
643,07	2510,81
643,26	2564,06
643,46	2519,00
643,66	2412,51
643,86	2467,80
644,06	2504,67
644,26	2539,48
644,45	2475,99
644,65	2535,39
644,85	2514,91
645,05	2523,10
645,25	2465,75
645,44	2461,66
645,64	2412,51
645,84	2383,84
646,04	2424,80
646,24	2394,08
646,43	2545,63
646,63	2445,27
646,83	2353,12
647,03	2465,75
647,23	2359,26
647,42	2465,75
647,62	2482,14
647,82	2351,07
648,02	2439,13
648,22	2463,71
648,41	2451,42
648,61	2322,40
648,81	2416,60
649,01	2449,37
649,20	2510,81
649,40	2502,62
649,60	2504,67
649,80	2371,55
650,00	2410,46
650,19	2295,77
650,39	2381,79
650,59	2494,43
650,79	2308,06
650,98	2385,88
651,18	2230,24
651,38	2416,60
651,58	2324,44
651,77	2338,78
651,97	2459,61
652,17	2310,11
652,37	2400,22
652,56	2359,26
652,76	2312,16
652,96	2377,69
653,16	2394,08
653,35	2271,20
653,55	2338,78
653,75	2359,26
653,95	2346,97
654,14	2299,87
654,34	2287,58
654,54	2293,72
654,74	2322,40
654,93	2250,72
655,13	2267,10
655,33	2234,33
655,52	2353,12
655,72	2351,07
655,92	2242,53
656,12	2273,25
656,31	2365,40
656,51	2199,52
656,71	2193,37
656,91	2287,58
657,10	2301,92
657,30	2207,71
657,50	2289,63
657,69	2332,64
657,89	2273,25
658,09	2318,30
658,29	2238,43
658,48	2334,68
658,68	2246,62
658,88	2316,25
659,07	2318,30
659,27	2293,72
659,47	2254,81
659,66	2273,25
659,86	2211,81
660,06	2275,29
660,26	2195,42
660,45	2263,01
660,65	2342,88
660,85	2277,34
661,04	2176,99
661,24	2326,49
661,44	2156,51
661,63	2213,85
661,83	2252,77
662,03	2244,57
662,22	2297,82
662,42	2158,56
662,62	2260,96
662,81	2174,94
663,01	2154,46
663,21	2258,91
663,40	2181,09
663,60	2242,53
663,80	2269,15
663,99	2361,31
664,19	2164,70
664,39	2316,25
664,58	2209,76
664,78	2197,47
664,98	2097,12
665,17	2156,51
665,37	2211,81
665,57	2281,44
665,76	2183,13
665,96	2131,94
666,16	2152,42
666,35	2267,10
666,55	2256,86
666,74	2187,23
666,94	2244,57
667,14	2154,46
667,33	2211,81
667,53	2271,20
667,73	2154,46
667,92	2256,86
668,12	2265,05
668,32	2203,61
668,51	2154,46
668,71	2084,83
668,90	2224,09
669,10	2203,61
669,30	2181,09
669,49	2103,26
669,69	2263,01
669,89	2131,94
670,08	2054,11
670,28	2441,18
670,47	2029,54
670,67	2197,47
670,87	2080,74
671,06	2297,82
671,26	2131,94
671,45	2054,11
671,65	2170,85
671,85	2113,50
672,04	2076,64
672,24	2072,54
672,43	2127,84
672,63	2123,74
672,83	2183,13
673,02	2064,35
673,22	2086,88
673,41	2037,73
673,61	2004,96
673,81	2146,27
674,00	2199,52
674,20	2045,92
674,39	2097,12
674,59	2037,73
674,78	2052,06
674,98	2254,81
675,18	2097,12
675,37	2043,87
675,57	2033,63
675,76	2090,98
675,96	2115,55
676,15	2127,84
676,35	2144,22
676,55	2007,01
676,74	2121,70
676,94	2066,40
677,13	2013,15
677,33	2133,98
677,52	2099,17
677,72	2015,20
677,91	1959,91
678,11	2054,11
678,31	2047,97
678,50	2095,07
678,70	2031,58
678,89	2099,17
679,09	2117,60
679,28	2074,59
679,48	2017,25
679,67	2000,87
679,87	2111,46
680,06	2029,54
680,26	2121,70
680,46	2107,36
680,65	2070,50
680,85	2064,35
681,04	1990,63
681,24	1939,43
681,43	2033,63
681,63	2058,21
681,82	2007,01
682,02	1984,48
682,21	2041,82
682,41	1951,71
682,60	2017,25
682,80	2031,58
682,99	2031,58
683,19	2058,21
683,38	2041,82
683,58	2047,97
683,77	2070,50
683,97	2035,68
684,16	2170,85
684,36	2017,25
684,55	2039,78
684,75	1859,56
684,94	2060,26
685,14	2019,30
685,33	1894,37
685,53	2050,02
685,72	2027,49
685,92	2009,06
686,11	1970,15
686,31	2031,58
686,50	2035,68
686,70	2013,15
686,89	1929,19
687,09	1937,38
687,28	2088,93
687,48	1929,19
687,67	2004,96
687,87	1970,15
688,06	1880,04
688,26	2000,87
688,45	1976,29
688,65	1902,56
688,84	1988,58
689,03	1925,09
689,23	1828,84
689,42	2013,15
689,62	1910,75
689,81	2023,39
690,01	2027,49
690,20	2000,87
690,40	1959,91
690,59	1986,53
690,79	1900,52
690,98	1964,00
691,17	1961,95
691,37	1939,43
691,56	1998,82
691,76	2056,16
691,95	1935,33
692,15	1894,37
692,34	1927,14
692,54	1884,13
692,73	1994,72
692,92	1990,63
693,12	1933,28
693,31	1847,27
693,51	1980,39
693,70	1943,52
693,90	1906,66
694,09	1912,80
694,28	2009,06
694,48	1955,81
694,67	1978,34
694,87	2033,63
695,06	1925,09
695,26	1931,23
695,45	1945,57
695,64	1943,52
695,84	1961,95
696,03	1920,99
696,23	1957,86
696,42	1873,89
696,61	1984,48
696,81	2029,54
697,00	1880,04
697,20	1992,67
697,39	1892,32
697,58	1816,55
697,78	1957,86
697,97	1992,67
698,17	1955,81
698,36	1925,09
698,55	1888,23
698,75	2021,35
698,94	1914,85
699,14	1861,60
699,33	1869,80
699,52	1970,15
699,72	2004,96
699,91	1912,80
700,10	1953,76
700,30	1947,62
700,49	2007,01
700,69	1966,05
700,88	1951,71
701,07	1949,67
701,27	1925,09
701,46	2043,87
701,65	1943,52
701,85	1914,85
702,04	1984,48
702,23	1841,12
702,43	1857,51
702,62	1859,56
702,82	1929,19
703,01	2031,58
703,20	1966,05
703,40	1990,63
703,59	2007,01
703,78	1957,86
703,98	1941,47
704,17	1931,23
704,36	2019,30
704,56	2099,17
704,75	1847,27
704,94	1914,85
705,14	1978,34
705,33	1916,90
705,52	1920,99
705,72	1855,46
705,91	1949,67
706,10	1943,52
706,30	1943,52
706,49	2013,15
706,68	2031,58
706,88	1920,99
707,07	1982,43
707,26	1920,99
707,46	1976,29
707,65	2052,06
707,84	1873,89
708,04	1892,32
708,23	2039,78
708,42	1957,86
708,62	1970,15
708,81	1918,95
709,00	2021,35
709,19	2009,06
709,39	1906,66
709,58	1951,71
709,77	1972,19
709,97	1957,86
710,16	1941,47
710,35	1910,75
710,55	1918,95
710,74	1978,34
710,93	1939,43
711,12	1935,33
711,32	1951,71
711,51	2045,92
711,70	1888,23
711,90	1961,95
712,09	1896,42
712,28	1996,77
712,47	1904,61
712,67	1918,95
712,86	1961,95
713,05	1912,80
713,24	1886,18
713,44	1935,33
713,63	1875,94
713,82	1894,37
714,02	1953,76
714,21	1949,67
714,40	1869,80
714,59	1912,80
714,79	1839,08
714,98	1951,71
715,17	1949,67
715,36	1804,26
715,56	1867,75
715,75	1902,56
715,94	1982,43
716,13	1863,65
716,33	1906,66
716,52	1892,32
716,71	1939,43
716,90	1873,89
717,10	1841,12
717,29	1812,45
717,48	2086,88
717,67	1896,42
717,87	1869,80
718,06	1923,04
718,25	1908,71
718,44	1943,52
718,63	1937,38
718,83	1834,98
719,02	1882,08
719,21	1892,32
719,40	1804,26
719,60	1855,46
719,79	1880,04
719,98	1982,43
720,17	1806,31
720,36	1920,99
720,56	1877,99
720,75	1779,68
720,94	1970,15
721,13	1871,84
721,33	1888,23
721,52	1808,36
721,71	1955,81
721,90	1966,05
722,09	1877,99
722,29	1982,43
722,48	1845,22
722,67	1859,56
722,86	1914,85
723,05	1861,60
723,24	1888,23
723,44	1927,14
723,63	1894,37
723,82	1888,23
724,01	1871,84
724,20	2000,87
724,40	1781,73
724,59	1849,32
724,78	1781,73
724,97	1849,32
725,16	1873,89
725,35	2000,87
725,55	1875,94
725,74	1871,84
725,93	1998,82
726,12	1849,32
726,31	1937,38
726,51	1920,99
726,70	1871,84
726,89	1904,61
727,08	1865,70
727,27	1957,86
727,46	1886,18
727,65	1910,75
727,85	1912,80
728,04	1839,08
728,23	1800,16
728,42	1947,62
728,61	1914,85
728,80	1904,61
729,00	1951,71
729,19	1916,90
729,38	1966,05
729,57	1890,28
729,76	1880,04
729,95	1998,82
730,14	1832,93
730,33	1929,19
730,53	1882,08
730,72	1861,60
730,91	1929,19
731,10	2009,06
731,29	2002,91
731,48	1996,77
731,67	1837,03
731,86	1910,75
732,06	1935,33
732,25	1925,09
732,44	1941,47
732,63	1871,84
732,82	1992,67
733,01	2007,01
733,20	1828,84
733,39	1959,91
733,59	1976,29
733,78	1869,80
733,97	1994,72
734,16	1968,10
734,35	1966,05
734,54	1943,52
734,73	2025,44
734,92	1898,47
735,11	1855,46
735,30	2009,06
735,49	1980,39
735,69	2058,21
735,88	1920,99
736,07	2029,54
736,26	1904,61
736,45	2011,11
736,64	1916,90
736,83	1992,67
737,02	1929,19
737,21	2029,54
737,40	1845,22
737,59	2052,06
737,78	1906,66
737,98	1933,28
738,17	1978,34
738,36	2107,36
738,55	1886,18
738,74	1959,91
738,93	1929,19
739,12	1906,66
739,31	1832,93
739,50	1898,47
739,69	2009,06
739,88	1990,63
740,07	1955,81
740,26	1939,43
740,45	1968,10
740,64	1955,81
740,83	1841,12
741,02	1896,42
741,22	1949,67
741,41	2000,87
741,60	1966,05
741,79	1880,04
741,98	1959,91
742,17	1914,85
742,36	2009,06
742,55	1927,14
742,74	2095,07
742,93	1927,14
743,12	1939,43
743,31	1935,33
743,50	1931,23
743,69	1916,90
743,88	1880,04
744,07	1900,52
744,26	2074,59
744,45	1959,91
744,64	2004,96
744,83	1902,56
745,02	1828,84
745,21	1982,43
745,40	1945,57
745,59	1968,10
745,78	1888,23
745,97	1943,52
746,16	1992,67
746,35	1980,39
746,54	1908,71
746,73	1918,95
746,92	1945,57
747,11	1837,03
747,30	1959,91
747,49	1927,14
747,68	1920,99
747,87	1990,63
748,06	1998,82
748,25	1968,10
748,44	1955,81
748,63	2070,50
748,82	1920,99
749,01	1785,83
749,20	1912,80
749,39	1834,98
749,58	1918,95
749,77	1892,32
749,96	1912,80
750,15	1974,24
750,34	1898,47
750,53	1998,82
750,72	1980,39
750,91	1925,09
751,10	1964,00
751,29	1822,69
751,48	1845,22
751,67	1882,08
751,86	1920,99
752,04	1982,43
752,23	1900,52
752,42	1892,32
752,61	1906,66
752,80	1939,43
752,99	1871,84
753,18	1877,99
753,37	1980,39
753,56	1830,88
753,75	1873,89
753,94	1779,68
754,13	1923,04
754,32	1882,08
754,51	1816,55
754,70	1990,63
754,89	1847,27
755,08	1912,80
755,27	1869,80
755,45	1851,36
755,64	1845,22
755,83	1855,46
756,02	1939,43
756,21	1849,32
756,40	1849,32
756,59	1810,40
756,78	1830,88
756,97	1783,78
757,16	1953,76
757,35	1861,60
757,54	1859,56
757,72	1855,46
757,91	1789,92
758,10	1832,93
758,29	1724,39
758,48	1847,27
758,67	1767,40
758,86	1853,41
759,05	1785,83
759,24	1765,35
759,43	1808,36
759,61	1697,77
759,80	1724,39
759,99	1761,25
760,18	1755,11
760,37	1830,88
760,56	1755,11
760,75	1812,45
760,94	1830,88
761,13	1806,31
761,31	1884,13
761,50	1791,97
761,69	1726,44
761,88	1800,16
762,07	1671,14
762,26	1855,46
762,45	1748,97
762,64	1771,49
762,82	1679,33
763,01	1806,31
763,20	1779,68
763,39	1755,11
763,58	1705,96
763,77	1697,77
763,96	1757,16
764,14	1777,64
764,33	1712,10
764,52	1714,15
764,71	1775,59
764,90	1812,45
765,09	1892,32
765,27	1841,12
765,46	1757,16
765,65	1787,88
765,84	1908,71
766,03	1859,56
766,22	1808,36
766,41	1804,26
766,59	1890,28
766,78	1834,98
766,97	1830,88
767,16	1877,99
767,35	1728,49
767,54	1888,23
767,72	1929,19
767,91	1908,71
768,10	1798,12
768,29	1791,97
768,48	1796,07
768,66	1763,30
768,85	1802,21
769,04	1882,08
769,23	1791,97
769,42	1882,08
769,61	1763,30
769,79	1873,89
769,98	1837,03
770,17	1843,17
770,36	1882,08
770,55	1808,36
770,73	1841,12
770,92	1900,52
771,11	1964,00
771,30	1769,44
771,49	1794,02
771,67	1976,29
771,86	1925,09
772,05	1791,97
772,24	1837,03
772,42	1847,27
772,61	1779,68
772,80	1806,31
772,99	1824,74
773,18	1898,47
773,36	1814,50
773,55	1785,83
773,74	1834,98
773,93	1841,12
774,11	1798,12
774,30	1918,95
774,49	1746,92
774,68	1906,66
774,87	1871,84
775,05	1882,08
775,24	1734,63
775,43	1855,46
775,62	1853,41
775,80	1845,22
775,99	1751,01
776,18	1918,95
776,37	1839,08
776,55	1855,46
776,74	1839,08
776,93	1806,31
777,12	1873,89
777,30	1853,41
777,49	1781,73
777,68	1851,36
777,87	1771,49
778,05	1751,01
778,24	1847,27
778,43	1810,40
778,62	1724,39
778,80	1984,48
778,99	1873,89
779,18	1851,36
779,36	1884,13
779,55	1761,25
779,74	1906,66
779,93	1789,92
780,11	1824,74
780,30	1765,35
780,49	1941,47
780,68	1880,04
780,86	1918,95
781,05	1892,32
781,24	1748,97
781,42	1914,85
781,61	1791,97
781,80	1785,83
781,98	1804,26
782,17	1834,98
782,36	1843,17
782,55	1834,98
782,73	1763,30
782,92	1855,46
783,11	1777,64
783,29	1791,97
783,48	1882,08
783,67	1849,32
783,85	1800,16
784,04	1845,22
784,23	1839,08
784,42	1822,69
784,60	1814,50
784,79	1863,65
784,98	1810,40
785,16	1869,80
785,35	1755,11
785,54	1826,79
785,72	1937,38
785,91	1791,97
786,10	1789,92
786,28	1771,49
786,47	1806,31
786,66	1806,31
786,84	1800,16
787,03	1816,55
787,22	1818,60
787,40	1789,92
787,59	1859,56
787,78	1869,80
787,96	1712,10
788,15	1824,74
788,34	1837,03
788,52	1812,45
788,71	1859,56
788,89	1785,83
789,08	1791,97
789,27	1865,70
789,45	1814,50
789,64	1781,73
789,83	1730,53
790,01	1726,44
790,20	1839,08
790,39	1785,83
790,57	1710,05
790,76	1810,40
790,95	1669,09
791,13	1787,88
791,32	1804,26
791,50	1859,56
791,69	1748,97
791,88	1822,69
792,06	1824,74
792,25	1734,63
792,43	1742,82
792,62	1794,02
792,81	1810,40
792,99	1746,92
793,18	1828,84
793,37	1748,97
793,55	1734,63
793,74	1769,44
793,92	1839,08
794,11	1783,78
794,30	1718,25
794,48	1826,79
794,67	1757,16
794,85	1697,77
795,04	1730,53
795,23	1826,79
795,41	1767,40
795,60	1767,40
795,78	1849,32
795,97	1992,67
796,15	1884,13
796,34	1875,94
796,53	1716,20
796,71	1763,30
796,90	1873,89
797,08	1755,11
797,27	1851,36
797,46	1822,69
797,64	1728,49
797,83	1804,26
798,01	1761,25
798,20	1837,03
798,38	1828,84
798,57	1691,62
798,76	1589,22
798,94	1732,58
799,13	1763,30
799,31	1730,53
799,50	1775,59
799,68	1740,77
799,87	1730,53
800,05	1734,63
800,24	1763,30
800,43	1689,57
800,61	1914,85
800,80	1818,60
800,98	1751,01
801,17	1779,68
801,35	1791,97
801,54	1757,16
801,72	1789,92
801,91	1759,21
802,09	1705,96
802,28	1701,86
802,46	1859,56
802,65	1765,35
802,84	1882,08
803,02	1751,01
803,21	1777,64
803,39	1714,15
803,58	1857,51
803,76	1843,17
803,95	1757,16
804,13	1763,30
804,32	1802,21
804,50	1906,66
804,69	1859,56
804,87	1839,08
805,06	1789,92
805,24	1804,26
805,43	1755,11
805,61	1818,60
805,80	1783,78
805,98	1824,74
806,17	1761,25
806,35	1732,58
806,54	1773,54
806,72	1769,44
806,91	1794,02
807,09	1818,60
807,28	1734,63
807,46	1822,69
807,65	1804,26
807,83	1734,63
808,02	1714,15
808,20	1839,08
808,39	1794,02
808,57	1767,40
808,76	1845,22
808,94	1812,45
809,13	1660,90
809,31	1738,73
809,49	1791,97
809,68	1751,01
809,86	1781,73
810,05	1773,54
810,23	1841,12
810,42	1783,78
810,60	1775,59
810,79	1669,09
810,97	1748,97
811,16	1761,25
811,34	1722,34
811,53	1761,25
811,71	1763,30
811,89	1783,78
812,08	1781,73
812,26	1679,33
812,45	1722,34
812,63	1710,05
812,82	1744,87
813,00	1634,28
813,19	1675,24
813,37	1712,10
813,55	1728,49
813,74	1665,00
813,92	1791,97
814,11	1699,81
814,29	1628,14
814,48	1777,64
814,66	1765,35
814,84	1818,60
815,03	1755,11
815,21	1794,02
815,40	1775,59
815,58	1777,64
815,77	1775,59
815,95	1687,53
816,13	1703,91
816,32	1851,36
816,50	1761,25
816,69	1703,91
816,87	1716,20
817,05	1654,76
817,24	1834,98
817,42	1685,48
817,61	1660,90
817,79	1710,05
817,97	1650,66
818,16	1654,76
818,34	1798,12
818,53	1689,57
818,71	1789,92
818,89	1648,61
819,08	1703,91
819,26	1691,62
819,45	1712,10
819,63	1822,69
819,81	1761,25
820,00	1884,13
820,18	1665,00
820,36	1775,59
820,55	1662,95
820,73	1648,61
820,92	1636,33
821,10	1679,33
821,28	1642,47
821,47	1884,13
821,65	1685,48
821,83	1853,41
822,02	1613,80
822,20	1736,68
822,39	1650,66
822,57	1615,85
822,75	1697,77
822,94	1609,70
823,12	1724,39
823,30	1654,76
823,49	1853,41
823,67	1669,09
823,85	1753,06
824,04	1638,38
824,22	1720,29
824,40	1798,12
824,59	1730,53
824,77	1763,30
824,95	1751,01
825,14	1822,69
825,32	1751,01
825,50	1716,20
825,69	1665,00
825,87	1834,98
826,05	1695,72
826,24	1708,01
826,42	1787,88
826,60	1703,91
826,79	1710,05
826,97	1611,75
827,15	1720,29
827,34	1734,63
827,52	1699,81
827,70	1681,38
827,89	1685,48
828,07	1671,14
828,25	1724,39
828,44	1771,49
828,62	1675,24
828,80	1834,98
828,98	1816,55
829,17	1759,21
829,35	1777,64
829,53	1697,77
829,72	1708,01
829,90	1654,76
830,08	1646,57
830,27	1740,77
830,45	1746,92
830,63	1742,82
830,81	1599,46
831,00	1773,54
831,18	1642,47
831,36	1738,73
831,55	1716,20
831,73	1624,04
831,91	1681,38
832,09	1746,92
832,28	1804,26
832,46	1671,14
832,64	1714,15
832,82	1634,28
833,01	1746,92
833,19	1771,49
833,37	1665,00
833,55	1701,86
833,74	1716,20
833,92	1679,33
834,10	1626,09
834,29	1701,86
834,47	1697,77
834,65	1665,00
834,83	1669,09
835,02	1755,11
835,20	1712,10
835,38	1705,96
835,56	1734,63
835,75	1751,01
835,93	1710,05
836,11	1701,86
836,29	1636,33
836,47	1791,97
836,66	1734,63
836,84	1824,74
837,02	1744,87
837,20	1665,00
837,39	1757,16
837,57	1724,39
837,75	1732,58
837,93	1681,38
838,12	1669,09
838,30	1662,95
838,48	1718,25
838,66	1810,40
838,84	1703,91
839,03	1757,16
839,21	1660,90
839,39	1712,10
839,57	1728,49
839,75	1777,64
839,94	1613,80
840,12	1685,48
840,30	1681,38
840,48	1773,54
840,66	1720,29
840,85	1556,46
841,03	1722,34
841,21	1722,34
841,39	1728,49
841,57	1679,33
841,76	1761,25
841,94	1708,01
842,12	1712,10
842,30	1683,43
842,48	1796,07
842,67	1695,72
842,85	1675,24
843,03	1753,06
843,21	1703,91
843,39	1808,36
843,57	1658,85
843,76	1708,01
843,94	1611,75
844,12	1791,97
844,30	1636,33
844,48	1665,00
844,66	1779,68
844,85	1673,19
845,03	1701,86
845,21	1566,70
845,39	1787,88
845,57	1718,25
845,75	1746,92
845,94	1746,92
846,12	1691,62
846,30	1751,01
846,48	1660,90
846,66	1763,30
846,84	1540,07
847,02	1751,01
847,21	1632,23
847,39	1628,14
847,57	1716,20
847,75	1601,51
847,93	1587,18
848,11	1621,99
848,29	1681,38
848,48	1628,14
848,66	1714,15
848,84	1822,69
849,02	1650,66
849,20	1572,84
849,38	1665,00
849,56	1669,09
849,74	1693,67
849,93	1712,10
850,11	1720,29
850,29	1624,04
850,47	1662,95
850,65	1712,10
850,83	1628,14
851,01	1689,57
851,19	1726,44
851,37	1636,33
851,56	1679,33
851,74	1697,77
851,92	1646,57
852,10	1691,62
852,28	1644,52
852,46	1642,47
852,64	1667,05
852,82	1720,29
853,00	1634,28
853,18	1679,33
853,37	1568,74
853,55	1648,61
853,73	1605,61
853,91	1662,95
854,09	1718,25
854,27	1677,29
854,45	1693,67
854,63	1689,57
854,81	1716,20
854,99	1683,43
855,17	1716,20
855,35	1611,75
855,53	1691,62
855,72	1613,80
855,90	1765,35
856,08	1726,44
856,26	1683,43
856,44	1806,31
856,62	1640,42
856,80	1630,18
856,98	1656,81
857,16	1656,81
857,34	1697,77
857,52	1658,85
857,70	1648,61
857,88	1681,38
858,06	1720,29
858,24	1703,91
858,42	1787,88
858,60	1654,76
858,78	1652,71
858,96	1742,82
859,15	1693,67
859,33	1634,28
859,51	1650,66
859,69	1697,77
859,87	1615,85
860,05	1710,05
860,23	1804,26
860,41	1689,57
860,59	1722,34
860,77	1628,14
860,95	1681,38
861,13	1763,30
861,31	1634,28
861,49	1658,85
861,67	1769,44
861,85	1681,38
862,03	1732,58
862,21	1712,10
862,39	1652,71
862,57	1781,73
862,75	1660,90
862,93	1714,15
863,11	1710,05
863,29	1552,36
863,47	1615,85
863,65	1673,19
863,83	1578,98
864,01	1687,53
864,19	1593,32
864,37	1640,42
864,55	1626,09
864,73	1646,57
864,91	1595,37
865,09	1662,95
865,27	1591,27
865,45	1607,66
865,63	1644,52
865,81	1648,61
865,99	1591,27
866,17	1730,53
866,35	1736,68
866,53	1761,25
866,71	1611,75
866,89	1671,14
867,07	1617,90
867,24	1587,18
867,42	1693,67
867,60	1703,91
867,78	1665,00
867,96	1646,57
868,14	1732,58
868,32	1775,59
868,50	1609,70
868,68	1660,90
868,86	1681,38
869,04	1681,38
869,22	1562,60
869,40	1595,37
869,58	1578,98
869,76	1699,81
869,94	1574,89
870,12	1621,99
870,30	1603,56
870,48	1636,33
870,66	1691,62
870,83	1624,04
871,01	1642,47
871,19	1609,70
871,37	1667,05
871,55	1556,46
871,73	1634,28
871,91	1638,38
872,09	1693,67
872,27	1642,47
872,45	1621,99
872,63	1597,42
872,81	1583,08
872,98	1744,87
873,16	1638,38
873,34	1665,00
873,52	1662,95
873,70	1703,91
873,88	1681,38
874,06	1517,54
874,24	1648,61
874,42	1525,74
874,60	1646,57
874,78	1669,09
874,95	1662,95
875,13	1613,80
875,31	1624,04
875,49	1746,92
875,67	1611,75
875,85	1615,85
876,03	1652,71
876,21	1712,10
876,39	1593,32
876,56	1599,46
876,74	1544,17
876,92	1605,61
877,10	1701,86
877,28	1619,94
877,46	1652,71
877,64	1624,04
877,82	1699,81
877,99	1611,75
878,17	1640,42
878,35	1646,57
878,53	1705,96
878,71	1744,87
878,89	1646,57
879,07	1716,20
879,24	1662,95
879,42	1716,20
879,60	1615,85
879,78	1652,71
879,96	1613,80
880,14	1714,15
880,32	1644,52
880,49	1654,76
880,67	1644,52
880,85	1734,63
881,03	1589,22
881,21	1662,95
881,39	1587,18
881,56	1609,70
881,74	1642,47
881,92	1531,88
882,10	1634,28
882,28	1728,49
882,46	1697,77
882,63	1587,18
882,81	1523,69
882,99	1568,74
883,17	1589,22
883,35	1718,25
883,52	1691,62
883,70	1683,43
883,88	1593,32
884,06	1710,05
884,24	1660,90
884,42	1710,05
884,59	1716,20
884,77	1701,86
884,95	1689,57
885,13	1644,52
885,31	1601,51
885,48	1605,61
885,66	1759,21
885,84	1642,47
886,02	1699,81
886,20	1769,44
886,37	1687,53
886,55	1726,44
886,73	1665,00
886,91	1656,81
887,08	1640,42
887,26	1736,68
887,44	1708,01
887,62	1599,46
887,80	1624,04
887,97	1578,98
888,15	1726,44
888,33	1624,04
888,51	1605,61
888,68	1597,42
888,86	1646,57
889,04	1644,52
889,22	1746,92
889,40	1556,46
889,57	1648,61
889,75	1679,33
889,93	1628,14
890,11	1697,77
890,28	1648,61
890,46	1634,28
890,64	1665,00
890,82	1753,06
890,99	1679,33
891,17	1544,17
891,35	1689,57
891,53	1658,85
891,70	1585,13
891,88	1564,65
892,06	1630,18
892,24	1599,46
892,41	1589,22
892,59	1689,57
892,77	1593,32
892,94	1648,61
893,12	1609,70
893,30	1609,70
893,48	1624,04
893,65	1699,81
893,83	1568,74
894,01	1632,23
894,19	1636,33
894,36	1710,05
894,54	1601,51
894,72	1611,75
894,89	1591,27
895,07	1550,31
895,25	1578,98
895,43	1601,51
895,60	1683,43
895,78	1665,00
895,96	1642,47
896,13	1697,77
896,31	1654,76
896,49	1660,90
896,66	1572,84
896,84	1697,77
897,02	1699,81
897,20	1597,42
897,37	1675,24
897,55	1572,84
897,73	1720,29
897,90	1636,33
898,08	1630,18
898,26	1683,43
898,43	1615,85
898,61	1630,18
898,79	1644,52
898,96	1609,70
899,14	1570,79
899,32	1726,44
899,49	1581,03
899,67	1597,42
899,85	1677,29
900,02	1626,09
900,20	1591,27
900,38	1572,84
900,55	1710,05
900,73	1785,83
900,91	1544,17
901,08	1591,27
901,26	1523,69
901,44	1662,95
901,61	1585,13
901,79	1624,04
901,97	1687,53
902,14	1525,74
902,32	1693,67
902,50	1523,69
902,67	1546,22
902,85	1615,85
903,02	1628,14
903,20	1605,61
903,38	1636,33
903,55	1619,94
903,73	1640,42
903,91	1646,57
904,08	1675,24
904,26	1650,66
904,44	1783,78
904,61	1589,22
904,79	1611,75
904,96	1599,46
905,14	1587,18
905,32	1669,09
905,49	1605,61
905,67	1650,66
905,84	1626,09
906,02	1529,83
906,20	1570,79
906,37	1742,82
906,55	1597,42
906,73	1597,42
906,90	1689,57
907,08	1619,94
907,25	1538,02
907,43	1652,71
907,61	1576,94
907,78	1624,04
907,96	1667,05
908,13	1691,62
908,31	1669,09
908,48	1587,18
908,66	1566,70
908,84	1681,38
909,01	1665,00
909,19	1787,88
909,36	1589,22
909,54	1585,13
909,72	1656,81
909,89	1560,55
910,07	1556,46
910,24	1667,05
910,42	1693,67
910,59	1527,78
910,77	1550,31
910,95	1613,80
911,12	1591,27
911,30	1626,09
911,47	1621,99
911,65	1667,05
911,82	1529,83
912,00	1617,90
912,17	1542,12
912,35	1665,00
912,53	1708,01
912,70	1701,86
912,88	1609,70
913,05	1632,23
913,23	1593,32
913,40	1652,71
913,58	1564,65
913,75	1601,51
913,93	1538,02
914,10	1501,16
914,28	1609,70
914,46	1589,22
914,63	1630,18
914,81	1648,61
914,98	1495,02
915,16	1650,66
915,33	1533,93
915,51	1701,86
915,68	1769,44
915,86	1701,86
916,03	1605,61
916,21	1525,74
916,38	1658,85
916,56	1656,81
916,73	1660,90
916,91	1615,85
917,08	1642,47
917,26	1628,14
917,43	1675,24
917,61	1589,22
917,78	1540,07
917,96	1591,27
918,13	1615,85
918,31	1621,99
918,48	1515,50
918,66	1517,54
918,83	1667,05
919,01	1605,61
919,18	1593,32
919,36	1558,50
919,53	1662,95
919,71	1759,21
919,88	1701,86
920,06	1593,32
920,23	1550,31
920,41	1576,94
920,58	1634,28
920,76	1540,07
920,93	1660,90
921,11	1564,65
921,28	1578,98
921,45	1740,77
921,63	1513,45
921,80	1650,66
921,98	1611,75
922,15	1607,66
922,33	1587,18
922,50	1699,81
922,68	1591,27
922,85	1599,46
923,03	1638,38
923,20	1634,28
923,38	1638,38
923,55	1599,46
923,72	1509,35
923,90	1769,44
924,07	1544,17
924,25	1583,08
924,42	1716,20
924,60	1597,42
924,77	1550,31
924,95	1679,33
925,12	1548,26
925,29	1632,23
925,47	1593,32
925,64	1554,41
925,82	1550,31
925,99	1572,84
926,17	1650,66
926,34	1609,70
926,51	1542,12
926,69	1665,00
926,86	1665,00
927,04	1568,74
927,21	1521,64
927,38	1628,14
927,56	1593,32
927,73	1638,38
927,91	1605,61
928,08	1687,53
928,25	1601,51
928,43	1615,85
928,60	1521,64
928,78	1662,95
928,95	1523,69
929,12	1636,33
929,30	1562,60
929,47	1613,80
929,65	1505,26
929,82	1529,83
929,99	1640,42
930,17	1544,17
930,34	1648,61
930,52	1681,38
930,69	1558,50
930,86	1566,70
931,04	1601,51
931,21	1517,54
931,38	1611,75
931,56	1568,74
931,73	1683,43
931,91	1589,22
932,08	1583,08
932,25	1679,33
932,43	1644,52
932,60	1568,74
932,77	1617,90
932,95	1554,41
933,12	1605,61
933,29	1605,61
933,47	1640,42
933,64	1519,59
933,82	1527,78
933,99	1615,85
934,16	1540,07
934,34	1658,85
934,51	1589,22
934,68	1626,09
934,86	1591,27
935,03	1525,74
935,20	1468,39
935,38	1474,54
935,55	1583,08
935,72	1591,27
935,90	1566,70
936,07	1568,74
936,24	1519,59
936,42	1642,47
936,59	1613,80
936,76	1671,14
936,94	1486,83
937,11	1605,61
937,28	1558,50
937,46	1603,56
937,63	1662,95
937,80	1636,33
937,97	1689,57
938,15	1576,94
938,32	1550,31
938,49	1607,66
938,67	1564,65
938,84	1640,42
939,01	1589,22
939,19	1548,26
939,36	1628,14
939,53	1595,37
939,70	1656,81
939,88	1624,04
940,05	1654,76
940,22	1642,47
940,40	1607,66
940,57	1605,61
940,74	1576,94
940,92	1531,88
941,09	1505,26
941,26	1548,26
941,43	1693,67
941,61	1562,60
941,78	1515,50
941,95	1634,28
942,12	1552,36
942,30	1546,22
942,47	1621,99
942,64	1546,22
942,82	1683,43
942,99	1681,38
943,16	1513,45
943,33	1615,85
943,51	1529,83
943,68	1654,76
943,85	1603,56
944,02	1648,61
944,20	1630,18
944,37	1605,61
944,54	1535,98
944,71	1587,18
944,89	1550,31
945,06	1519,59
945,23	1546,22
945,40	1611,75
945,58	1574,89
945,75	1474,54
945,92	1669,09
946,09	1574,89
946,27	1552,36
946,44	1529,83
946,61	1667,05
946,78	1578,98
946,95	1554,41
947,13	1552,36
947,30	1564,65
947,47	1558,50
947,64	1529,83
947,82	1542,12
947,99	1492,97
948,16	1640,42
948,33	1650,66
948,50	1595,37
948,68	1673,19
948,85	1527,78
949,02	1615,85
949,19	1615,85
949,36	1630,18
949,54	1621,99
949,71	1646,57
949,88	1593,32
950,05	1568,74
950,22	1576,94
950,40	1613,80
950,57	1550,31
950,74	1699,81
950,91	1576,94
951,08	1546,22
951,26	1568,74
951,43	1585,13
951,60	1558,50
951,77	1669,09
951,94	1730,53
952,11	1626,09
952,29	1677,29
952,46	1490,92
952,63	1660,90
952,80	1597,42
952,97	1630,18
953,15	1654,76
953,32	1617,90
953,49	1621,99
953,66	1605,61
953,83	1443,82
954,00	1562,60
954,17	1546,22
954,35	1660,90
954,52	1546,22
954,69	1708,01
954,86	1656,81
955,03	1552,36
955,20	1535,98
955,38	1517,54
955,55	1624,04
955,72	1583,08
955,89	1527,78
956,06	1574,89
956,23	1613,80
956,40	1589,22
956,58	1490,92
956,75	1619,94
956,92	1552,36
957,09	1640,42
957,26	1585,13
957,43	1468,39
957,60	1591,27
957,77	1519,59
957,95	1630,18
958,12	1591,27
958,29	1669,09
958,46	1628,14
958,63	1593,32
958,80	1609,70
958,97	1675,24
959,14	1626,09
959,31	1624,04
959,49	1548,26
959,66	1615,85
959,83	1558,50
960,00	1556,46
960,17	1646,57
960,34	1656,81
960,51	1566,70
960,68	1634,28
960,85	1703,91
961,02	1535,98
961,20	1650,66
961,37	1525,74
961,54	1613,80
961,71	1581,03
961,88	1685,48
962,05	1576,94
962,22	1634,28
962,39	1566,70
962,56	1540,07
962,73	1558,50
962,90	1503,21
963,07	1624,04
963,24	1558,50
963,42	1519,59
963,59	1673,19
963,76	1636,33
963,93	1634,28
964,10	1597,42
964,27	1548,26
964,44	1599,46
964,61	1589,22
964,78	1624,04
964,95	1634,28
965,12	1538,02
965,29	1646,57
965,46	1509,35
965,63	1593,32
965,80	1609,70
965,97	1509,35
966,14	1578,98
966,31	1558,50
966,48	1685,48
966,66	1621,99
966,83	1576,94
967,00	1593,32
967,17	1636,33
967,34	1603,56
967,51	1585,13
967,68	1628,14
967,85	1576,94
968,02	1677,29
968,19	1540,07
968,36	1632,23
968,53	1486,83
968,70	1581,03
968,87	1634,28
969,04	1572,84
969,21	1544,17
969,38	1722,34
969,55	1486,83
969,72	1632,23
969,89	1605,61
970,06	1556,46
970,23	1478,63
970,40	1583,08
970,57	1566,70
970,74	1628,14
970,91	1566,70
971,08	1593,32
971,25	1511,40
971,42	1607,66
971,59	1601,51
971,76	1538,02
971,93	1578,98
972,10	1515,50
972,27	1583,08
972,44	1566,70
972,61	1667,05
972,78	1511,40
972,95	1648,61
973,12	1693,67
973,29	1544,17
973,46	1517,54
973,63	1615,85
973,80	1667,05
973,97	1523,69
974,14	1654,76
974,30	1607,66
974,47	1652,71
974,64	1611,75
974,81	1587,18
974,98	1697,77
975,15	1615,85
975,32	1658,85
975,49	1628,14
975,66	1572,84
975,83	1693,67
976,00	1628,14
976,17	1523,69
976,34	1578,98
976,51	1617,90
976,68	1499,11
976,85	1611,75
977,02	1589,22
977,19	1601,51
977,36	1464,30
977,52	1581,03
977,69	1564,65
977,86	1658,85
978,03	1511,40
978,20	1599,46
978,37	1566,70
978,54	1671,14
978,71	1619,94
978,88	1708,01
979,05	1527,78
979,22	1550,31
979,39	1654,76
979,56	1615,85
979,72	1595,37
979,89	1595,37
980,06	1587,18
980,23	1656,81
980,40	1558,50
980,57	1542,12
980,74	1566,70
980,91	1546,22
981,08	1589,22
981,25	1587,18
981,41	1597,42
981,58	1550,31
981,75	1523,69
981,92	1621,99
982,09	1621,99
982,26	1521,64
982,43	1466,35
982,60	1687,53
982,77	1578,98
982,93	1566,70
983,10	1497,07
983,27	1556,46
983,44	1644,52
983,61	1667,05
983,78	1599,46
983,95	1511,40
984,11	1587,18
984,28	1697,77
984,45	1533,93
984,62	1593,32
984,79	1591,27
984,96	1597,42
985,13	1556,46
985,30	1593,32
985,46	1552,36
985,63	1560,55
985,80	1570,79
985,97	1552,36
986,14	1566,70
986,31	1556,46
986,47	1538,02
986,64	1519,59
986,81	1599,46
986,98	1642,47
987,15	1597,42
987,32	1576,94
987,48	1632,23
987,65	1593,32
987,82	1538,02
987,99	1566,70
988,16	2039,78
988,33	1699,81
988,49	1599,46
988,66	1591,27
988,83	1570,79
989,00	1722,34
989,17	1546,22
989,34	1611,75
989,50	1542,12
989,67	1556,46
989,84	1466,35
990,01	1546,22
990,18	1621,99
990,34	1531,88
990,51	1628,14
990,68	1624,04
990,85	1677,29
991,02	1535,98
991,18	1560,55
991,35	1495,02
991,52	1673,19
991,69	1533,93
991,86	1595,37
992,02	1560,55
992,19	1560,55
992,36	1628,14
992,53	1658,85
992,69	1531,88
992,86	1587,18
993,03	1681,38
993,20	1447,91
993,37	1642,47
993,53	1601,51
993,70	1638,38
993,87	1540,07
994,04	1570,79
994,20	1552,36
994,37	1517,54
994,54	1589,22
994,71	1587,18
994,87	1671,14
995,04	1632,23
995,21	1546,22
995,38	1574,89
995,55	1578,98
995,71	1546,22
995,88	1583,08
996,05	1566,70
996,22	1595,37
996,38	1632,23
996,55	1531,88
996,72	1599,46
996,88	1722,34
997,05	2615,26
997,22	1523,69
997,39	1585,13
997,55	1648,61
997,72	1568,74
997,89	1523,69
998,06	1646,57
998,22	1607,66
998,39	1554,41
998,56	1531,88
998,73	1613,80
998,89	1605,61
999,06	1605,61
999,23	1552,36
999,39	1533,93
999,56	1605,61
999,73	1605,61
999,90	1517,54
1000,06	1597,42
1000,23	1632,23
1000,40	1662,95
1000,56	1556,46
1000,73	1523,69
1000,90	1572,84
1001,06	1554,41
1001,23	1513,45
1001,40	1556,46
1001,57	1572,84
1001,73	1515,50
1001,90	1552,36
1002,07	1535,98
1002,23	1621,99
1002,40	1560,55
1002,57	1587,18
1002,73	1597,42
1002,90	1529,83
1003,07	1564,65
1003,23	1540,07
1003,40	1554,41
1003,57	1601,51
1003,73	1613,80
1003,90	1636,33
1004,07	1624,04
1004,23	1619,94
1004,40	1564,65
1004,57	1597,42
1004,73	1441,77
1004,90	1581,03
1005,07	1626,09
1005,23	1576,94
1005,40	1519,59
1005,57	1585,13
1005,73	1638,38
1005,90	1460,20
1006,07	1691,62
1006,23	1679,33
1006,40	1593,32
1006,57	1562,60
1006,73	1550,31
1006,90	1599,46
1007,06	1538,02
1007,23	1531,88
1007,40	1601,51
1007,56	1603,56
1007,73	1652,71
1007,90	1644,52
1008,06	1566,70
1008,23	1564,65
1008,40	1624,04
1008,56	1568,74
1008,73	1525,74
1008,89	1560,55
1009,06	1746,92
1009,23	1578,98
1009,39	1591,27
1009,56	1519,59
1009,72	1601,51
1009,89	1597,42
1010,06	1554,41
1010,22	1576,94
1010,39	1562,60
1010,55	1593,32
1010,72	1597,42
1010,89	1558,50
1011,05	1568,74
1011,22	1474,54
1011,38	1583,08
1011,55	1452,01
1011,72	1597,42
1011,88	1581,03
1012,05	1570,79
1012,21	1521,64
1012,38	1564,65
1012,55	1611,75
1012,71	1533,93
1012,88	1583,08
1013,04	1554,41
1013,21	1585,13
1013,37	1583,08
1013,54	1550,31
1013,71	1535,98
1013,87	1603,56
1014,04	1554,41
1014,20	1564,65
1014,37	1499,11
1014,53	1638,38
1014,70	1585,13
1014,87	1578,98
1015,03	1691,62
1015,20	1538,02
1015,36	1583,08
1015,53	1554,41
1015,69	1591,27
1015,86	1572,84
1016,02	1587,18
1016,19	1630,18
1016,36	1548,26
1016,52	1576,94
1016,69	1613,80
1016,85	1574,89
1017,02	1593,32
1017,18	1525,74
1017,35	1544,17
1017,51	1560,55
1017,68	1583,08
1017,84	1517,54
1018,01	1523,69
1018,17	1732,58
1018,34	1697,77
1018,50	1538,02
1018,67	1546,22
1018,84	1693,67
1019,00	1544,17
1019,17	1540,07
1019,33	1556,46
1019,50	1689,57
1019,66	1693,67
1019,83	1572,84
1019,99	1738,73
1020,16	1470,44
1020,32	1505,26
1020,49	1570,79
1020,65	1572,84
1020,82	1636,33
1020,98	1585,13
1021,15	1540,07
1021,31	1593,32
1021,48	1581,03
1021,64	1605,61
1021,81	1677,29
1021,97	1570,79
1022,14	1538,02
1022,30	1576,94
1022,47	1550,31
1022,63	1517,54
1022,79	1599,46
1022,96	1583,08
1023,12	1626,09
1023,29	1640,42
1023,45	1681,38
1023,62	1613,80
1023,78	1595,37
1023,95	1576,94
1024,11	1581,03
1024,28	1542,12
1024,44	1591,27
1024,61	1564,65
1024,77	1650,66
1024,94	1621,99
1025,10	1578,98
1025,26	1527,78
1025,43	1538,02
1025,59	1597,42
1025,76	1636,33
1025,92	1581,03
1026,09	1589,22
1026,25	1634,28
1026,42	1609,70
1026,58	1511,40
1026,74	1630,18
1026,91	1685,48
1027,07	1574,89
1027,24	1708,01
1027,40	1527,78
1027,57	1621,99
1027,73	1558,50
1027,90	1660,90
1028,06	1591,27
1028,22	1605,61
1028,39	1578,98
1028,55	1550,31
1028,72	1572,84
1028,88	1716,20
1029,04	1531,88
1029,21	1673,19
1029,37	1476,59
1029,54	1673,19
1029,70	1578,98
1029,87	1515,50
1030,03	1529,83
1030,19	1660,90
1030,36	1562,60
1030,52	1654,76
1030,69	1538,02
1030,85	1474,54
1031,01	1669,09
1031,18	1548,26
1031,34	1667,05
1031,50	1566,70
1031,67	1550,31
1031,83	1550,31
1032,00	1533,93
1032,16	1634,28
1032,32	1540,07
1032,49	1646,57
1032,65	1615,85
1032,82	1628,14
1032,98	1566,70
1033,14	1564,65
1033,31	1630,18
1033,47	1716,20
1033,63	1615,85
1033,80	1630,18
1033,96	1548,26
1034,13	1628,14
1034,29	1599,46
1034,45	1568,74
1034,62	1628,14
1034,78	1689,57
1034,94	1476,59
1035,11	1609,70
1035,27	1548,26
1035,43	1712,10
1035,60	1634,28
1035,76	1456,11
1035,92	1544,17
1036,09	1556,46
1036,25	1538,02
1036,41	1527,78
1036,58	1632,23
1036,74	1648,61
1036,90	1468,39
1037,07	1589,22
1037,23	1560,55
1037,39	1660,90
1037,56	1595,37
1037,72	1658,85
1037,88	1607,66
1038,05	1568,74
1038,21	1658,85
1038,37	1531,88
1038,54	1595,37
1038,70	1632,23
1038,86	1605,61
1039,03	1613,80
1039,19	1675,24
1039,35	1531,88
1039,52	1527,78
1039,68	1480,68
1039,84	1511,40
1040,00	1599,46
1040,17	1603,56
1040,33	1513,45
1040,49	1581,03
1040,66	1597,42
1040,82	1490,92
1040,98	1636,33
1041,15	1568,74
1041,31	1585,13
1041,47	1544,17
1041,63	1531,88
1041,80	1583,08
1041,96	1640,42
1042,12	1542,12
1042,29	1568,74
1042,45	1630,18
1042,61	1515,50
1042,77	1533,93
1042,94	1638,38
1043,10	1796,07
1043,26	1533,93
1043,42	1507,30
1043,59	1605,61
1043,75	1665,00
1043,91	1533,93
1044,07	1535,98
1044,24	1554,41
1044,40	1593,32
