345,22	1327,08
345,44	1327,08
345,66	1327,08
345,88	1306,60
346,10	1296,36
346,32	1400,81
346,54	1470,44
346,75	1415,15
346,97	1456,11
347,19	1413,10
347,41	1480,68
347,63	1347,56
347,85	1378,28
348,07	1443,82
348,29	1521,64
348,51	1421,29
348,73	1464,30
348,95	1390,57
349,16	1345,52
349,38	1409,00
349,60	1437,67
349,82	1392,62
350,04	1382,38
350,26	1388,52
350,48	1527,78
350,70	1466,35
350,92	1474,54
351,14	1396,71
351,35	1499,11
351,57	1392,62
351,79	1429,48
352,01	1466,35
352,23	1409,00
352,45	1427,43
352,67	1462,25
352,89	1423,34
353,10	1484,78
353,32	1462,25
353,54	1447,91
353,76	1515,50
353,98	1497,07
354,20	1488,87
354,42	1357,80
354,64	1421,29
354,85	1497,07
355,07	1447,91
355,29	1402,86
355,51	1421,29
355,73	1462,25
355,95	1355,76
356,17	1441,77
356,38	1400,81
356,60	1351,66
356,82	1589,22
357,04	1376,24
357,26	1431,53
357,48	1460,20
357,69	1443,82
357,91	1423,34
358,13	1525,74
358,35	1478,63
358,57	1458,15
358,79	1509,35
359,01	1447,91
359,22	1525,74
359,44	1462,25
359,66	1490,92
359,88	1390,57
360,10	1482,73
360,32	1413,10
360,53	1417,19
360,75	1468,39
360,97	1503,21
361,19	1447,91
361,41	1546,22
361,62	1478,63
361,84	1474,54
362,06	1476,59
362,28	1419,24
362,50	1585,13
362,72	1413,10
362,93	1421,29
363,15	1398,76
363,37	1445,87
363,59	1425,39
363,81	1411,05
364,02	1509,35
364,24	1343,47
364,46	1464,30
364,68	1398,76
364,90	1566,70
365,11	1454,06
365,33	1525,74
365,55	1466,35
365,77	1376,24
365,99	1445,87
366,20	1523,69
366,42	1421,29
366,64	1476,59
366,86	1380,33
367,07	1499,11
367,29	1417,19
367,51	1445,87
367,73	1388,52
367,95	1449,96
368,16	1538,02
368,38	1390,57
368,60	1484,78
368,82	1429,48
369,03	1490,92
369,25	1423,34
369,47	1462,25
369,69	1441,77
369,91	1452,01
370,12	1394,67
370,34	1447,91
370,56	1370,09
370,78	1513,45
370,99	1495,02
371,21	1482,73
371,43	1370,09
371,65	1486,83
371,86	1497,07
372,08	1449,96
372,30	1472,49
372,52	1507,30
372,73	1382,38
372,95	1474,54
373,17	1372,14
373,39	1452,01
373,60	1519,59
373,82	1476,59
374,04	1417,19
374,26	1413,10
374,47	1478,63
374,69	1394,67
374,91	1519,59
375,12	1456,11
375,34	1427,43
375,56	1433,58
375,78	1390,57
375,99	1404,91
376,21	1503,21
376,43	1402,86
376,65	1486,83
376,86	1462,25
377,08	1400,81
377,30	1488,87
377,51	1392,62
377,73	1456,11
377,95	1404,91
378,17	1370,09
378,38	1411,05
378,60	1503,21
378,82	1482,73
379,03	1456,11
379,25	1419,24
379,47	1529,83
379,68	1390,57
379,90	1382,38
380,12	1474,54
380,34	1421,29
380,55	1417,19
380,77	1413,10
380,99	1429,48
381,20	1495,02
381,42	1435,63
381,64	1431,53
381,85	1458,15
382,07	1474,54
382,29	1490,92
382,50	1525,74
382,72	1447,91
382,94	1441,77
383,15	1443,82
383,37	1417,19
383,59	1521,64
383,80	1396,71
384,02	1468,39
384,24	1468,39
384,45	1533,93
384,67	1449,96
384,89	1357,80
385,10	1419,24
385,32	1462,25
385,54	1423,34
385,75	1433,58
385,97	1443,82
386,19	1501,16
386,40	1480,68
386,62	1409,00
386,84	1388,52
387,05	1423,34
387,27	1415,15
387,49	1402,86
387,70	1415,15
387,92	1525,74
388,14	1417,19
388,35	1396,71
388,57	1402,86
388,79	1421,29
389,00	1386,47
389,22	1511,40
389,43	1413,10
389,65	1400,81
389,87	1466,35
390,08	1349,61
390,30	1517,54
390,52	1515,50
390,73	1452,01
390,95	1435,63
391,17	1468,39
391,38	1468,39
391,60	1540,07
391,81	1527,78
392,03	1388,52
392,25	1439,72
392,46	1384,43
392,68	1544,17
392,89	1480,68
393,11	1445,87
393,33	1452,01
393,54	1347,56
393,76	1452,01
393,98	1445,87
394,19	1396,71
394,41	1376,24
394,62	1347,56
394,84	1454,06
395,06	1421,29
395,27	1439,72
395,49	1347,56
395,70	1566,70
395,92	1454,06
396,13	1415,15
396,35	1445,87
396,57	1443,82
396,78	1409,00
397,00	1411,05
397,21	1390,57
397,43	1433,58
397,65	1380,33
397,86	1454,06
398,08	1392,62
398,29	1529,83
398,51	1386,47
398,72	1497,07
398,94	1546,22
399,16	1550,31
399,37	1406,95
399,59	1595,37
399,80	1454,06
400,02	1439,72
400,23	1439,72
400,45	1499,11
400,67	1540,07
400,88	1452,01
401,10	1447,91
401,31	1394,67
401,53	1392,62
401,74	1419,24
401,96	1421,29
402,17	1409,00
402,39	1425,39
402,61	1437,67
402,82	1449,96
403,04	1497,07
403,25	1454,06
403,47	1542,12
403,68	1392,62
403,90	1562,60
404,11	1458,15
404,33	1415,15
404,54	1572,84
404,76	1425,39
404,97	1406,95
405,19	1558,50
405,41	1464,30
405,62	1525,74
405,84	1339,37
406,05	1521,64
406,27	1333,23
406,48	1482,73
406,70	1507,30
406,91	1454,06
407,13	1425,39
407,34	1413,10
407,56	1521,64
407,77	1361,90
407,99	1439,72
408,20	1535,98
408,42	1456,11
408,63	1437,67
408,85	1384,43
409,06	1404,91
409,28	1550,31
409,49	1439,72
409,71	1441,77
409,92	1531,88
410,14	1329,13
410,35	1517,54
410,57	1449,96
410,78	1378,28
411,00	1505,26
411,21	1554,41
411,43	1503,21
411,64	1400,81
411,86	1474,54
412,07	1474,54
412,29	1421,29
412,50	1441,77
412,72	1511,40
412,93	1544,17
413,15	1527,78
413,36	1452,01
413,58	1476,59
413,79	1443,82
414,01	1492,97
414,22	1503,21
414,43	1540,07
414,65	1478,63
414,86	1445,87
415,08	1437,67
415,29	1443,82
415,51	1460,20
415,72	1423,34
415,94	1452,01
416,15	1456,11
416,37	1492,97
416,58	1503,21
416,80	1468,39
417,01	1478,63
417,22	1474,54
417,44	1495,02
417,65	1406,95
417,87	1466,35
418,08	1585,13
418,30	1505,26
418,51	1468,39
418,73	1474,54
418,94	1466,35
419,15	1472,49
419,37	1497,07
419,58	1447,91
419,80	1452,01
420,01	1474,54
420,23	1464,30
420,44	1413,10
420,65	1542,12
420,87	1497,07
421,08	1527,78
421,30	1587,18
421,51	1449,96
421,73	1435,63
421,94	1355,76
422,15	1439,72
422,37	1425,39
422,58	1366,00
422,80	1376,24
423,01	1439,72
423,22	1427,43
423,44	1435,63
423,65	1417,19
423,87	1476,59
424,08	1460,20
424,29	1464,30
424,51	1378,28
424,72	1515,50
424,94	1413,10
425,15	1425,39
425,36	1478,63
425,58	1431,53
425,79	1546,22
426,01	1490,92
426,22	1523,69
426,43	1548,26
426,65	1447,91
426,86	1464,30
427,08	1552,36
427,29	1413,10
427,50	1433,58
427,72	1449,96
427,93	1413,10
428,14	1378,28
428,36	1482,73
428,57	1425,39
428,79	1519,59
429,00	1525,74
429,21	1466,35
429,43	1499,11
429,64	1462,25
429,85	1511,40
430,07	1581,03
430,28	1409,00
430,49	1443,82
430,71	1392,62
430,92	1462,25
431,14	1454,06
431,35	1523,69
431,56	1456,11
431,78	1429,48
431,99	1550,31
432,20	1501,16
432,42	1447,91
432,63	1505,26
432,84	1429,48
433,06	1521,64
433,27	1445,87
433,48	1486,83
433,70	1470,44
433,91	1540,07
434,12	1474,54
434,34	1548,26
434,55	1591,27
434,76	1437,67
434,98	1544,17
435,19	1544,17
435,40	1570,79
435,62	1458,15
435,83	1558,50
436,04	1501,16
436,26	1548,26
436,47	1466,35
436,68	1488,87
436,90	1474,54
437,11	1521,64
437,32	1456,11
437,54	1509,35
437,75	1484,78
437,96	1480,68
438,17	1611,75
438,39	1484,78
438,60	1558,50
438,81	1507,30
439,03	1531,88
439,24	1570,79
439,45	1554,41
439,67	1515,50
439,88	1548,26
440,09	1492,97
440,30	1583,08
440,52	1482,73
440,73	1472,49
440,94	1515,50
441,16	1517,54
441,37	1474,54
441,58	1501,16
441,80	1540,07
442,01	1458,15
442,22	1511,40
442,43	1531,88
442,65	1574,89
442,86	1511,40
443,07	1548,26
443,28	1488,87
443,50	1525,74
443,71	1540,07
443,92	1513,45
444,14	1458,15
444,35	1560,55
444,56	1572,84
444,77	1505,26
444,99	1529,83
445,20	1413,10
445,41	1525,74
445,62	1535,98
445,84	1568,74
446,05	1525,74
446,26	1609,70
446,47	1636,33
446,69	1503,21
446,90	1560,55
447,11	1599,46
447,32	1439,72
447,54	1613,80
447,75	1550,31
447,96	1476,59
448,17	1505,26
448,39	1601,51
448,60	1437,67
448,81	1605,61
449,02	1511,40
449,23	1527,78
449,45	1568,74
449,66	1619,94
449,87	1505,26
450,08	1589,22
450,30	1484,78
450,51	1462,25
450,72	1585,13
450,93	1538,02
451,15	1595,37
451,36	1568,74
451,57	1562,60
451,78	1574,89
451,99	1521,64
452,21	1525,74
452,42	1617,90
452,63	1583,08
452,84	1466,35
453,05	1486,83
453,27	1517,54
453,48	1613,80
453,69	1519,59
453,90	1548,26
454,11	1511,40
454,33	1445,87
454,54	1517,54
454,75	1538,02
454,96	1548,26
455,17	1509,35
455,39	1578,98
455,60	1480,68
455,81	1574,89
456,02	1542,12
456,23	1529,83
456,45	1499,11
456,66	1609,70
456,87	1478,63
457,08	1591,27
457,29	1562,60
457,50	1492,97
457,72	1495,02
457,93	1425,39
458,14	1495,02
458,35	1523,69
458,56	1587,18
458,77	1409,00
458,99	1548,26
459,20	1546,22
459,41	1429,48
459,62	1542,12
459,83	1495,02
460,04	1499,11
460,26	1591,27
460,47	1554,41
460,68	1509,35
460,89	1531,88
461,10	1576,94
461,31	1589,22
461,52	1464,30
461,74	1607,66
461,95	1517,54
462,16	1511,40
462,37	1519,59
462,58	1597,42
462,79	1429,48
463,00	1505,26
463,22	1572,84
463,43	1529,83
463,64	1533,93
463,85	1466,35
464,06	1525,74
464,27	1529,83
464,48	1474,54
464,70	1484,78
464,91	1509,35
465,12	1484,78
465,33	1505,26
465,54	1662,95
465,75	1540,07
465,96	1542,12
466,17	1511,40
466,38	1523,69
466,60	1517,54
466,81	1466,35
467,02	1568,74
467,23	1621,99
467,44	1497,07
467,65	1521,64
467,86	1621,99
468,07	1492,97
468,28	1617,90
468,50	1404,91
468,71	1560,55
468,92	1548,26
469,13	1544,17
469,34	1521,64
469,55	1509,35
469,76	1505,26
469,97	1570,79
470,18	1474,54
470,39	1558,50
470,60	1527,78
470,82	1525,74
471,03	1466,35
471,24	1578,98
471,45	1431,53
471,66	1593,32
471,87	1554,41
472,08	1576,94
472,29	1497,07
472,50	1501,16
472,71	1538,02
472,92	1533,93
473,13	1464,30
473,34	1564,65
473,55	1441,77
473,77	1540,07
473,98	1495,02
474,19	1507,30
474,40	1458,15
474,61	1513,45
474,82	1447,91
475,03	1521,64
475,24	1431,53
475,45	1544,17
475,66	1540,07
475,87	1478,63
476,08	1554,41
476,29	1613,80
476,50	1679,33
476,71	1613,80
476,92	1552,36
477,13	1591,27
477,34	1540,07
477,55	1636,33
477,76	1554,41
477,97	1490,92
478,18	1572,84
478,40	1470,44
478,61	1581,03
478,82	1492,97
479,03	1581,03
479,24	1509,35
479,45	1486,83
479,66	1535,98
479,87	1576,94
480,08	1517,54
480,29	1486,83
480,50	1576,94
480,71	1523,69
480,92	1605,61
481,13	1511,40
481,34	1490,92
481,55	1517,54
481,76	1492,97
481,97	1523,69
482,18	1605,61
482,39	1572,84
482,60	1548,26
482,81	1542,12
483,02	1531,88
483,23	1624,04
483,44	1525,74
483,65	1538,02
483,86	1525,74
484,07	1619,94
484,28	1566,70
484,49	1611,75
484,70	1603,56
484,91	1538,02
485,12	1693,67
485,33	1556,46
485,54	1599,46
485,75	1560,55
485,96	1552,36
486,17	1597,42
486,38	1550,31
486,59	1568,74
486,80	1605,61
487,01	1492,97
487,21	1527,78
487,42	1564,65
487,63	1656,81
487,84	1601,51
488,05	1525,74
488,26	1726,44
488,47	1650,66
488,68	1570,79
488,89	1615,85
489,10	1550,31
489,31	1572,84
489,52	1591,27
489,73	1597,42
489,94	1638,38
490,15	1591,27
490,36	1626,09
490,57	1673,19
490,78	1509,35
490,99	1581,03
491,20	1535,98
491,41	1624,04
491,61	1695,72
491,82	1613,80
492,03	1673,19
492,24	1615,85
492,45	1589,22
492,66	1632,23
492,87	1576,94
493,08	1650,66
493,29	1560,55
493,50	1662,95
493,71	1552,36
493,92	1593,32
494,13	1658,85
494,34	1572,84
494,54	1585,13
494,75	1583,08
494,96	1712,10
495,17	1644,52
495,38	1595,37
495,59	1576,94
495,80	1591,27
496,01	1738,73
496,22	1689,57
496,43	1581,03
496,64	1654,76
496,84	1505,26
497,05	1658,85
497,26	1734,63
497,47	1638,38
497,68	1654,76
497,89	1619,94
498,10	1714,15
498,31	1728,49
498,52	1687,53
498,72	1689,57
498,93	1728,49
499,14	1669,09
499,35	1624,04
499,56	1665,00
499,77	1636,33
499,98	1656,81
500,19	1699,81
500,40	1564,65
500,60	1626,09
500,81	1777,64
501,02	1613,80
501,23	1607,66
501,44	1607,66
501,65	1652,71
501,86	1597,42
502,06	1644,52
502,27	1695,72
502,48	1687,53
502,69	1769,44
502,90	1691,62
503,11	1550,31
503,32	1720,29
503,53	1669,09
503,73	1718,25
503,94	1738,73
504,15	1726,44
504,36	1693,67
504,57	1650,66
504,78	1671,14
504,98	1681,38
505,19	1583,08
505,40	1677,29
505,61	1576,94
505,82	1710,05
506,03	1746,92
506,23	1648,61
506,44	1654,76
506,65	1728,49
506,86	1720,29
507,07	1693,67
507,28	1744,87
507,48	1765,35
507,69	1671,14
507,90	1624,04
508,11	1673,19
508,32	1718,25
508,53	1748,97
508,73	1634,28
508,94	1626,09
509,15	1720,29
509,36	1669,09
509,57	1642,47
509,77	1714,15
509,98	1677,29
510,19	1742,82
510,40	1599,46
510,61	1656,81
510,81	1677,29
511,02	1710,05
511,23	1763,30
511,44	1671,14
511,65	1685,48
511,85	1726,44
512,06	1689,57
512,27	1718,25
512,48	1710,05
512,69	1802,21
512,89	1703,91
513,10	1712,10
513,31	1695,72
513,52	1757,16
513,73	1712,10
513,93	1814,50
514,14	1787,88
514,35	1849,32
514,56	1783,78
514,76	1775,59
514,97	1763,30
515,18	1863,65
515,39	1679,33
515,60	1777,64
515,80	1806,31
516,01	1759,21
516,22	1884,13
516,43	1777,64
516,63	1789,92
516,84	1812,45
517,05	1757,16
517,26	1697,77
517,46	1853,41
517,67	1771,49
517,88	1759,21
518,09	1738,73
518,29	1751,01
518,50	1804,26
518,71	1679,33
518,92	1794,02
519,12	1751,01
519,33	1839,08
519,54	1710,05
519,75	1824,74
519,95	1789,92
520,16	1759,21
520,37	1695,72
520,57	1787,88
520,78	1763,30
520,99	1806,31
521,20	1818,60
521,40	1730,53
521,61	1806,31
521,82	1775,59
522,03	1699,81
522,23	1857,51
522,44	1757,16
522,65	1787,88
522,85	1837,03
523,06	1794,02
523,27	1812,45
523,48	1916,90
523,68	1794,02
523,89	1785,83
524,10	1802,21
524,30	1775,59
524,51	1802,21
524,72	1816,55
524,93	1806,31
525,13	1779,68
525,34	1826,79
525,55	1880,04
525,75	1900,52
525,96	1925,09
526,17	1851,36
526,37	1972,19
526,58	1820,64
526,79	1880,04
526,99	1882,08
527,20	1882,08
527,41	1873,89
527,62	1837,03
527,82	1857,51
528,03	1871,84
528,24	1884,13
528,44	1910,75
528,65	1867,75
528,86	1875,94
529,06	1804,26
529,27	1902,56
529,48	1918,95
529,68	1949,67
529,89	2029,54
530,10	1986,53
530,30	1918,95
530,51	1923,04
530,72	1949,67
530,92	1925,09
531,13	2007,01
531,34	1978,34
531,54	1992,67
531,75	2054,11
531,96	2052,06
532,16	1998,82
532,37	2090,98
532,57	2056,16
532,78	2103,26
532,99	2041,82
533,19	2131,94
533,40	2220,00
533,61	2152,42
533,81	2074,59
534,02	2068,45
534,23	2136,03
534,43	2115,55
534,64	2187,23
534,84	2129,89
535,05	2144,22
535,26	2066,40
535,46	2211,81
535,67	2213,85
535,88	2213,85
536,08	2224,09
536,29	2226,14
536,49	2156,51
536,70	2234,33
536,91	2203,61
537,11	2287,58
537,32	2306,01
537,53	2220,00
537,73	2340,83
537,94	2234,33
538,14	2359,26
538,35	2211,81
538,56	2379,74
538,76	2256,86
538,97	2385,88
539,17	2371,55
539,38	2488,28
539,59	2441,18
539,79	2500,57
540,00	2502,62
540,20	2447,32
540,41	2535,39
540,62	2623,45
540,82	2453,47
541,03	2514,91
541,23	2564,06
541,44	2559,96
541,64	2484,19
541,85	2557,91
542,06	2639,83
542,26	2543,58
542,47	2598,87
542,67	2596,82
542,88	2701,27
543,08	2648,02
543,29	2664,41
543,50	2600,92
543,70	2631,64
543,91	2674,65
544,11	2742,23
544,32	2719,70
544,52	2834,39
544,73	2621,40
544,94	2670,55
545,14	2668,50
545,35	2709,46
545,55	2727,89
545,76	2686,94
545,96	2766,81
546,17	2793,43
546,37	2807,77
546,58	2883,54
546,78	2879,44
546,99	2912,21
547,20	2875,35
547,40	2891,73
547,61	2916,31
547,81	2897,88
548,02	2924,50
548,22	2848,72
548,43	3024,85
548,63	2990,03
548,84	2949,08
549,04	3030,99
549,25	3000,27
549,45	2971,60
549,66	2799,57
549,86	3033,04
550,07	3010,51
550,27	2973,65
550,48	3043,28
550,69	3078,10
550,89	3166,16
551,10	2951,12
551,30	3155,92
551,51	2994,13
551,71	3037,14
551,92	3131,34
552,12	3065,81
552,33	3043,28
552,53	3049,43
552,74	3014,61
552,94	3164,11
553,15	3160,02
553,35	3157,97
553,56	3196,88
553,76	3135,44
553,97	3182,54
554,17	3078,10
554,38	3241,93
554,58	3157,97
554,79	3164,11
554,99	3262,41
555,19	3100,62
555,40	3301,33
555,60	3231,69
555,81	3215,31
556,01	3198,93
556,22	3229,65
556,42	3229,65
556,63	3215,31
556,83	3221,45
557,04	3309,52
557,24	3356,62
557,45	3248,08
557,65	3203,02
557,86	3293,13
558,06	3276,75
558,27	3311,57
558,47	3233,74
558,67	3434,44
558,88	3231,69
559,08	3284,94
559,29	3354,57
559,49	3422,16
559,70	3463,12
559,90	3317,71
560,11	3295,18
560,31	3344,33
560,52	3409,87
560,72	3416,01
560,92	3411,92
561,13	3401,68
561,33	3407,82
561,54	3463,12
561,74	3395,53
561,95	3514,31
562,15	3454,92
562,35	3475,40
562,56	3514,31
562,76	3297,23
562,97	3346,38
563,17	3493,83
563,38	3463,12
563,58	3332,05
563,78	3454,92
563,99	3461,07
564,19	3430,35
564,40	3522,51
564,60	3590,09
564,80	3524,55
565,01	3549,13
565,21	3497,93
565,42	3585,99
565,62	3391,44
565,83	3524,55
566,03	3559,37
566,23	3485,64
566,44	3522,51
566,64	3475,40
566,85	3526,60
567,05	3508,17
567,25	3577,80
567,46	3631,05
567,66	3606,47
567,86	3715,02
568,07	3506,12
568,27	3624,90
568,48	3477,45
568,68	3463,12
568,88	3549,13
569,09	3526,60
569,29	3547,08
569,50	3561,42
569,70	3547,08
569,90	3590,09
570,11	3545,03
570,31	3698,63
570,51	3659,72
570,72	3641,29
570,92	3669,96
571,13	3719,11
571,33	3678,15
571,53	3715,02
571,74	3753,93
571,94	3663,82
572,14	3600,33
572,35	3657,67
572,55	3737,54
572,75	3727,30
572,96	3809,22
573,16	3758,02
573,36	3801,03
573,57	3749,83
573,77	3805,13
573,97	3811,27
574,18	3774,41
574,38	3727,30
574,59	3751,88
574,79	3862,47
574,99	3745,73
575,20	3825,61
575,40	3798,98
575,60	3833,80
575,81	3885,00
576,01	3948,48
576,21	3899,33
576,42	3899,33
576,62	3915,72
576,82	3864,52
577,02	3815,37
577,23	3798,98
577,43	3852,23
577,63	3915,72
577,84	4026,31
578,04	4001,73
578,24	4024,26
578,45	3936,20
578,65	3938,24
578,85	3999,68
579,06	4151,23
579,26	4112,32
579,46	4054,98
579,67	4224,96
579,87	4296,64
580,07	4200,38
580,27	4083,65
580,48	4138,94
580,68	4200,38
580,88	4247,49
581,09	4325,31
581,29	4212,67
581,49	4157,38
581,69	4206,53
581,90	4300,73
582,10	4235,20
582,30	4472,76
582,51	4362,17
582,71	4329,41
582,91	4364,22
583,11	4448,19
583,32	4423,61
583,52	4515,77
583,72	4544,44
583,93	4575,16
584,13	4595,64
584,33	4521,92
584,53	4585,40
584,74	4693,94
584,94	4575,16
585,14	4732,86
585,34	4751,29
585,55	4708,28
585,75	4732,86
585,95	4804,53
586,15	4851,64
586,36	4874,17
586,56	4978,61
586,76	4968,37
586,96	4878,26
587,17	5023,67
587,37	5136,31
587,57	4970,42
587,77	5193,65
587,98	5285,81
588,18	5193,65
588,38	5212,08
588,58	5375,92
588,79	5543,85
588,99	5294,00
589,19	5451,69
589,39	5445,55
589,60	5552,04
589,80	5670,83
590,00	5631,91
590,20	5707,69
590,40	5578,67
590,61	5844,90
590,81	5824,42
591,01	5801,90
591,21	6055,84
591,42	5969,83
591,62	5998,50
591,82	6283,17
592,02	6178,72
592,22	6373,28
592,43	6332,32
592,63	6526,88
592,83	6580,12
593,03	6649,75
593,23	6723,48
593,44	6893,46
593,64	6899,61
593,84	7055,25
594,04	7102,36
594,24	7116,69
594,45	7294,86
594,65	7454,61
594,85	7583,63
595,05	7561,10
595,25	7638,92
595,46	7759,75
595,66	7876,49
595,86	8064,90
596,06	8042,37
596,26	8195,97
596,46	8433,54
596,67	8550,27
596,87	8636,28
597,07	8630,14
597,27	9015,16
597,47	8986,49
597,67	9234,29
597,88	9459,57
598,08	9561,97
598,28	9555,82
598,48	9871,21
598,68	9946,98
598,88	10225,51
599,09	10491,74
599,29	10641,25
599,49	10678,11
599,69	10930,01
599,89	11108,18
600,09	11474,77
600,30	11525,97
600,50	11736,91
600,70	12001,10
600,90	11890,51
601,10	12363,59
601,30	12595,01
601,50	12859,20
601,71	13045,56
601,91	13000,51
602,11	13264,69
602,31	13379,38
602,51	14102,31
602,71	13840,17
602,91	14221,10
603,11	14796,57
603,32	14462,76
603,52	15214,36
603,72	15384,34
603,92	15691,54
604,12	15494,93
604,32	16056,08
604,52	16074,51
604,72	16766,72
604,93	16867,07
605,13	16920,32
605,33	17688,31
605,53	17454,84
605,73	18108,14
605,93	18314,98
606,13	18544,36
606,33	19009,25
606,53	19072,73
606,74	19277,53
606,94	19822,29
607,14	19951,31
607,34	20311,75
607,54	20833,99
607,74	21137,09
607,94	21302,97
608,14	21716,66
608,34	21837,49
608,54	22171,31
608,74	22597,29
608,95	23056,03
609,15	23406,23
609,35	23326,36
609,55	23795,35
609,75	23924,37
609,95	24632,97
610,15	24921,73
610,35	25276,03
610,55	25300,61
610,75	25880,18
610,95	26238,58
611,15	26644,07
611,35	27098,72
611,55	27362,91
611,76	27606,62
611,96	28427,85
612,16	28032,60
612,36	28952,13
612,56	29244,99
612,76	29685,31
612,96	29486,65
613,16	30156,34
613,36	30445,10
613,56	30866,98
613,76	30871,08
613,96	31182,37
614,16	31712,80
614,36	32052,76
614,56	32316,95
614,76	32599,57
614,96	33021,45
615,16	32615,95
615,36	33394,18
615,56	33734,14
615,76	34313,72
615,97	34721,26
616,17	34678,25
616,37	35159,53
616,57	35098,09
616,77	35356,13
616,97	36107,74
617,17	35853,79
617,37	36707,79
617,57	36675,02
617,77	37113,29
617,97	37533,12
618,17	37293,51
618,37	37897,66
618,57	38014,40
618,77	38063,55
618,97	38200,76
619,17	38397,37
619,37	39116,20
619,57	38907,31
619,77	39505,32
619,97	39656,87
620,17	39566,76
620,37	40308,12
620,57	40168,86
620,77	40058,27
620,97	40818,07
621,17	40488,34
621,37	40697,24
621,57	40666,52
621,77	41033,10
621,97	41565,57
622,17	41287,05
622,37	41891,20
622,57	41684,36
622,77	41659,78
622,97	42009,98
623,17	41637,25
623,37	42333,56
623,57	42259,84
623,77	42552,69
623,97	42106,24
624,16	41934,21
624,36	42796,40
624,56	42706,29
624,76	42866,03
624,96	42890,61
625,16	43101,55
625,36	42503,54
625,56	43119,98
625,76	42665,33
625,96	42356,09
626,16	43052,40
626,36	43269,48
626,56	43052,40
626,76	42763,64
626,96	42702,20
627,16	42810,74
627,36	42333,56
627,56	42546,55
627,76	42458,49
627,96	42933,62
628,16	42784,12
628,35	42407,29
628,55	42802,55
628,75	42392,95
628,95	42282,36
629,15	42571,13
629,35	42376,57
629,55	42005,89
629,75	41411,98
629,95	41504,13
630,15	41725,32
630,35	41352,58
630,55	41420,17
630,75	41403,78
630,95	40807,83
631,14	41143,69
631,34	40803,73
631,54	41020,81
631,74	40402,33
631,94	40209,82
632,14	40306,07
632,34	40091,04
632,54	40011,17
632,74	39691,68
632,94	39540,13
633,14	39742,88
633,33	39740,83
633,53	39237,03
633,73	39097,77
633,93	39036,33
634,13	38849,97
634,33	38606,26
634,53	38790,58
634,73	37823,93
634,93	37785,02
635,12	37457,35
635,32	37467,59
635,52	37354,95
635,72	37109,19
635,92	36996,56
636,12	36699,60
636,32	36787,66
636,52	36132,31
636,71	35878,36
636,91	35577,31
637,11	35364,32
637,31	35089,90
637,51	35352,04
637,71	35063,27
637,91	34844,14
638,11	34510,32
638,30	34145,78
638,50	33895,93
638,70	33672,70
638,90	33308,16
639,10	33003,02
639,30	32693,77
639,50	32505,36
639,69	32577,04
639,89	32198,16
640,09	32058,90
640,29	31915,54
640,49	31338,02
640,69	31204,90
640,88	31178,28
641,08	30658,09
641,28	30426,67
641,48	30207,54
641,68	30058,04
641,88	29886,01
642,07	29619,77
642,27	29752,89
642,47	29064,77
642,67	28786,25
642,87	28683,85
643,07	28431,95
643,26	28399,18
643,46	27813,46
643,66	27948,63
643,86	27438,69
644,06	27197,02
644,26	27223,65
644,45	27010,66
644,65	26863,21
644,85	26328,69
645,05	26205,81
645,25	25966,20
645,44	25691,77
645,64	25284,22
645,84	25183,87
646,04	25030,27
646,24	24905,35
646,43	24669,83
646,63	24145,55
646,83	23971,47
647,03	23946,90
647,23	23479,96
647,42	23518,87
647,62	23299,74
647,82	23156,38
648,02	22757,03
648,22	22298,28
648,41	22486,70
648,61	22183,60
648,81	21804,72
649,01	21702,32
649,20	21632,69
649,40	21317,31
649,60	21178,04
649,80	20768,45
650,00	20725,44
650,19	20455,11
650,39	20455,11
650,59	20369,10
650,79	20197,07
650,98	19873,49
651,18	19463,90
651,38	19711,70
651,58	19330,78
651,77	19001,05
651,97	18898,66
652,17	18745,06
652,37	18224,87
652,56	18183,91
652,76	18145,00
652,96	18003,69
653,16	17673,97
653,35	17671,92
653,55	17454,84
653,75	17121,02
653,95	17008,38
654,14	16912,13
654,34	16840,45
654,54	16967,42
654,74	16535,30
654,93	16297,74
655,13	16221,96
655,33	16068,36
655,52	15826,70
655,72	15554,32
655,92	15673,10
656,12	15499,03
656,31	15466,26
656,51	14984,99
656,71	15116,06
656,91	14903,07
657,10	14561,06
657,30	14442,28
657,50	14161,70
657,69	14292,77
657,89	14090,02
658,09	13926,19
658,29	13838,12
658,48	13807,41
658,68	13498,16
658,88	13635,38
659,07	13336,37
659,27	13324,08
659,47	13203,25
659,66	13197,11
659,86	12887,87
660,06	12822,33
660,26	12539,71
660,45	12592,96
660,65	12365,64
660,85	12193,61
661,04	12105,54
661,24	12316,48
661,44	11689,81
661,63	11534,16
661,83	11704,14
662,03	11595,60
662,22	11333,46
662,42	11433,81
662,62	11224,92
662,81	11003,74
663,01	11038,55
663,21	11188,05
663,40	10846,04
663,60	10923,87
663,80	10573,66
663,99	10788,70
664,19	10518,37
664,39	10352,48
664,58	10168,16
664,78	10432,35
664,98	10067,81
665,17	10035,05
665,37	9989,99
665,57	9854,83
665,76	9803,63
665,96	9596,78
666,16	9523,05
666,35	9580,40
666,55	9484,14
666,74	9348,98
666,94	9412,46
667,14	9299,83
667,33	9084,79
667,53	8849,27
667,73	8791,93
667,92	8890,23
668,12	8863,61
668,32	8732,54
668,51	8519,55
668,71	8494,97
668,90	8368,00
669,10	8394,62
669,30	8310,66
669,49	8400,77
669,69	8212,35
669,89	8126,34
670,08	8138,63
670,28	8146,82
670,47	8134,53
670,67	7950,21
670,87	7726,99
671,06	7741,32
671,26	7522,19
671,45	7534,48
671,65	7647,12
671,85	7432,08
672,04	7493,52
672,24	7364,50
672,43	7298,96
672,63	7462,80
672,83	7176,08
673,02	6956,95
673,22	7055,25
673,41	7049,11
673,61	6766,49
673,81	6952,85
674,00	6829,98
674,20	6746,01
674,39	6731,67
674,59	6604,70
674,78	6504,35
674,98	6729,63
675,18	6426,53
675,37	6594,46
675,57	6416,29
675,76	6297,50
675,96	6365,09
676,15	6379,42
676,35	6100,90
676,55	6248,35
676,74	6111,14
676,94	6070,18
677,13	6033,32
677,33	6037,41
677,52	5973,92
677,72	5900,20
677,91	5701,54
678,11	5758,89
678,31	5801,90
678,50	5744,55
678,70	5746,60
678,89	5719,98
679,09	5664,68
679,28	5574,57
679,48	5715,88
679,67	5638,06
679,87	5529,52
680,06	5609,39
680,26	5388,21
680,46	5369,77
680,65	5349,29
680,85	5328,81
681,04	5365,68
681,24	5246,90
681,43	5216,18
681,63	5277,62
681,82	5087,15
682,02	5109,68
682,21	5064,63
682,41	5066,67
682,60	5056,43
682,80	5001,14
682,99	5007,28
683,19	5013,43
683,38	4788,15
683,58	4868,02
683,77	4880,31
683,97	4792,25
684,16	4751,29
684,36	4591,55
684,55	4702,14
684,75	4706,23
684,94	4652,98
685,14	4667,32
685,33	4370,37
685,53	4440,00
685,72	4448,19
685,92	4440,00
686,11	4458,43
686,31	4315,07
686,50	4433,85
686,70	4335,55
686,89	4415,42
687,09	4323,26
687,28	4247,49
687,48	4300,73
687,67	4243,39
687,87	4077,51
688,06	4194,24
688,26	4263,87
688,45	4091,84
688,65	4140,99
688,84	4024,26
689,03	4057,03
689,23	4036,55
689,42	4114,37
689,62	4054,98
689,81	4046,79
690,01	3938,24
690,20	3917,76
690,40	3862,47
690,59	3848,13
690,79	3768,26
690,98	3885,00
691,17	3860,42
691,37	3817,41
691,56	3891,14
691,76	3938,24
691,95	3821,51
692,15	3633,10
692,34	3743,69
692,54	3719,11
692,73	3807,17
692,92	3760,07
693,12	3702,73
693,31	3581,90
693,51	3629,00
693,70	3667,91
693,90	3684,30
694,09	3596,23
694,28	3571,66
694,48	3753,93
694,67	3647,43
694,87	3553,23
695,06	3624,90
695,26	3608,52
695,45	3471,31
695,64	3461,07
695,84	3512,27
696,03	3381,20
696,23	3452,88
696,42	3461,07
696,61	3370,96
696,81	3354,57
697,00	3444,68
697,20	3409,87
697,39	3397,58
697,58	3307,47
697,78	3227,60
697,97	3276,75
698,17	3313,61
698,36	3139,54
698,55	3256,27
698,75	3303,37
698,94	3196,88
699,14	3106,77
699,33	3260,37
699,52	3217,36
699,72	3221,45
699,91	3225,55
700,10	3237,84
700,30	3149,78
700,49	3207,12
700,69	3172,30
700,88	3155,92
701,07	3080,14
701,27	3190,74
701,46	3291,09
701,65	3074,00
701,85	3117,01
702,04	3211,22
702,23	3049,43
702,43	3055,57
702,62	2987,99
702,82	3074,00
703,01	3129,30
703,20	2985,94
703,40	3024,85
703,59	3065,81
703,78	3055,57
703,98	2961,36
704,17	2953,17
704,36	3012,56
704,56	3071,95
704,75	2922,45
704,94	2969,55
705,14	3004,37
705,33	3000,27
705,52	2944,98
705,72	2924,50
705,91	2981,84
706,10	2934,74
706,30	2912,21
706,49	3016,66
706,68	3028,95
706,88	2893,78
707,07	2971,60
707,26	2908,12
707,46	3022,80
707,65	2938,84
707,84	2828,24
708,04	2914,26
708,23	2838,48
708,42	2883,54
708,62	2840,53
708,81	2871,25
709,00	2996,18
709,19	2871,25
709,39	2844,63
709,58	2951,12
709,77	2811,86
709,97	2973,65
710,16	2787,29
710,35	2928,60
710,55	2805,72
710,74	2856,92
710,93	2756,57
711,12	2863,06
711,32	2803,67
711,51	2940,88
711,70	2650,07
711,90	2795,48
712,09	2691,03
712,28	2762,71
712,47	2791,38
712,67	2756,57
712,86	2828,24
713,05	2871,25
713,24	2691,03
713,44	2738,13
713,63	2686,94
713,82	2629,59
714,02	2723,80
714,21	2752,47
714,40	2643,93
714,59	2623,45
714,79	2537,43
714,98	2580,44
715,17	2711,51
715,36	2609,11
715,56	2611,16
715,75	2574,30
715,94	2715,61
716,13	2541,53
716,33	2484,19
716,52	2590,68
716,71	2586,58
716,90	2529,24
717,10	2562,01
717,29	2625,50
717,48	2613,21
717,67	2428,89
717,87	2555,86
718,06	2469,85
718,25	2516,95
718,44	2541,53
718,63	2494,43
718,83	2467,80
719,02	2545,63
719,21	2553,82
719,40	2389,98
719,60	2383,84
719,79	2451,42
719,98	2516,95
720,17	2414,56
720,36	2494,43
720,56	2494,43
720,75	2293,72
720,94	2414,56
721,13	2443,23
721,33	2478,04
721,52	2355,16
721,71	2428,89
721,90	2496,47
722,09	2385,88
722,29	2379,74
722,48	2363,36
722,67	2457,56
722,86	2586,58
723,05	2377,69
723,24	2441,18
723,44	2375,64
723,63	2418,65
723,82	2492,38
724,01	2443,23
724,20	2457,56
724,40	2457,56
724,59	2437,08
724,78	2377,69
724,97	2471,90
725,16	2428,89
725,35	2559,96
725,55	2461,66
725,74	2408,41
725,93	2537,43
726,12	2367,45
726,31	2404,32
726,51	2447,32
726,70	2455,51
726,89	2432,99
727,08	2332,64
727,27	2482,14
727,46	2486,23
727,65	2412,51
727,85	2361,31
728,04	2375,64
728,23	2291,68
728,42	2342,88
728,61	2449,37
728,80	2387,93
729,00	2344,92
729,19	2418,65
729,38	2396,12
729,57	2451,42
729,76	2316,25
729,95	2457,56
730,14	2369,50
730,33	2332,64
730,53	2426,84
730,72	2342,88
730,91	2469,85
731,10	2473,95
731,29	2480,09
731,48	2447,32
731,67	2377,69
731,86	2404,32
732,06	2357,21
732,25	2361,31
732,44	2437,08
732,63	2330,59
732,82	2494,43
733,01	2424,80
733,20	2402,27
733,39	2377,69
733,59	2435,03
733,78	2394,08
733,97	2424,80
734,16	2459,61
734,35	2463,71
734,54	2383,84
734,73	2500,57
734,92	2428,89
735,11	2373,60
735,30	2398,17
735,49	2416,60
735,69	2445,27
735,88	2461,66
736,07	2545,63
736,26	2359,26
736,45	2451,42
736,64	2424,80
736,83	2480,09
737,02	2389,98
737,21	2408,41
737,40	2365,40
737,59	2441,18
737,78	2396,12
737,98	2465,75
738,17	2564,06
738,36	2580,44
738,55	2435,03
738,74	2435,03
738,93	2416,60
739,12	2463,71
739,31	2475,99
739,50	2392,03
739,69	2523,10
739,88	2426,84
740,07	2432,99
740,26	2457,56
740,45	2486,23
740,64	2451,42
740,83	2377,69
741,02	2336,73
741,22	2422,75
741,41	2461,66
741,60	2478,04
741,79	2412,51
741,98	2428,89
742,17	2338,78
742,36	2385,88
742,55	2451,42
742,74	2545,63
742,93	2490,33
743,12	2443,23
743,31	2424,80
743,50	2418,65
743,69	2504,67
743,88	2441,18
744,07	2349,02
744,26	2516,95
744,45	2502,62
744,64	2471,90
744,83	2406,36
745,02	2371,55
745,21	2412,51
745,40	2394,08
745,59	2504,67
745,78	2351,07
745,97	2410,46
746,16	2416,60
746,35	2521,05
746,54	2379,74
746,73	2365,40
746,92	2371,55
747,11	2336,73
747,30	2396,12
747,49	2369,50
747,68	2312,16
747,87	2359,26
748,06	2418,65
748,25	2396,12
748,44	2418,65
748,63	2449,37
748,82	2449,37
749,01	2357,21
749,20	2344,92
749,39	2408,41
749,58	2387,93
749,77	2418,65
749,96	2435,03
750,15	2330,59
750,34	2303,96
750,53	2455,51
750,72	2322,40
750,91	2420,70
751,10	2594,78
751,29	2349,02
751,48	2373,60
751,67	2365,40
751,86	2369,50
752,04	2457,56
752,23	2254,81
752,42	2346,97
752,61	2236,38
752,80	2351,07
752,99	2306,01
753,18	2318,30
753,37	2426,84
753,56	2301,92
753,75	2332,64
753,94	2326,49
754,13	2389,98
754,32	2283,49
754,51	2312,16
754,70	2441,18
754,89	2258,91
755,08	2316,25
755,27	2344,92
755,45	2275,29
755,64	2246,62
755,83	2308,06
756,02	2336,73
756,21	2236,38
756,40	2271,20
756,59	2170,85
756,78	2240,48
756,97	2172,89
757,16	2179,04
757,35	2228,19
757,54	2136,03
757,72	2205,66
757,91	2142,18
758,10	2107,36
758,29	2088,93
758,48	2181,09
758,67	2090,98
758,86	2156,51
759,05	2129,89
759,24	2068,45
759,43	2066,40
759,61	2002,91
759,80	2084,83
759,99	2025,44
760,18	1982,43
760,37	2076,64
760,56	2004,96
760,75	2072,54
760,94	2009,06
761,13	2007,01
761,31	2058,21
761,50	1943,52
761,69	1931,23
761,88	2088,93
762,07	1961,95
762,26	2060,26
762,45	1961,95
762,64	2007,01
762,82	1894,37
763,01	1968,10
763,20	2015,20
763,39	1976,29
763,58	2004,96
763,77	1959,91
763,96	1990,63
764,14	1906,66
764,33	2004,96
764,52	2129,89
764,71	2144,22
764,90	2013,15
765,09	2050,02
765,27	2064,35
765,46	2060,26
765,65	2119,65
765,84	2099,17
766,03	2189,28
766,22	2156,51
766,41	2072,54
766,59	2009,06
766,78	2082,78
766,97	2205,66
767,16	2226,14
767,35	2086,88
767,54	2164,70
767,72	2217,95
767,91	2205,66
768,10	2187,23
768,29	2168,80
768,48	2138,08
768,66	2252,77
768,85	2199,52
769,04	2240,48
769,23	2168,80
769,42	2183,13
769,61	2226,14
769,79	2244,57
769,98	2226,14
770,17	2156,51
770,36	2260,96
770,55	2199,52
770,73	2273,25
770,92	2242,53
771,11	2197,47
771,30	2158,56
771,49	2160,61
771,67	2303,96
771,86	2209,76
772,05	2162,66
772,24	2271,20
772,42	2146,27
772,61	2187,23
772,80	2166,75
772,99	2144,22
773,18	2146,27
773,36	2185,18
773,55	2220,00
773,74	2176,99
773,93	2189,28
774,11	2113,50
774,30	2168,80
774,49	2166,75
774,68	2217,95
774,87	2154,46
775,05	2107,36
775,24	2078,69
775,43	2187,23
775,62	2174,94
775,80	2146,27
775,99	2156,51
776,18	2279,39
776,37	2176,99
776,55	2244,57
776,74	2070,50
776,93	2156,51
777,12	2236,38
777,30	2222,05
777,49	2068,45
777,68	2287,58
777,87	2023,39
778,05	2191,33
778,24	2158,56
778,43	2207,71
778,62	2187,23
778,80	2158,56
778,99	2250,72
779,18	2156,51
779,36	2263,01
779,55	2054,11
779,74	2176,99
779,93	2140,13
780,11	2228,19
780,30	2136,03
780,49	2158,56
780,68	2131,94
780,86	2199,52
781,05	2164,70
781,24	2131,94
781,42	2144,22
781,61	2187,23
781,80	2078,69
781,98	2248,67
782,17	2181,09
782,36	2093,02
782,55	2166,75
782,73	2146,27
782,92	2295,77
783,11	2193,37
783,29	2170,85
783,48	2234,33
783,67	2240,48
783,85	2101,22
784,04	2119,65
784,23	2076,64
784,42	2097,12
784,60	2222,05
784,79	2267,10
784,98	2183,13
785,16	2119,65
785,35	2045,92
785,54	2093,02
785,72	2207,71
785,91	2050,02
786,10	2035,68
786,28	2181,09
786,47	2078,69
786,66	2070,50
786,84	2119,65
787,03	2103,26
787,22	2084,83
787,40	2043,87
787,59	2142,18
787,78	2183,13
787,96	2088,93
788,15	2068,45
788,34	2062,30
788,52	2144,22
788,71	2093,02
788,89	2125,79
789,08	2011,11
789,27	2170,85
789,45	2115,55
789,64	2070,50
789,83	2078,69
790,01	2101,22
790,20	2123,74
790,39	2058,21
790,57	1986,53
790,76	2082,78
790,95	2011,11
791,13	2076,64
791,32	2060,26
791,50	2105,31
791,69	2082,78
791,88	2062,30
792,06	2133,98
792,25	2088,93
792,43	2027,49
792,62	2140,13
792,81	2037,73
792,99	2019,30
793,18	2099,17
793,37	2115,55
793,55	2041,82
793,74	2113,50
793,92	2086,88
794,11	2088,93
794,30	2013,15
794,48	2037,73
794,67	2011,11
794,85	2062,30
795,04	1966,05
795,23	2076,64
795,41	1978,34
795,60	2072,54
795,78	2039,78
795,97	2189,28
796,15	2017,25
796,34	2129,89
796,53	2060,26
796,71	2064,35
796,90	2056,16
797,08	1947,62
797,27	2109,41
797,46	1992,67
797,64	2025,44
797,83	2027,49
798,01	2062,30
798,20	2037,73
798,38	2056,16
798,57	1947,62
798,76	2023,39
798,94	2037,73
799,13	1994,72
799,31	2060,26
799,50	2080,74
799,68	1937,38
799,87	1925,09
800,05	2105,31
800,24	1986,53
800,43	1953,76
800,61	2074,59
800,80	2162,66
800,98	2021,35
801,17	2027,49
801,35	2019,30
801,54	2037,73
801,72	2033,63
801,91	1994,72
802,09	2054,11
802,28	2047,97
802,46	2004,96
802,65	2052,06
802,84	2080,74
803,02	2017,25
803,21	2056,16
803,39	2023,39
803,58	2097,12
803,76	2121,70
803,95	1980,39
804,13	1978,34
804,32	1949,67
804,50	2070,50
804,69	2095,07
804,87	1982,43
805,06	2070,50
805,24	2133,98
805,43	2025,44
805,61	1982,43
805,80	2031,58
805,98	2047,97
806,17	2103,26
806,35	1871,84
806,54	2095,07
806,72	2009,06
806,91	2047,97
807,09	2015,20
807,28	2056,16
807,46	2035,68
807,65	2074,59
807,83	2023,39
808,02	1968,10
808,20	2011,11
808,39	2035,68
808,57	1970,15
808,76	2074,59
808,94	2064,35
809,13	1978,34
809,31	2013,15
809,49	2037,73
809,68	1984,48
809,86	2035,68
810,05	1990,63
810,23	1953,76
810,42	2004,96
810,60	1941,47
810,79	1906,66
810,97	1908,71
811,16	1902,56
811,34	2013,15
811,53	1968,10
811,71	1984,48
811,89	1941,47
812,08	1957,86
812,26	1947,62
812,45	1923,04
812,63	1912,80
812,82	1920,99
813,00	1830,88
813,19	1890,28
813,37	1955,81
813,55	1898,47
813,74	1855,46
813,92	1982,43
814,11	1818,60
814,29	1748,97
814,48	1994,72
814,66	1894,37
814,84	1867,75
815,03	1882,08
815,21	1937,38
815,40	1925,09
815,58	1884,13
815,77	1898,47
815,95	1873,89
816,13	1892,32
816,32	1941,47
816,50	1896,42
816,69	1845,22
816,87	1839,08
817,05	1851,36
817,24	1902,56
817,42	1832,93
817,61	1800,16
817,79	1896,42
817,97	1941,47
818,16	1820,64
818,34	2013,15
818,53	1826,79
818,71	1810,40
818,89	1742,82
819,08	1890,28
819,26	1867,75
819,45	1888,23
819,63	1900,52
819,81	1882,08
820,00	1957,86
820,18	1853,41
820,36	1902,56
820,55	1779,68
820,73	1814,50
820,92	1912,80
821,10	1845,22
821,28	1824,74
821,47	1904,61
821,65	1837,03
821,83	1943,52
822,02	1841,12
822,20	1785,83
822,39	1847,27
822,57	1759,21
822,75	1925,09
822,94	1828,84
823,12	1822,69
823,30	1849,32
823,49	1943,52
823,67	1761,25
823,85	1859,56
824,04	1837,03
824,22	1849,32
824,40	1961,95
824,59	1867,75
824,77	1834,98
824,95	1869,80
825,14	1877,99
825,32	1875,94
825,50	1902,56
825,69	1796,07
825,87	1959,91
826,05	1800,16
826,24	1912,80
826,42	1877,99
826,60	1806,31
826,79	1826,79
826,97	1816,55
827,15	1873,89
827,34	1759,21
827,52	1896,42
827,70	1888,23
827,89	1867,75
828,07	1839,08
828,25	1789,92
828,44	1886,18
828,62	1810,40
828,80	1953,76
828,98	1918,95
829,17	1861,60
829,35	1914,85
829,53	1818,60
829,72	1867,75
829,90	1810,40
830,08	1845,22
830,27	1927,14
830,45	1869,80
830,63	1920,99
830,81	1789,92
831,00	1837,03
831,18	1796,07
831,36	1820,64
831,55	1839,08
831,73	1857,51
831,91	1818,60
832,09	1916,90
832,28	1896,42
832,46	1806,31
832,64	1888,23
832,82	1884,13
833,01	1918,95
833,19	1900,52
833,37	1853,41
833,55	1847,27
833,74	1900,52
833,92	1759,21
834,10	1810,40
834,29	1834,98
834,47	1785,83
834,65	1882,08
834,83	1830,88
835,02	1828,84
835,20	1816,55
835,38	1841,12
835,56	1851,36
835,75	1933,28
835,93	1953,76
836,11	1849,32
836,29	1808,36
836,47	1916,90
836,66	1808,36
836,84	1828,84
837,02	1771,49
837,20	1843,17
837,39	1902,56
837,57	1798,12
837,75	1923,04
837,93	1892,32
838,12	1847,27
838,30	1794,02
838,48	1890,28
838,66	1894,37
838,84	1820,64
839,03	1923,04
839,21	1769,44
839,39	1859,56
839,57	1927,14
839,75	1902,56
839,94	1818,60
840,12	1875,94
840,30	1720,29
840,48	1925,09
840,66	1787,88
840,85	1847,27
841,03	1802,21
841,21	1873,89
841,39	1916,90
841,57	1812,45
841,76	1931,23
841,94	1927,14
842,12	1830,88
842,30	1927,14
842,48	1941,47
842,67	1791,97
842,85	1861,60
843,03	1923,04
843,21	1873,89
843,39	1822,69
843,57	1763,30
843,76	1843,17
843,94	1824,74
844,12	1861,60
844,30	1697,77
844,48	1810,40
844,66	1892,32
844,85	1849,32
845,03	1898,47
845,21	1806,31
845,39	1869,80
845,57	1789,92
845,75	1849,32
845,94	1851,36
846,12	1847,27
846,30	1902,56
846,48	1794,02
846,66	1849,32
846,84	1759,21
847,02	1738,73
847,21	1796,07
847,39	1853,41
847,57	1773,54
847,75	1808,36
847,93	1775,59
848,11	1732,58
848,29	1810,40
848,48	1794,02
848,66	1826,79
848,84	1843,17
849,02	1755,11
849,20	1720,29
849,38	1820,64
849,56	1765,35
849,74	1916,90
849,93	1859,56
850,11	1748,97
850,29	1810,40
850,47	1781,73
850,65	1767,40
850,83	1705,96
851,01	1730,53
851,19	1814,50
851,37	1775,59
851,56	1802,21
851,74	1804,26
851,92	1777,64
852,10	1753,06
852,28	1751,01
852,46	1837,03
852,64	1779,68
852,82	1753,06
853,00	1726,44
853,18	1871,84
853,37	1828,84
853,55	1738,73
853,73	1783,78
853,91	1765,35
854,09	1761,25
854,27	1820,64
854,45	1839,08
854,63	1728,49
854,81	1732,58
854,99	1753,06
855,17	1740,77
855,35	1744,87
855,53	1718,25
855,72	1720,29
855,90	1820,64
856,08	1812,45
856,26	1794,02
856,44	1851,36
856,62	1732,58
856,80	1763,30
856,98	1755,11
857,16	1779,68
857,34	1816,55
857,52	1777,64
857,70	1888,23
857,88	1751,01
858,06	1814,50
858,24	1773,54
858,42	1812,45
858,60	1730,53
858,78	1742,82
858,96	1779,68
859,15	1732,58
859,33	1755,11
859,51	1794,02
859,69	1765,35
859,87	1736,68
860,05	1765,35
860,23	1740,77
860,41	1816,55
860,59	1798,12
860,77	1830,88
860,95	1824,74
861,13	1646,57
861,31	1753,06
861,49	1712,10
861,67	1757,16
861,85	1791,97
862,03	1828,84
862,21	1738,73
862,39	1845,22
862,57	1791,97
862,75	1742,82
862,93	1746,92
863,11	1828,84
863,29	1665,00
863,47	1755,11
863,65	1732,58
863,83	1728,49
864,01	1783,78
864,19	1775,59
864,37	1673,19
864,55	1779,68
864,73	1693,67
864,91	1703,91
865,09	1744,87
865,27	1681,38
865,45	1683,43
865,63	1683,43
865,81	1712,10
865,99	1720,29
866,17	1732,58
866,35	1699,81
866,53	1730,53
866,71	1691,62
866,89	1658,85
867,07	1730,53
867,24	1720,29
867,42	1789,92
867,60	1759,21
867,78	1720,29
867,96	1708,01
868,14	1775,59
868,32	1771,49
868,50	1681,38
868,68	1703,91
868,86	1712,10
869,04	1751,01
869,22	1650,66
869,40	1722,34
869,58	1798,12
869,76	1734,63
869,94	1599,46
870,12	1722,34
870,30	1732,58
870,48	1740,77
870,66	1761,25
870,83	1687,53
871,01	1687,53
871,19	1671,14
871,37	1699,81
871,55	1665,00
871,73	1681,38
871,91	1769,44
872,09	1687,53
872,27	1689,57
872,45	1601,51
872,63	1554,41
872,81	1669,09
872,98	1689,57
873,16	1705,96
873,34	1703,91
873,52	1720,29
873,70	1671,14
873,88	1708,01
874,06	1617,90
874,24	1652,71
874,42	1667,05
874,60	1705,96
874,78	1628,14
874,95	1667,05
875,13	1689,57
875,31	1638,38
875,49	1720,29
875,67	1662,95
875,85	1708,01
876,03	1693,67
876,21	1693,67
876,39	1660,90
876,56	1697,77
876,74	1638,38
876,92	1703,91
877,10	1843,17
877,28	1681,38
877,46	1681,38
877,64	1767,40
877,82	1765,35
877,99	1675,24
878,17	1699,81
878,35	1675,24
878,53	1693,67
878,71	1718,25
878,89	1708,01
879,07	1718,25
879,24	1687,53
879,42	1724,39
879,60	1609,70
879,78	1810,40
879,96	1656,81
880,14	1705,96
880,32	1708,01
880,49	1710,05
880,67	1728,49
880,85	1697,77
881,03	1693,67
881,21	1642,47
881,39	1681,38
881,56	1669,09
881,74	1640,42
881,92	1652,71
882,10	1710,05
882,28	1699,81
882,46	1662,95
882,63	1652,71
882,81	1535,98
882,99	1578,98
883,17	1650,66
883,35	1681,38
883,52	1761,25
883,70	1667,05
883,88	1601,51
884,06	1681,38
884,24	1726,44
884,42	1734,63
884,59	1638,38
884,77	1730,53
884,95	1601,51
885,13	1619,94
885,31	1585,13
885,48	1710,05
885,66	1828,84
885,84	1677,29
886,02	1650,66
886,20	1763,30
886,37	1714,15
886,55	1810,40
886,73	1769,44
886,91	1632,23
887,08	1662,95
887,26	1685,48
887,44	1767,40
887,62	1712,10
887,80	1710,05
887,97	1701,86
888,15	1732,58
888,33	1652,71
888,51	1644,52
888,68	1652,71
888,86	1673,19
889,04	1624,04
889,22	1701,86
889,40	1654,76
889,57	1613,80
889,75	1716,20
889,93	1630,18
890,11	1662,95
890,28	1578,98
890,46	1656,81
890,64	1648,61
890,82	1705,96
890,99	1699,81
891,17	1603,56
891,35	1591,27
891,53	1712,10
891,70	1581,03
891,88	1638,38
892,06	1634,28
892,24	1621,99
892,41	1624,04
892,59	1681,38
892,77	1638,38
892,94	1632,23
893,12	1689,57
893,30	1636,33
893,48	1665,00
893,65	1755,11
893,83	1654,76
894,01	1640,42
894,19	1718,25
894,36	1720,29
894,54	1542,12
894,72	1652,71
894,89	1597,42
895,07	1644,52
895,25	1681,38
895,43	1611,75
895,60	1650,66
895,78	1609,70
895,96	1658,85
896,13	1613,80
896,31	1621,99
896,49	1646,57
896,66	1578,98
896,84	1601,51
897,02	1665,00
897,20	1613,80
897,37	1576,94
897,55	1513,45
897,73	1648,61
897,90	1603,56
898,08	1624,04
898,26	1609,70
898,43	1642,47
898,61	1626,09
898,79	1556,46
898,96	1589,22
899,14	1558,50
899,32	1648,61
899,49	1572,84
899,67	1658,85
899,85	1695,72
900,02	1652,71
900,20	1613,80
900,38	1624,04
900,55	1626,09
900,73	1695,72
900,91	1609,70
901,08	1677,29
901,26	1589,22
901,44	1685,48
901,61	1568,74
901,79	1548,26
901,97	1587,18
902,14	1613,80
902,32	1648,61
902,50	1599,46
902,67	1556,46
902,85	1609,70
903,02	1603,56
903,20	1578,98
903,38	1576,94
903,55	1507,30
903,73	1599,46
903,91	1583,08
904,08	1626,09
904,26	1574,89
904,44	1712,10
904,61	1535,98
904,79	1646,57
904,96	1482,73
905,14	1564,65
905,32	1591,27
905,49	1585,13
905,67	1548,26
905,84	1513,45
906,02	1615,85
906,20	1628,14
906,37	1753,06
906,55	1564,65
906,73	1576,94
906,90	1611,75
907,08	1535,98
907,25	1581,03
907,43	1677,29
907,61	1570,79
907,78	1546,22
907,96	1552,36
908,13	1585,13
908,31	1630,18
908,48	1605,61
908,66	1568,74
908,84	1562,60
909,01	1585,13
909,19	1587,18
909,36	1521,64
909,54	1576,94
909,72	1560,55
909,89	1505,26
910,07	1431,53
910,24	1609,70
910,42	1619,94
910,59	1452,01
910,77	1515,50
910,95	1533,93
911,12	1617,90
911,30	1529,83
911,47	1544,17
911,65	1562,60
911,82	1505,26
912,00	1558,50
912,17	1511,40
912,35	1576,94
912,53	1578,98
912,70	1523,69
912,88	1515,50
913,05	1587,18
913,23	1529,83
913,40	1648,61
913,58	1556,46
913,75	1540,07
913,93	1501,16
914,10	1511,40
914,28	1538,02
914,46	1576,94
914,63	1509,35
914,81	1656,81
914,98	1523,69
915,16	1595,37
915,33	1581,03
915,51	1597,42
915,68	1669,09
915,86	1568,74
916,03	1488,87
916,21	1468,39
916,38	1525,74
916,56	1546,22
916,73	1574,89
916,91	1521,64
917,08	1519,59
917,26	1583,08
917,43	1542,12
917,61	1581,03
917,78	1617,90
917,96	1503,21
918,13	1468,39
918,31	1593,32
918,48	1474,54
918,66	1462,25
918,83	1617,90
919,01	1548,26
919,18	1540,07
919,36	1593,32
919,53	1615,85
919,71	1628,14
919,88	1564,65
920,06	1556,46
920,23	1535,98
920,41	1593,32
920,58	1581,03
920,76	1552,36
920,93	1517,54
921,11	1515,50
921,28	1542,12
921,45	1632,23
921,63	1591,27
921,80	1589,22
921,98	1550,31
922,15	1531,88
922,33	1578,98
922,50	1574,89
922,68	1591,27
922,85	1513,45
923,03	1497,07
923,20	1683,43
923,38	1521,64
923,55	1626,09
923,72	1417,19
923,90	1677,29
924,07	1540,07
924,25	1505,26
924,42	1630,18
924,60	1574,89
924,77	1593,32
924,95	1599,46
925,12	1560,55
925,29	1654,76
925,47	1554,41
925,64	1503,21
925,82	1521,64
925,99	1499,11
926,17	1486,83
926,34	1550,31
926,51	1484,78
926,69	1538,02
926,86	1585,13
927,04	1495,02
927,21	1499,11
927,38	1480,68
927,56	1538,02
927,73	1509,35
927,91	1546,22
928,08	1558,50
928,25	1468,39
928,43	1515,50
928,60	1419,24
928,78	1492,97
928,95	1447,91
929,12	1615,85
929,30	1538,02
929,47	1472,49
929,65	1468,39
929,82	1468,39
929,99	1503,21
930,17	1390,57
930,34	1509,35
930,52	1517,54
930,69	1456,11
930,86	1499,11
931,04	1464,30
931,21	1390,57
931,38	1431,53
931,56	1490,92
931,73	1603,56
931,91	1499,11
932,08	1476,59
932,25	1533,93
932,43	1484,78
932,60	1535,98
932,77	1404,91
932,95	1417,19
933,12	1490,92
933,29	1423,34
933,47	1490,92
933,64	1433,58
933,82	1466,35
933,99	1527,78
934,16	1357,80
934,34	1523,69
934,51	1417,19
934,68	1486,83
934,86	1523,69
935,03	1429,48
935,20	1464,30
935,38	1380,33
935,55	1492,97
935,72	1562,60
935,90	1427,43
936,07	1505,26
936,24	1472,49
936,42	1533,93
936,59	1456,11
936,76	1550,31
936,94	1423,34
937,11	1445,87
937,28	1421,29
937,46	1476,59
937,63	1462,25
937,80	1462,25
937,97	1499,11
938,15	1527,78
938,32	1476,59
938,49	1503,21
938,67	1382,38
938,84	1519,59
939,01	1460,20
939,19	1423,34
939,36	1499,11
939,53	1468,39
939,70	1476,59
939,88	1419,24
940,05	1556,46
940,22	1480,68
940,40	1546,22
940,57	1490,92
940,74	1470,44
940,92	1415,15
941,09	1433,58
941,26	1429,48
941,43	1462,25
941,61	1472,49
941,78	1423,34
941,95	1490,92
942,12	1488,87
942,30	1574,89
942,47	1511,40
942,64	1503,21
942,82	1533,93
942,99	1529,83
943,16	1458,15
943,33	1519,59
943,51	1384,43
943,68	1531,88
943,85	1439,72
944,02	1488,87
944,20	1521,64
944,37	1443,82
944,54	1429,48
944,71	1454,06
944,89	1378,28
945,06	1443,82
945,23	1431,53
945,40	1535,98
945,58	1517,54
945,75	1486,83
945,92	1576,94
946,09	1492,97
946,27	1447,91
946,44	1490,92
946,61	1527,78
946,78	1458,15
946,95	1452,01
947,13	1421,29
947,30	1460,20
947,47	1425,39
947,64	1417,19
947,82	1370,09
947,99	1421,29
948,16	1531,88
948,33	1482,73
948,50	1380,33
948,68	1503,21
948,85	1419,24
949,02	1523,69
949,19	1409,00
949,36	1452,01
949,54	1441,77
949,71	1546,22
949,88	1480,68
950,05	1425,39
950,22	1515,50
950,40	1470,44
950,57	1423,34
950,74	1511,40
950,91	1562,60
951,08	1431,53
951,26	1490,92
951,43	1478,63
951,60	1396,71
951,77	1544,17
951,94	1468,39
952,11	1525,74
952,29	1507,30
952,46	1386,47
952,63	1595,37
952,80	1482,73
952,97	1503,21
953,15	1527,78
953,32	1474,54
953,49	1458,15
953,66	1466,35
953,83	1462,25
954,00	1484,78
954,17	1441,77
954,35	1636,33
954,52	1476,59
954,69	1552,36
954,86	1511,40
955,03	1419,24
955,20	1503,21
955,38	1542,12
955,55	1390,57
955,72	1460,20
955,89	1437,67
956,06	1521,64
956,23	1478,63
956,40	1484,78
956,58	1368,04
956,75	1413,10
956,92	1452,01
957,09	1406,95
957,26	1513,45
957,43	1433,58
957,60	1427,43
957,77	1480,68
957,95	1511,40
958,12	1470,44
958,29	1486,83
958,46	1552,36
958,63	1431,53
958,80	1439,72
958,97	1499,11
959,14	1425,39
959,31	1458,15
959,49	1435,63
959,66	1443,82
959,83	1456,11
960,00	1505,26
960,17	1488,87
960,34	1449,96
960,51	1419,24
960,68	1540,07
960,85	1431,53
961,02	1456,11
961,20	1535,98
961,37	1470,44
961,54	1449,96
961,71	1525,74
961,88	1521,64
962,05	1517,54
962,22	1550,31
962,39	1527,78
962,56	1390,57
962,73	1464,30
962,90	1445,87
963,07	1478,63
963,24	1464,30
963,42	1429,48
963,59	1468,39
963,76	1517,54
963,93	1531,88
964,10	1478,63
964,27	1429,48
964,44	1472,49
964,61	1466,35
964,78	1474,54
964,95	1441,77
965,12	1468,39
965,29	1517,54
965,46	1458,15
965,63	1511,40
965,80	1460,20
965,97	1363,95
966,14	1431,53
966,31	1482,73
966,48	1568,74
966,66	1509,35
966,83	1449,96
967,00	1396,71
967,17	1540,07
967,34	1472,49
967,51	1449,96
967,68	1525,74
967,85	1488,87
968,02	1488,87
968,19	1382,38
968,36	1495,02
968,53	1443,82
968,70	1423,34
968,87	1490,92
969,04	1492,97
969,21	1492,97
969,38	1538,02
969,55	1445,87
969,72	1470,44
969,89	1519,59
970,06	1470,44
970,23	1460,20
970,40	1482,73
970,57	1464,30
970,74	1525,74
970,91	1492,97
971,08	1449,96
971,25	1376,24
971,42	1572,84
971,59	1501,16
971,76	1441,77
971,93	1452,01
972,10	1476,59
972,27	1447,91
972,44	1462,25
972,61	1511,40
972,78	1476,59
972,95	1472,49
973,12	1517,54
973,29	1501,16
973,46	1359,85
973,63	1472,49
973,80	1521,64
973,97	1398,76
974,14	1452,01
974,30	1466,35
974,47	1533,93
974,64	1515,50
974,81	1513,45
974,98	1560,55
975,15	1478,63
975,32	1495,02
975,49	1417,19
975,66	1390,57
975,83	1511,40
976,00	1447,91
976,17	1441,77
976,34	1415,15
976,51	1515,50
976,68	1417,19
976,85	1497,07
977,02	1495,02
977,19	1505,26
977,36	1449,96
977,52	1519,59
977,69	1486,83
977,86	1540,07
978,03	1413,10
978,20	1476,59
978,37	1507,30
978,54	1515,50
978,71	1474,54
978,88	1556,46
979,05	1470,44
979,22	1472,49
979,39	1478,63
979,56	1449,96
979,72	1439,72
979,89	1521,64
980,06	1550,31
980,23	1574,89
980,40	1515,50
980,57	1452,01
980,74	1445,87
980,91	1447,91
981,08	1509,35
981,25	1523,69
981,41	1419,24
981,58	1460,20
981,75	1417,19
981,92	1515,50
982,09	1427,43
982,26	1433,58
982,43	1388,52
982,60	1509,35
982,77	1492,97
982,93	1425,39
983,10	1458,15
983,27	1402,86
983,44	1458,15
983,61	1523,69
983,78	1445,87
983,95	1398,76
984,11	1425,39
984,28	1550,31
984,45	1456,11
984,62	1382,38
984,79	1419,24
984,96	1478,63
985,13	1527,78
985,30	1527,78
985,46	1470,44
985,63	1464,30
985,80	1484,78
985,97	1415,15
986,14	1386,47
986,31	1474,54
986,47	1413,10
986,64	1390,57
986,81	1513,45
986,98	1441,77
987,15	1488,87
987,32	1361,90
987,48	1499,11
987,65	1507,30
987,82	1478,63
987,99	1540,07
988,16	1853,41
988,33	1562,60
988,49	1425,39
988,66	1525,74
988,83	1460,20
989,00	1535,98
989,17	1417,19
989,34	1513,45
989,50	1437,67
989,67	1454,06
989,84	1359,85
990,01	1449,96
990,18	1486,83
990,34	1525,74
990,51	1443,82
990,68	1517,54
990,85	1566,70
991,02	1474,54
991,18	1484,78
991,35	1437,67
991,52	1460,20
991,69	1452,01
991,86	1492,97
992,02	1476,59
992,19	1388,52
992,36	1456,11
992,53	1513,45
992,69	1441,77
992,86	1495,02
993,03	1515,50
993,20	1384,43
993,37	1564,65
993,53	1511,40
993,70	1478,63
993,87	1425,39
994,04	1476,59
994,20	1396,71
994,37	1474,54
994,54	1417,19
994,71	1433,58
994,87	1548,26
995,04	1466,35
995,21	1437,67
995,38	1456,11
995,55	1468,39
995,71	1484,78
995,88	1474,54
996,05	1478,63
996,22	1472,49
996,38	1435,63
996,55	1464,30
996,72	1437,67
996,88	1638,38
997,05	2250,72
997,22	1419,24
997,39	1431,53
997,55	1533,93
997,72	1443,82
997,89	1447,91
998,06	1439,72
998,22	1466,35
998,39	1411,05
998,56	1492,97
998,73	1392,62
998,89	1456,11
999,06	1447,91
999,23	1544,17
999,39	1513,45
999,56	1413,10
999,73	1423,34
999,90	1425,39
1000,06	1525,74
1000,23	1415,15
1000,40	1458,15
1000,56	1380,33
1000,73	1447,91
1000,90	1468,39
1001,06	1482,73
1001,23	1349,61
1001,40	1474,54
1001,57	1456,11
1001,73	1501,16
1001,90	1417,19
1002,07	1466,35
1002,23	1447,91
1002,40	1400,81
1002,57	1462,25
1002,73	1441,77
1002,90	1456,11
1003,07	1472,49
1003,23	1366,00
1003,40	1468,39
1003,57	1437,67
1003,73	1421,29
1003,90	1511,40
1004,07	1476,59
1004,23	1427,43
1004,40	1515,50
1004,57	1443,82
1004,73	1447,91
1004,90	1466,35
1005,07	1531,88
1005,23	1468,39
1005,40	1396,71
1005,57	1462,25
1005,73	1476,59
1005,90	1382,38
1006,07	1552,36
1006,23	1470,44
1006,40	1460,20
1006,57	1474,54
1006,73	1509,35
1006,90	1458,15
1007,06	1501,16
1007,23	1474,54
1007,40	1468,39
1007,56	1454,06
1007,73	1464,30
1007,90	1443,82
1008,06	1425,39
1008,23	1443,82
1008,40	1431,53
1008,56	1392,62
1008,73	1454,06
1008,89	1505,26
1009,06	1492,97
1009,23	1445,87
1009,39	1515,50
1009,56	1372,14
1009,72	1478,63
1009,89	1439,72
1010,06	1464,30
1010,22	1488,87
1010,39	1386,47
1010,55	1431,53
1010,72	1429,48
1010,89	1433,58
1011,05	1511,40
1011,22	1398,76
1011,38	1445,87
1011,55	1388,52
1011,72	1437,67
1011,88	1429,48
1012,05	1495,02
1012,21	1402,86
1012,38	1419,24
1012,55	1484,78
1012,71	1394,67
1012,88	1490,92
1013,04	1562,60
1013,21	1382,38
1013,37	1425,39
1013,54	1466,35
1013,71	1435,63
1013,87	1429,48
1014,04	1564,65
1014,20	1560,55
1014,37	1406,95
1014,53	1507,30
1014,70	1533,93
1014,87	1445,87
1015,03	1497,07
1015,20	1445,87
1015,36	1372,14
1015,53	1443,82
1015,69	1425,39
1015,86	1347,56
1016,02	1423,34
1016,19	1544,17
1016,36	1433,58
1016,52	1449,96
1016,69	1415,15
1016,85	1394,67
1017,02	1462,25
1017,18	1427,43
1017,35	1415,15
1017,51	1431,53
1017,68	1499,11
1017,84	1337,32
1018,01	1366,00
1018,17	1431,53
1018,34	1503,21
1018,50	1406,95
1018,67	1458,15
1018,84	1478,63
1019,00	1427,43
1019,17	1419,24
1019,33	1376,24
1019,50	1519,59
1019,66	1413,10
1019,83	1413,10
1019,99	1529,83
1020,16	1376,24
1020,32	1431,53
1020,49	1503,21
1020,65	1394,67
1020,82	1435,63
1020,98	1460,20
1021,15	1413,10
1021,31	1515,50
1021,48	1474,54
1021,64	1439,72
1021,81	1439,72
1021,97	1382,38
1022,14	1425,39
1022,30	1460,20
1022,47	1376,24
1022,63	1499,11
1022,79	1402,86
1022,96	1538,02
1023,12	1470,44
1023,29	1425,39
1023,45	1421,29
1023,62	1474,54
1023,78	1517,54
1023,95	1462,25
1024,11	1468,39
1024,28	1466,35
1024,44	1413,10
1024,61	1392,62
1024,77	1497,07
1024,94	1501,16
1025,10	1413,10
1025,26	1335,28
1025,43	1447,91
1025,59	1445,87
1025,76	1505,26
1025,92	1437,67
1026,09	1419,24
1026,25	1439,72
1026,42	1433,58
1026,58	1392,62
1026,74	1431,53
1026,91	1429,48
1027,07	1404,91
1027,24	1443,82
1027,40	1445,87
1027,57	1546,22
1027,73	1413,10
1027,90	1523,69
1028,06	1366,00
1028,22	1435,63
1028,39	1361,90
1028,55	1484,78
1028,72	1482,73
1028,88	1490,92
1029,04	1406,95
1029,21	1488,87
1029,37	1374,19
1029,54	1488,87
1029,70	1366,00
1029,87	1392,62
1030,03	1359,85
1030,19	1572,84
1030,36	1454,06
1030,52	1492,97
1030,69	1368,04
1030,85	1419,24
1031,01	1470,44
1031,18	1515,50
1031,34	1421,29
1031,50	1417,19
1031,67	1433,58
1031,83	1464,30
1032,00	1419,24
1032,16	1449,96
1032,32	1337,32
1032,49	1540,07
1032,65	1468,39
1032,82	1554,41
1032,98	1495,02
1033,14	1366,00
1033,31	1492,97
1033,47	1538,02
1033,63	1404,91
1033,80	1525,74
1033,96	1423,34
1034,13	1511,40
1034,29	1423,34
1034,45	1400,81
1034,62	1456,11
1034,78	1519,59
1034,94	1421,29
1035,11	1413,10
1035,27	1382,38
1035,43	1439,72
1035,60	1464,30
1035,76	1402,86
1035,92	1423,34
1036,09	1439,72
1036,25	1521,64
1036,41	1433,58
1036,58	1482,73
1036,74	1548,26
1036,90	1368,04
1037,07	1363,95
1037,23	1402,86
1037,39	1521,64
1037,56	1423,34
1037,72	1478,63
1037,88	1419,24
1038,05	1404,91
1038,21	1527,78
1038,37	1515,50
1038,54	1384,43
1038,70	1562,60
1038,86	1484,78
1039,03	1435,63
1039,19	1427,43
1039,35	1449,96
1039,52	1431,53
1039,68	1419,24
1039,84	1402,86
1040,00	1466,35
1040,17	1466,35
1040,33	1452,01
1040,49	1478,63
1040,66	1425,39
1040,82	1400,81
1040,98	1435,63
1041,15	1423,34
1041,31	1417,19
1041,47	1454,06
1041,63	1396,71
1041,80	1417,19
1041,96	1525,74
1042,12	1478,63
1042,29	1462,25
1042,45	1482,73
1042,61	1370,09
1042,77	1478,63
1042,94	1478,63
1043,10	1576,94
1043,26	1359,85
1043,42	1398,76
1043,59	1454,06
1043,75	1452,01
1043,91	1409,00
1044,07	1464,30
1044,24	1400,81
1044,40	1425,39
