345,22	1353,71
345,44	1353,71
345,66	1353,71
345,88	1382,38
346,10	1421,29
346,32	1554,41
346,54	1591,27
346,75	1546,22
346,97	1593,32
347,19	1603,56
347,41	1527,78
347,63	1564,65
347,85	1517,54
348,07	1593,32
348,29	1636,33
348,51	1535,98
348,73	1587,18
348,95	1568,74
349,16	1566,70
349,38	1490,92
349,60	1540,07
349,82	1589,22
350,04	1570,79
350,26	1570,79
350,48	1628,14
350,70	1589,22
350,92	1603,56
351,14	1568,74
351,35	1529,83
351,57	1538,02
351,79	1605,61
352,01	1554,41
352,23	1574,89
352,45	1591,27
352,67	1568,74
352,89	1540,07
353,10	1646,57
353,32	1562,60
353,54	1636,33
353,76	1562,60
353,98	1611,75
354,20	1601,51
354,42	1503,21
354,64	1630,18
354,85	1710,05
355,07	1581,03
355,29	1675,24
355,51	1533,93
355,73	1640,42
355,95	1546,22
356,17	1624,04
356,38	1576,94
356,60	1609,70
356,82	1732,58
357,04	1550,31
357,26	1599,46
357,48	1665,00
357,69	1607,66
357,91	1595,37
358,13	1617,90
358,35	1626,09
358,57	1615,85
358,79	1689,57
359,01	1644,52
359,22	1554,41
359,44	1624,04
359,66	1665,00
359,88	1525,74
360,10	1611,75
360,32	1529,83
360,53	1564,65
360,75	1615,85
360,97	1529,83
361,19	1519,59
361,41	1662,95
361,62	1556,46
361,84	1550,31
362,06	1568,74
362,28	1525,74
362,50	1720,29
362,72	1603,56
362,93	1554,41
363,15	1507,30
363,37	1572,84
363,59	1589,22
363,81	1517,54
364,02	1734,63
364,24	1523,69
364,46	1691,62
364,68	1607,66
364,90	1681,38
365,11	1591,27
365,33	1710,05
365,55	1550,31
365,77	1523,69
365,99	1570,79
366,20	1757,16
366,42	1619,94
366,64	1566,70
366,86	1640,42
367,07	1572,84
367,29	1544,17
367,51	1558,50
367,73	1517,54
367,95	1568,74
368,16	1587,18
368,38	1607,66
368,60	1656,81
368,82	1660,90
369,03	1708,01
369,25	1601,51
369,47	1607,66
369,69	1611,75
369,91	1634,28
370,12	1566,70
370,34	1599,46
370,56	1583,08
370,78	1636,33
370,99	1671,14
371,21	1628,14
371,43	1550,31
371,65	1583,08
371,86	1605,61
372,08	1669,09
372,30	1593,32
372,52	1654,76
372,73	1507,30
372,95	1619,94
373,17	1550,31
373,39	1595,37
373,60	1576,94
373,82	1605,61
374,04	1566,70
374,26	1574,89
374,47	1607,66
374,69	1576,94
374,91	1654,76
375,12	1642,47
375,34	1511,40
375,56	1581,03
375,78	1630,18
375,99	1552,36
376,21	1705,96
376,43	1601,51
376,65	1628,14
376,86	1644,52
377,08	1591,27
377,30	1691,62
377,51	1587,18
377,73	1621,99
377,95	1550,31
378,17	1599,46
378,38	1511,40
378,60	1611,75
378,82	1654,76
379,03	1642,47
379,25	1566,70
379,47	1705,96
379,68	1544,17
379,90	1521,64
380,12	1581,03
380,34	1570,79
380,55	1550,31
380,77	1611,75
380,99	1576,94
381,20	1662,95
381,42	1609,70
381,64	1556,46
381,85	1531,88
382,07	1669,09
382,29	1585,13
382,50	1617,90
382,72	1581,03
382,94	1593,32
383,15	1626,09
383,37	1603,56
383,59	1593,32
383,80	1597,42
384,02	1630,18
384,24	1644,52
384,45	1695,72
384,67	1705,96
384,89	1490,92
385,10	1603,56
385,32	1667,05
385,54	1497,07
385,75	1589,22
385,97	1632,23
386,19	1667,05
386,40	1634,28
386,62	1523,69
386,84	1554,41
387,05	1523,69
387,27	1544,17
387,49	1525,74
387,70	1538,02
387,92	1679,33
388,14	1517,54
388,35	1552,36
388,57	1540,07
388,79	1630,18
389,00	1624,04
389,22	1556,46
389,43	1621,99
389,65	1611,75
389,87	1601,51
390,08	1589,22
390,30	1681,38
390,52	1619,94
390,73	1628,14
390,95	1495,02
391,17	1607,66
391,38	1636,33
391,60	1644,52
391,81	1624,04
392,03	1558,50
392,25	1517,54
392,46	1538,02
392,68	1603,56
392,89	1513,45
393,11	1570,79
393,33	1611,75
393,54	1589,22
393,76	1665,00
393,98	1693,67
394,19	1558,50
394,41	1593,32
394,62	1581,03
394,84	1589,22
395,06	1546,22
395,27	1544,17
395,49	1554,41
395,70	1662,95
395,92	1581,03
396,13	1562,60
396,35	1667,05
396,57	1556,46
396,78	1495,02
397,00	1521,64
397,21	1626,09
397,43	1654,76
397,65	1646,57
397,86	1650,66
398,08	1574,89
398,29	1740,77
398,51	1535,98
398,72	1634,28
398,94	1753,06
399,16	1609,70
399,37	1605,61
399,59	1640,42
399,80	1636,33
400,02	1587,18
400,23	1667,05
400,45	1642,47
400,67	1669,09
400,88	1533,93
401,10	1570,79
401,31	1523,69
401,53	1558,50
401,74	1613,80
401,96	1583,08
402,17	1597,42
402,39	1511,40
402,61	1587,18
402,82	1564,65
403,04	1609,70
403,25	1585,13
403,47	1626,09
403,68	1568,74
403,90	1607,66
404,11	1533,93
404,33	1572,84
404,54	1619,94
404,76	1617,90
404,97	1603,56
405,19	1808,36
405,41	1607,66
405,62	1691,62
405,84	1542,12
406,05	1601,51
406,27	1615,85
406,48	1675,24
406,70	1597,42
406,91	1595,37
407,13	1632,23
407,34	1595,37
407,56	1724,39
407,77	1675,24
407,99	1583,08
408,20	1714,15
408,42	1570,79
408,63	1650,66
408,85	1558,50
409,06	1564,65
409,28	1746,92
409,49	1607,66
409,71	1652,71
409,92	1593,32
410,14	1591,27
410,35	1757,16
410,57	1617,90
410,78	1576,94
411,00	1716,20
411,21	1667,05
411,43	1628,14
411,64	1638,38
411,86	1665,00
412,07	1714,15
412,29	1632,23
412,50	1630,18
412,72	1646,57
412,93	1775,59
413,15	1701,86
413,36	1587,18
413,58	1703,91
413,79	1669,09
414,01	1683,43
414,22	1699,81
414,43	1665,00
414,65	1761,25
414,86	1607,66
415,08	1685,48
415,29	1775,59
415,51	1605,61
415,72	1628,14
415,94	1607,66
416,15	1640,42
416,37	1722,34
416,58	1599,46
416,80	1617,90
417,01	1628,14
417,22	1642,47
417,44	1624,04
417,65	1732,58
417,87	1677,29
418,08	1826,79
418,30	1603,56
418,51	1730,53
418,73	1662,95
418,94	1644,52
419,15	1634,28
419,37	1673,19
419,58	1572,84
419,80	1691,62
420,01	1695,72
420,23	1640,42
420,44	1703,91
420,65	1751,01
420,87	1773,54
421,08	1712,10
421,30	1777,64
421,51	1671,14
421,73	1621,99
421,94	1617,90
422,15	1607,66
422,37	1687,53
422,58	1568,74
422,80	1705,96
423,01	1697,77
423,22	1632,23
423,44	1511,40
423,65	1806,31
423,87	1634,28
424,08	1855,46
424,29	1720,29
424,51	1638,38
424,72	1683,43
424,94	1687,53
425,15	1675,24
425,36	1654,76
425,58	1699,81
425,79	1761,25
426,01	1658,85
426,22	1722,34
426,43	1791,97
426,65	1634,28
426,86	1738,73
427,08	1761,25
427,29	1677,29
427,50	1699,81
427,72	1687,53
427,93	1703,91
428,14	1718,25
428,36	1708,01
428,57	1777,64
428,79	1744,87
429,00	1787,88
429,21	1642,47
429,43	1779,68
429,64	1757,16
429,85	1687,53
430,07	1785,83
430,28	1769,44
430,49	1714,15
430,71	1755,11
430,92	1732,58
431,14	1855,46
431,35	1882,08
431,56	1761,25
431,78	1787,88
431,99	1832,93
432,20	1812,45
432,42	1820,64
432,63	1951,71
432,84	1804,26
433,06	1822,69
433,27	1867,75
433,48	1888,23
433,70	1812,45
433,91	1929,19
434,12	1751,01
434,34	1927,14
434,55	1961,95
434,76	1865,70
434,98	1877,99
435,19	1845,22
435,40	1865,70
435,62	1824,74
435,83	2011,11
436,04	1888,23
436,26	1933,28
436,47	1871,84
436,68	1877,99
436,90	1927,14
437,11	1953,76
437,32	1978,34
437,54	1970,15
437,75	1894,37
437,96	1951,71
438,17	2078,69
438,39	2004,96
438,60	2052,06
438,81	2011,11
439,03	2103,26
439,24	1937,38
439,45	2119,65
439,67	2007,01
439,88	1964,00
440,09	2070,50
440,30	2025,44
440,52	2023,39
440,73	2058,21
440,94	2052,06
441,16	1964,00
441,37	2101,22
441,58	2035,68
441,80	2082,78
442,01	2119,65
442,22	2176,99
442,43	2027,49
442,65	2279,39
442,86	2158,56
443,07	2156,51
443,28	2002,91
443,50	2181,09
443,71	2170,85
443,92	2179,04
444,14	2054,11
444,35	2176,99
444,56	2156,51
444,77	2095,07
444,99	2193,37
445,20	2209,76
445,41	2224,09
445,62	2213,85
445,84	2191,33
446,05	2324,44
446,26	2369,50
446,47	2191,33
446,69	2191,33
446,90	2179,04
447,11	2260,96
447,32	2105,31
447,54	2199,52
447,75	2138,08
447,96	2117,60
448,17	2056,16
448,39	2234,33
448,60	2144,22
448,81	2195,42
449,02	2209,76
449,23	2109,41
449,45	2220,00
449,66	2158,56
449,87	2095,07
450,08	2123,74
450,30	2082,78
450,51	2179,04
450,72	2160,61
450,93	2164,70
451,15	2127,84
451,36	2125,79
451,57	2060,26
451,78	2095,07
451,99	2226,14
452,21	2164,70
452,42	2095,07
452,63	2101,22
452,84	2029,54
453,05	2056,16
453,27	2084,83
453,48	2119,65
453,69	2037,73
453,90	2064,35
454,11	2056,16
454,33	1912,80
454,54	2103,26
454,75	2064,35
454,96	2029,54
455,17	1976,29
455,39	2133,98
455,60	1920,99
455,81	2179,04
456,02	2062,30
456,23	2031,58
456,45	2054,11
456,66	2050,02
456,87	2035,68
457,08	2068,45
457,29	2086,88
457,50	2009,06
457,72	2019,30
457,93	1945,57
458,14	2111,46
458,35	1941,47
458,56	1974,24
458,77	1935,33
458,99	2017,25
459,20	1925,09
459,41	1988,58
459,62	1990,63
459,83	2011,11
460,04	1964,00
460,26	1996,77
460,47	1964,00
460,68	1908,71
460,89	1931,23
461,10	2029,54
461,31	1984,48
461,52	1857,51
461,74	2078,69
461,95	1935,33
462,16	1904,61
462,37	1908,71
462,58	2007,01
462,79	2015,20
463,00	1947,62
463,22	1980,39
463,43	1939,43
463,64	1920,99
463,85	1888,23
464,06	1994,72
464,27	1904,61
464,48	1994,72
464,70	2039,78
464,91	1877,99
465,12	1933,28
465,33	1910,75
465,54	2097,12
465,75	1925,09
465,96	1955,81
466,17	1978,34
466,38	1898,47
466,60	1912,80
466,81	1986,53
467,02	1978,34
467,23	1949,67
467,44	1974,24
467,65	1859,56
467,86	2023,39
468,07	1916,90
468,28	1968,10
468,50	1945,57
468,71	2043,87
468,92	1892,32
469,13	1816,55
469,34	1937,38
469,55	1929,19
469,76	1945,57
469,97	1892,32
470,18	1916,90
470,39	1925,09
470,60	1937,38
470,82	1863,65
471,03	1869,80
471,24	1988,58
471,45	1865,70
471,66	1986,53
471,87	1947,62
472,08	1918,95
472,29	1914,85
472,50	1925,09
472,71	1820,64
472,92	1918,95
473,13	1845,22
473,34	1959,91
473,55	1873,89
473,77	1953,76
473,98	1994,72
474,19	1970,15
474,40	1882,08
474,61	1953,76
474,82	1931,23
475,03	1900,52
475,24	1855,46
475,45	2043,87
475,66	1931,23
475,87	1961,95
476,08	1902,56
476,29	2076,64
476,50	2002,91
476,71	2023,39
476,92	1927,14
477,13	1976,29
477,34	1982,43
477,55	2047,97
477,76	2002,91
477,97	1947,62
478,18	1966,05
478,40	1949,67
478,61	2033,63
478,82	1920,99
479,03	2017,25
479,24	2025,44
479,45	1947,62
479,66	1974,24
479,87	2119,65
480,08	1877,99
480,29	1994,72
480,50	2086,88
480,71	1949,67
480,92	2072,54
481,13	1941,47
481,34	1970,15
481,55	1972,19
481,76	1974,24
481,97	1984,48
482,18	2084,83
482,39	1972,19
482,60	2090,98
482,81	2056,16
483,02	2033,63
483,23	2154,46
483,44	2015,20
483,65	2062,30
483,86	2125,79
484,07	2060,26
484,28	2179,04
484,49	2095,07
484,70	2070,50
484,91	2125,79
485,12	2101,22
485,33	2021,35
485,54	2133,98
485,75	2045,92
485,96	2170,85
486,17	2113,50
486,38	2115,55
486,59	2138,08
486,80	2234,33
487,01	2058,21
487,21	2107,36
487,42	2160,61
487,63	2193,37
487,84	2185,18
488,05	2109,41
488,26	2349,02
488,47	2199,52
488,68	2113,50
488,89	2152,42
489,10	2133,98
489,31	2187,23
489,52	2154,46
489,73	2211,81
489,94	2285,53
490,15	2224,09
490,36	2230,24
490,57	2230,24
490,78	2234,33
490,99	2215,90
491,20	2148,32
491,41	2236,38
491,61	2365,40
491,82	2275,29
492,03	2232,29
492,24	2224,09
492,45	2170,85
492,66	2392,03
492,87	2267,10
493,08	2338,78
493,29	2191,33
493,50	2281,44
493,71	2232,29
493,92	2381,79
494,13	2314,20
494,34	2224,09
494,54	2338,78
494,75	2299,87
494,96	2498,52
495,17	2334,68
495,38	2355,16
495,59	2207,71
495,80	2318,30
496,01	2414,56
496,22	2383,84
496,43	2211,81
496,64	2371,55
496,84	2351,07
497,05	2285,53
497,26	2445,27
497,47	2398,17
497,68	2351,07
497,89	2320,35
498,10	2400,22
498,31	2551,77
498,52	2432,99
498,72	2371,55
498,93	2412,51
499,14	2414,56
499,35	2328,54
499,56	2432,99
499,77	2400,22
499,98	2361,31
500,19	2543,58
500,40	2478,04
500,60	2359,26
500,81	2588,63
501,02	2549,72
501,23	2541,53
501,44	2516,95
501,65	2422,75
501,86	2486,23
502,06	2492,38
502,27	2529,24
502,48	2557,91
502,69	2555,86
502,90	2596,82
503,11	2492,38
503,32	2510,81
503,53	2492,38
503,73	2521,05
503,94	2533,34
504,15	2664,41
504,36	2486,23
504,57	2543,58
504,78	2449,37
504,98	2478,04
505,19	2543,58
505,40	2562,01
505,61	2559,96
505,82	2553,82
506,03	2584,54
506,23	2467,80
506,44	2527,19
506,65	2617,30
506,86	2598,87
507,07	2531,29
507,28	2555,86
507,48	2551,77
507,69	2598,87
507,90	2543,58
508,11	2504,67
508,32	2535,39
508,53	2658,26
508,73	2539,48
508,94	2562,01
509,15	2568,15
509,36	2658,26
509,57	2541,53
509,77	2615,26
509,98	2564,06
510,19	2666,46
510,40	2721,75
510,61	2613,21
510,81	2691,03
511,02	2777,05
511,23	2781,14
511,44	2654,17
511,65	2600,92
511,85	2709,46
512,06	2594,78
512,27	2658,26
512,48	2648,02
512,69	2760,66
512,89	2674,65
513,10	2682,84
513,31	2666,46
513,52	2717,65
513,73	2629,59
513,93	2848,72
514,14	2783,19
514,35	2842,58
514,56	2660,31
514,76	2676,70
514,97	2801,62
515,18	2746,33
515,39	2715,61
515,60	2805,72
515,80	2742,23
516,01	2795,48
516,22	2922,45
516,43	2590,68
516,63	2709,46
516,84	2846,68
517,05	2781,14
517,26	2797,53
517,46	2691,03
517,67	2889,68
517,88	2703,32
518,09	2668,50
518,29	2748,37
518,50	2858,96
518,71	2727,89
518,92	2879,44
519,12	2791,38
519,33	2789,33
519,54	2734,04
519,75	2844,63
519,95	2832,34
520,16	2768,85
520,37	2717,65
520,57	2697,17
520,78	2922,45
520,99	2826,20
521,20	2807,77
521,40	2904,02
521,61	2781,14
521,82	2834,39
522,03	2854,87
522,23	2682,84
522,44	2740,18
522,65	2758,61
522,85	2770,90
523,06	2887,64
523,27	2891,73
523,48	2828,24
523,68	2781,14
523,89	2801,62
524,10	2818,00
524,30	2752,47
524,51	2867,16
524,72	2822,10
524,93	2797,53
525,13	2742,23
525,34	2826,20
525,55	2875,35
525,75	2861,01
525,96	2815,96
526,17	2752,47
526,37	2967,51
526,58	2852,82
526,79	2785,24
526,99	2834,39
527,20	2875,35
527,41	2867,16
527,62	2826,20
527,82	2850,77
528,03	2875,35
528,24	2801,62
528,44	2901,97
528,65	2725,85
528,86	2820,05
529,06	2916,31
529,27	2756,57
529,48	2951,12
529,68	3051,47
529,89	2934,74
530,10	2936,79
530,30	2887,64
530,51	2777,05
530,72	3035,09
530,92	2842,58
531,13	2895,83
531,34	2897,88
531,54	2899,92
531,75	2848,72
531,96	3004,37
532,16	2875,35
532,37	2981,84
532,57	2854,87
532,78	2961,36
532,99	2983,89
533,19	2887,64
533,40	3012,56
533,61	2891,73
533,81	2936,79
534,02	2940,88
534,23	2906,07
534,43	2840,53
534,64	2992,08
534,84	2893,78
535,05	2916,31
535,26	2942,93
535,46	2908,12
535,67	2979,79
535,88	2858,96
536,08	2940,88
536,29	2928,60
536,49	2922,45
536,70	2912,21
536,91	2756,57
537,11	2889,68
537,32	2930,64
537,53	3059,67
537,73	3024,85
537,94	2846,68
538,14	2936,79
538,35	2908,12
538,56	2973,65
538,76	2959,31
538,97	2875,35
539,17	2840,53
539,38	3020,75
539,59	3047,38
539,79	2918,36
540,00	2949,08
540,20	2940,88
540,41	2973,65
540,62	3092,43
540,82	2944,98
541,03	2924,50
541,23	2967,51
541,44	2924,50
541,64	2891,73
541,85	2979,79
542,06	3053,52
542,26	2914,26
542,47	2938,84
542,67	3010,51
542,88	3024,85
543,08	3096,53
543,29	3061,71
543,50	3071,95
543,70	3008,47
543,91	2940,88
544,11	2967,51
544,32	3084,24
544,52	3037,14
544,73	2934,74
544,94	2959,31
545,14	3061,71
545,35	2947,03
545,55	3024,85
545,76	3053,52
545,96	2922,45
546,17	2998,23
546,37	2936,79
546,58	3026,90
546,78	2826,20
546,99	2940,88
547,20	3112,91
547,40	2992,08
547,61	2994,13
547,81	2965,46
548,02	3008,47
548,22	3088,34
548,43	3078,10
548,63	2981,84
548,84	2985,94
549,04	2979,79
549,25	2957,27
549,45	2987,99
549,66	3008,47
549,86	3041,23
550,07	2998,23
550,27	2965,46
550,48	3006,42
550,69	3119,06
550,89	3243,98
551,10	2973,65
551,30	3100,62
551,51	2932,69
551,71	3157,97
551,92	3071,95
552,12	3004,37
552,33	3033,04
552,53	3049,43
552,74	3117,01
552,94	3061,71
553,15	3043,28
553,35	3182,54
553,56	3069,91
553,76	3203,02
553,97	3137,49
554,17	3071,95
554,38	3074,00
554,58	3172,30
554,79	3145,68
554,99	3051,47
555,19	3100,62
555,40	3057,62
555,60	3131,34
555,81	3123,15
556,01	3168,21
556,22	3243,98
556,42	3274,70
556,63	3170,26
556,83	3198,93
557,04	3155,92
557,24	3258,32
557,45	3211,22
557,65	3268,56
557,86	3289,04
558,06	3223,50
558,27	3174,35
558,47	3180,50
558,67	3276,75
558,88	3284,94
559,08	3258,32
559,29	3243,98
559,49	3436,49
559,70	3344,33
559,90	3459,02
560,11	3383,24
560,31	3340,24
560,52	3465,16
560,72	3307,47
560,92	3424,20
561,13	3409,87
561,33	3436,49
561,54	3516,36
561,74	3467,21
561,95	3473,36
562,15	3629,00
562,35	3502,03
562,56	3629,00
562,76	3477,45
562,97	3565,51
563,17	3676,10
563,38	3788,74
563,58	3710,92
563,78	3870,66
563,99	3751,88
564,19	3819,46
564,40	3801,03
564,60	4005,83
564,80	4024,26
565,01	3977,16
565,21	4028,35
565,42	4218,82
565,62	4079,55
565,83	4190,14
566,03	4231,10
566,23	4186,05
566,44	4411,32
566,64	4419,52
566,85	4437,95
567,05	4468,67
567,25	4503,48
567,46	4761,53
567,66	4652,98
567,86	4931,51
568,07	4808,63
568,27	5044,15
568,48	4986,80
568,68	5105,59
568,88	5089,20
569,09	5300,14
569,29	5420,97
569,50	5306,29
569,70	5621,67
569,90	5654,44
570,11	5701,54
570,31	5797,80
570,51	5969,83
570,72	6018,98
570,92	6041,51
571,13	6412,19
571,33	6352,80
571,53	6602,65
571,74	6739,87
571,94	6838,17
572,14	6911,89
572,35	7049,11
572,55	7083,92
572,75	7378,83
572,96	7520,14
573,16	7630,73
573,36	7788,43
573,57	7882,63
573,77	8093,57
573,97	8331,14
574,18	8310,66
574,38	8566,65
574,59	8589,18
574,79	8759,16
574,99	8867,70
575,20	9146,23
575,40	9273,20
575,60	9688,94
575,81	9785,19
576,01	9820,01
576,21	9938,79
576,42	10145,64
576,62	10518,37
576,82	10577,76
577,02	10723,16
577,23	11005,78
577,43	11607,89
577,63	11372,37
577,84	11689,81
578,04	11974,47
578,24	12222,28
578,45	12291,91
578,65	12357,44
578,85	12629,82
579,06	12937,02
579,26	13199,16
579,46	13670,19
579,67	13901,61
579,87	14030,63
580,07	14198,57
580,27	14432,04
580,48	14788,38
580,68	14956,32
580,88	15134,49
581,09	15677,20
581,29	16008,97
581,49	16039,69
581,69	16801,54
581,90	17004,28
582,10	17256,18
582,30	17442,55
582,51	17940,21
582,71	18253,55
582,91	18620,13
583,11	19158,75
583,32	19306,20
583,52	19652,31
583,72	20369,10
583,93	20229,84
584,13	21106,37
584,33	21200,57
584,53	22060,72
584,74	22329,00
584,94	22511,27
585,14	22994,59
585,34	23512,73
585,55	23869,08
585,75	24700,55
585,95	24825,48
586,15	25167,49
586,36	26087,03
586,56	26519,15
586,76	27223,65
586,96	27182,69
587,17	28087,89
587,37	28683,85
587,57	29140,55
587,77	29728,31
587,98	30492,21
588,18	30580,27
588,38	31284,77
588,58	32030,23
588,79	32421,39
588,99	32722,44
589,19	33496,58
589,39	34078,20
589,60	34637,30
589,80	35077,61
590,00	35446,24
590,20	35599,84
590,40	36290,01
590,61	36199,90
590,81	37137,87
591,01	37922,24
591,21	37991,87
591,42	38108,60
591,62	38389,17
591,82	38716,85
592,02	39046,57
592,22	39390,63
592,43	39503,27
592,63	39224,75
592,83	39443,88
593,03	39949,73
593,23	39886,24
593,44	39853,47
593,64	39720,35
593,84	39916,96
594,04	39824,80
594,24	39529,89
594,45	39732,64
594,65	39378,34
594,85	39105,96
595,05	38612,40
595,25	38532,53
595,46	38419,89
595,66	37397,96
595,86	37524,93
596,06	37000,65
596,26	36556,24
596,46	36042,20
596,67	35616,22
596,87	34895,34
597,07	34239,99
597,27	34090,49
597,47	33805,82
597,67	33211,91
597,88	32263,70
598,08	31424,03
598,28	30813,74
598,48	30119,48
598,68	29904,44
598,88	28898,89
599,09	28493,39
599,29	27555,42
599,49	26498,67
599,69	26287,73
599,89	25884,28
600,09	24841,86
600,30	24243,85
600,50	23983,76
600,70	23127,71
600,90	22279,85
601,10	21644,98
601,30	21302,97
601,50	20590,28
601,71	19838,67
601,91	19209,95
602,11	18722,53
602,31	18202,35
602,51	17721,07
602,71	17153,79
602,91	16441,09
603,11	16156,43
603,32	15599,38
603,52	15054,62
603,72	14702,37
603,92	14358,31
604,12	13717,29
604,32	13262,65
604,52	13180,73
604,72	12853,05
604,93	12552,00
605,13	12085,06
605,33	11949,90
605,53	11611,98
605,73	11169,62
605,93	10925,91
606,13	10557,28
606,33	10231,65
606,53	10231,65
606,74	9973,61
606,94	9803,63
607,14	9285,49
607,34	9152,37
607,54	8900,47
607,74	8853,37
607,94	8519,55
608,14	8654,72
608,34	8286,08
608,54	8161,16
608,74	7913,35
608,95	7753,61
609,15	7720,84
609,35	7448,46
609,55	7184,27
609,75	7112,60
609,95	6913,94
610,15	6862,74
610,35	6748,06
610,55	6565,79
610,75	6428,57
610,95	6367,13
611,15	6170,53
611,35	6301,60
611,55	6055,84
611,76	5906,34
611,96	5816,23
612,16	5908,39
612,36	5638,06
612,56	5406,64
612,76	5539,76
612,96	5353,39
613,16	5439,40
613,36	5259,18
613,56	5154,74
613,76	5058,48
613,96	4980,66
614,16	4644,79
614,36	4714,42
614,56	4636,60
614,76	4728,76
614,96	4663,22
615,16	4517,82
615,36	4405,18
615,56	4532,15
615,76	4294,59
615,97	4298,69
616,17	4288,45
616,37	4304,83
616,57	4237,25
616,77	4214,72
616,97	3997,64
617,17	3940,29
617,37	4032,45
617,57	3811,27
617,77	3897,28
617,97	3895,24
618,17	3784,65
618,37	3841,99
618,57	3735,50
618,77	3684,30
618,97	3719,11
619,17	3612,62
619,37	3590,09
619,57	3510,22
619,77	3456,97
619,97	3489,74
620,17	3542,99
620,37	3485,64
620,57	3409,87
620,77	3393,48
620,97	3370,96
621,17	3395,53
621,37	3237,84
621,57	3231,69
621,77	3225,55
621,97	3432,40
622,17	3196,88
622,37	3135,44
622,57	3229,65
622,77	3157,97
622,97	3016,66
623,17	3061,71
623,37	3117,01
623,57	3186,64
623,77	2998,23
623,97	3000,27
624,16	2951,12
624,36	3065,81
624,56	2918,36
624,76	3055,57
624,96	2920,40
625,16	2949,08
625,36	2930,64
625,56	2934,74
625,76	3018,71
625,96	2922,45
626,16	2854,87
626,36	2840,53
626,56	2942,93
626,76	2885,59
626,96	2793,43
627,16	2795,48
627,36	2697,17
627,56	2865,11
627,76	2838,48
627,96	2729,94
628,16	2779,09
628,35	2768,85
628,55	2799,57
628,75	2691,03
628,95	2605,02
629,15	2721,75
629,35	2637,78
629,55	2637,78
629,75	2709,46
629,95	2562,01
630,15	2637,78
630,35	2564,06
630,55	2670,55
630,75	2566,10
630,95	2793,43
631,14	2602,97
631,34	2611,16
631,54	2621,40
631,74	2555,86
631,94	2535,39
632,14	2545,63
632,34	2625,50
632,54	2594,78
632,74	2496,47
632,94	2551,77
633,14	2592,73
633,33	2420,70
633,53	2504,67
633,73	2621,40
633,93	2631,64
634,13	2553,82
634,33	2473,95
634,53	2514,91
634,73	2537,43
634,93	2441,18
635,12	2418,65
635,32	2465,75
635,52	2527,19
635,72	2422,75
635,92	2353,12
636,12	2605,02
636,32	2533,34
636,52	2617,30
636,71	2435,03
636,91	2430,94
637,11	2504,67
637,31	2461,66
637,51	2416,60
637,71	2506,71
637,91	2377,69
638,11	2349,02
638,30	2320,35
638,50	2365,40
638,70	2412,51
638,90	2410,46
639,10	2437,08
639,30	2346,97
639,50	2394,08
639,69	2322,40
639,89	2418,65
640,09	2346,97
640,29	2402,27
640,49	2396,12
640,69	2289,63
640,88	2363,36
641,08	2269,15
641,28	2412,51
641,48	2402,27
641,68	2344,92
641,88	2412,51
642,07	2334,68
642,27	2369,50
642,47	2346,97
642,67	2402,27
642,87	2330,59
643,07	2330,59
643,26	2332,64
643,46	2334,68
643,66	2306,01
643,86	2412,51
644,06	2332,64
644,26	2226,14
644,45	2351,07
644,65	2303,96
644,85	2314,20
645,05	2324,44
645,25	2295,77
645,44	2336,73
645,64	2209,76
645,84	2310,11
646,04	2273,25
646,24	2248,67
646,43	2344,92
646,63	2316,25
646,83	2220,00
647,03	2265,05
647,23	2101,22
647,42	2414,56
647,62	2291,68
647,82	2287,58
648,02	2142,18
648,22	2320,35
648,41	2230,24
648,61	2215,90
648,81	2355,16
649,01	2260,96
649,20	2236,38
649,40	2181,09
649,60	2349,02
649,80	2176,99
650,00	2306,01
650,19	2156,51
650,39	2150,37
650,59	2230,24
650,79	2146,27
650,98	2179,04
651,18	2199,52
651,38	2269,15
651,58	2183,13
651,77	2133,98
651,97	2187,23
652,17	2172,89
652,37	2160,61
652,56	2195,42
652,76	2154,46
652,96	2166,75
653,16	2115,55
653,35	2189,28
653,55	2076,64
653,75	2142,18
653,95	2246,62
654,14	2146,27
654,34	2162,66
654,54	2172,89
654,74	2150,37
654,93	2105,31
655,13	2170,85
655,33	2047,97
655,52	2160,61
655,72	2197,47
655,92	2004,96
656,12	2064,35
656,31	2162,66
656,51	2166,75
656,71	2058,21
656,91	2072,54
657,10	2025,44
657,30	2027,49
657,50	2148,32
657,69	2099,17
657,89	2043,87
658,09	2144,22
658,29	2213,85
658,48	2125,79
658,68	2084,83
658,88	2142,18
659,07	2113,50
659,27	2099,17
659,47	2078,69
659,66	2117,60
659,86	2045,92
660,06	2045,92
660,26	2035,68
660,45	2174,94
660,65	2174,94
660,85	2142,18
661,04	2027,49
661,24	2176,99
661,44	2011,11
661,63	2033,63
661,83	2142,18
662,03	2056,16
662,22	2156,51
662,42	2088,93
662,62	2009,06
662,81	2070,50
663,01	2009,06
663,21	2193,37
663,40	2056,16
663,60	2138,08
663,80	2017,25
663,99	2226,14
664,19	2047,97
664,39	2140,13
664,58	2031,58
664,78	2025,44
664,98	1966,05
665,17	2088,93
665,37	1966,05
665,57	2107,36
665,76	2064,35
665,96	2004,96
666,16	2035,68
666,35	2033,63
666,55	2070,50
666,74	2072,54
666,94	2162,66
667,14	1990,63
667,33	2060,26
667,53	2017,25
667,73	1968,10
667,92	2095,07
668,12	2056,16
668,32	2125,79
668,51	2007,01
668,71	1992,67
668,90	1943,52
669,10	1980,39
669,30	1959,91
669,49	2058,21
669,69	2058,21
669,89	1941,47
670,08	1986,53
670,28	2277,34
670,47	2011,11
670,67	2043,87
670,87	1998,82
671,06	2074,59
671,26	1980,39
671,45	1880,04
671,65	2105,31
671,85	1966,05
672,04	1935,33
672,24	1978,34
672,43	1920,99
672,63	1916,90
672,83	1927,14
673,02	1968,10
673,22	1908,71
673,41	2021,35
673,61	2009,06
673,81	2017,25
674,00	2050,02
674,20	1978,34
674,39	1970,15
674,59	1873,89
674,78	1894,37
674,98	2027,49
675,18	1970,15
675,37	1929,19
675,57	1959,91
675,76	1990,63
675,96	2019,30
676,15	1988,58
676,35	1953,76
676,55	2019,30
676,74	1947,62
676,94	1945,57
677,13	1949,67
677,33	2033,63
677,52	1935,33
677,72	1892,32
677,91	1849,32
678,11	1910,75
678,31	1877,99
678,50	1933,28
678,70	1947,62
678,89	1873,89
679,09	1867,75
679,28	1970,15
679,48	1949,67
679,67	1888,23
679,87	1804,26
680,06	1935,33
680,26	2009,06
680,46	1937,38
680,65	1953,76
680,85	1916,90
681,04	1916,90
681,24	1929,19
681,43	1834,98
681,63	1961,95
681,82	1943,52
682,02	1855,46
682,21	1933,28
682,41	1867,75
682,60	1992,67
682,80	1953,76
682,99	1957,86
683,19	1920,99
683,38	2002,91
683,58	1902,56
683,77	1822,69
683,97	1996,77
684,16	2013,15
684,36	1851,36
684,55	1943,52
684,75	1851,36
684,94	1939,43
685,14	1910,75
685,33	1869,80
685,53	1785,83
685,72	1898,47
685,92	1949,67
686,11	1888,23
686,31	1908,71
686,50	1920,99
686,70	1880,04
686,89	1804,26
687,09	1773,54
687,28	1863,65
687,48	1804,26
687,67	1904,61
687,87	1894,37
688,06	1863,65
688,26	1904,61
688,45	1904,61
688,65	1845,22
688,84	1920,99
689,03	1914,85
689,23	1755,11
689,42	1964,00
689,62	1849,32
689,81	1953,76
690,01	1834,98
690,20	1865,70
690,40	1888,23
690,59	2041,82
690,79	1841,12
690,98	1843,17
691,17	1847,27
691,37	1904,61
691,56	1910,75
691,76	2025,44
691,95	1982,43
692,15	1816,55
692,34	1832,93
692,54	1851,36
692,73	1867,75
692,92	1918,95
693,12	1818,60
693,31	1794,02
693,51	1949,67
693,70	1826,79
693,90	1904,61
694,09	1783,78
694,28	1892,32
694,48	1845,22
694,67	1929,19
694,87	1912,80
695,06	1857,51
695,26	1787,88
695,45	1800,16
695,64	1806,31
695,84	1869,80
696,03	1781,73
696,23	1841,12
696,42	1884,13
696,61	1904,61
696,81	1847,27
697,00	1849,32
697,20	1931,23
697,39	1830,88
697,58	1708,01
697,78	1828,84
697,97	1898,47
698,17	1851,36
698,36	1841,12
698,55	1820,64
698,75	1882,08
698,94	1837,03
699,14	1818,60
699,33	1839,08
699,52	1837,03
699,72	1953,76
699,91	1894,37
700,10	1877,99
700,30	1765,35
700,49	1863,65
700,69	1841,12
700,88	1812,45
701,07	1785,83
701,27	1845,22
701,46	1951,71
701,65	1810,40
701,85	1875,94
702,04	1931,23
702,23	1837,03
702,43	1757,16
702,62	1834,98
702,82	1869,80
703,01	1990,63
703,20	1843,17
703,40	1832,93
703,59	1861,60
703,78	1837,03
703,98	1863,65
704,17	1802,21
704,36	1906,66
704,56	1865,70
704,75	1787,88
704,94	1800,16
705,14	1914,85
705,33	1939,43
705,52	1826,79
705,72	1865,70
705,91	1898,47
706,10	1898,47
706,30	1871,84
706,49	1908,71
706,68	1847,27
706,88	1906,66
707,07	1781,73
707,26	1834,98
707,46	1959,91
707,65	1935,33
707,84	1853,41
708,04	1830,88
708,23	1912,80
708,42	1808,36
708,62	1820,64
708,81	1736,68
709,00	1982,43
709,19	1814,50
709,39	1769,44
709,58	1900,52
709,77	1804,26
709,97	1845,22
710,16	1777,64
710,35	1912,80
710,55	1873,89
710,74	1959,91
710,93	1855,46
711,12	1970,15
711,32	1871,84
711,51	1857,51
711,70	1771,49
711,90	1886,18
712,09	1808,36
712,28	1923,04
712,47	1857,51
712,67	1800,16
712,86	1812,45
713,05	1826,79
713,24	1812,45
713,44	1886,18
713,63	1863,65
713,82	1857,51
714,02	1894,37
714,21	1814,50
714,40	1845,22
714,59	1839,08
714,79	1769,44
714,98	1865,70
715,17	2025,44
715,36	1740,77
715,56	1851,36
715,75	1871,84
715,94	1824,74
716,13	1910,75
716,33	1810,40
716,52	1812,45
716,71	1849,32
716,90	1812,45
717,10	1761,25
717,29	1773,54
717,48	1886,18
717,67	1892,32
717,87	1818,60
718,06	1802,21
718,25	1812,45
718,44	1861,60
718,63	1816,55
718,83	1693,67
719,02	1859,56
719,21	1802,21
719,40	1701,86
719,60	1808,36
719,79	1757,16
719,98	1912,80
720,17	1748,97
720,36	1779,68
720,56	1834,98
720,75	1705,96
720,94	1830,88
721,13	1859,56
721,33	1785,83
721,52	1759,21
721,71	1716,20
721,90	1818,60
722,09	1824,74
722,29	1865,70
722,48	1710,05
722,67	1798,12
722,86	1988,58
723,05	1777,64
723,24	1837,03
723,44	1736,68
723,63	1765,35
723,82	1806,31
724,01	1785,83
724,20	1851,36
724,40	1806,31
724,59	1779,68
724,78	1742,82
724,97	1751,01
725,16	1931,23
725,35	1908,71
725,55	1785,83
725,74	1828,84
725,93	1894,37
726,12	1863,65
726,31	1910,75
726,51	1837,03
726,70	1767,40
726,89	1738,73
727,08	1759,21
727,27	1837,03
727,46	1923,04
727,65	1802,21
727,85	1759,21
728,04	1865,70
728,23	1705,96
728,42	1789,92
728,61	1851,36
728,80	1800,16
729,00	1837,03
729,19	1785,83
729,38	1855,46
729,57	1808,36
729,76	1736,68
729,95	1953,76
730,14	1802,21
730,33	1791,97
730,53	1771,49
730,72	1828,84
730,91	1732,58
731,10	1898,47
731,29	1904,61
731,48	1822,69
731,67	1755,11
731,86	1808,36
732,06	1851,36
732,25	1865,70
732,44	1857,51
732,63	1822,69
732,82	1929,19
733,01	1859,56
733,20	1720,29
733,39	1828,84
733,59	1861,60
733,78	1814,50
733,97	1839,08
734,16	1822,69
734,35	1904,61
734,54	1894,37
734,73	1859,56
734,92	1830,88
735,11	1828,84
735,30	1822,69
735,49	1929,19
735,69	1982,43
735,88	1845,22
736,07	1953,76
736,26	1806,31
736,45	1902,56
736,64	1841,12
736,83	1849,32
737,02	1884,13
737,21	1847,27
737,40	1820,64
737,59	2019,30
737,78	1773,54
737,98	1845,22
738,17	1800,16
738,36	1937,38
738,55	1773,54
738,74	1851,36
738,93	1810,40
739,12	1822,69
739,31	1746,92
739,50	1753,06
739,69	1925,09
739,88	1828,84
740,07	1834,98
740,26	1875,94
740,45	1875,94
740,64	1847,27
740,83	1765,35
741,02	1710,05
741,22	1845,22
741,41	1857,51
741,60	1861,60
741,79	1828,84
741,98	1763,30
742,17	1828,84
742,36	1894,37
742,55	1802,21
742,74	2025,44
742,93	1863,65
743,12	1843,17
743,31	1785,83
743,50	1884,13
743,69	1826,79
743,88	1841,12
744,07	1849,32
744,26	1959,91
744,45	1929,19
744,64	1843,17
744,83	1834,98
745,02	1775,59
745,21	1810,40
745,40	1812,45
745,59	1927,14
745,78	1830,88
745,97	1845,22
746,16	1873,89
746,35	1808,36
746,54	1828,84
746,73	1855,46
746,92	1830,88
747,11	1785,83
747,30	1931,23
747,49	1873,89
747,68	1787,88
747,87	1832,93
748,06	1896,42
748,25	1769,44
748,44	1927,14
748,63	1898,47
748,82	1730,53
749,01	1818,60
749,20	1822,69
749,39	1759,21
749,58	1789,92
749,77	1855,46
749,96	1763,30
750,15	1859,56
750,34	1830,88
750,53	1892,32
750,72	1906,66
750,91	1789,92
751,10	1888,23
751,29	1824,74
751,48	1806,31
751,67	1769,44
751,86	1859,56
752,04	1894,37
752,23	1863,65
752,42	1806,31
752,61	1841,12
752,80	1896,42
752,99	1777,64
753,18	1867,75
753,37	1822,69
753,56	1712,10
753,75	1796,07
753,94	1763,30
754,13	1832,93
754,32	1724,39
754,51	1787,88
754,70	1851,36
754,89	1841,12
755,08	1773,54
755,27	1857,51
755,45	1816,55
755,64	1771,49
755,83	1798,12
756,02	1837,03
756,21	1769,44
756,40	1781,73
756,59	1787,88
756,78	1841,12
756,97	1746,92
757,16	1798,12
757,35	1800,16
757,54	1804,26
757,72	1800,16
757,91	1703,91
758,10	1781,73
758,29	1748,97
758,48	1884,13
758,67	1708,01
758,86	1699,81
759,05	1677,29
759,24	1781,73
759,43	1794,02
759,61	1691,62
759,80	1689,57
759,99	1720,29
760,18	1716,20
760,37	1748,97
760,56	1624,04
760,75	1759,21
760,94	1765,35
761,13	1775,59
761,31	1765,35
761,50	1712,10
761,69	1703,91
761,88	1667,05
762,07	1669,09
762,26	1761,25
762,45	1660,90
762,64	1705,96
762,82	1609,70
763,01	1843,17
763,20	1705,96
763,39	1746,92
763,58	1769,44
763,77	1763,30
763,96	1736,68
764,14	1714,15
764,33	1683,43
764,52	1791,97
764,71	1875,94
764,90	1785,83
765,09	1736,68
765,27	1757,16
765,46	1722,34
765,65	1701,86
765,84	1755,11
766,03	1791,97
766,22	1742,82
766,41	1728,49
766,59	1791,97
766,78	1757,16
766,97	1843,17
767,16	1759,21
767,35	1763,30
767,54	1834,98
767,72	1828,84
767,91	1834,98
768,10	1722,34
768,29	1751,01
768,48	1816,55
768,66	1794,02
768,85	1802,21
769,04	1777,64
769,23	1712,10
769,42	1830,88
769,61	1828,84
769,79	1845,22
769,98	1763,30
770,17	1693,67
770,36	1855,46
770,55	1787,88
770,73	1875,94
770,92	1824,74
771,11	1847,27
771,30	1751,01
771,49	1863,65
771,67	1888,23
771,86	1773,54
772,05	1771,49
772,24	1791,97
772,42	1640,42
772,61	1824,74
772,80	1662,95
772,99	1746,92
773,18	1832,93
773,36	1720,29
773,55	1687,53
773,74	1708,01
773,93	1787,88
774,11	1736,68
774,30	1826,79
774,49	1796,07
774,68	1818,60
774,87	1736,68
775,05	1660,90
775,24	1646,57
775,43	1791,97
775,62	1703,91
775,80	1791,97
775,99	1755,11
776,18	1839,08
776,37	1734,63
776,55	1798,12
776,74	1716,20
776,93	1716,20
777,12	1757,16
777,30	1822,69
777,49	1775,59
777,68	1744,87
777,87	1748,97
778,05	1722,34
778,24	1816,55
778,43	1804,26
778,62	1677,29
778,80	1816,55
778,99	1812,45
779,18	1773,54
779,36	1759,21
779,55	1691,62
779,74	1863,65
779,93	1816,55
780,11	1806,31
780,30	1720,29
780,49	1781,73
780,68	1769,44
780,86	1806,31
781,05	1775,59
781,24	1748,97
781,42	1777,64
781,61	1775,59
781,80	1748,97
781,98	1753,06
782,17	1738,73
782,36	1761,25
782,55	1789,92
782,73	1751,01
782,92	1861,60
783,11	1732,58
783,29	1775,59
783,48	1734,63
783,67	1771,49
783,85	1781,73
784,04	1714,15
784,23	1738,73
784,42	1789,92
784,60	1695,72
784,79	1834,98
784,98	1687,53
785,16	1742,82
785,35	1722,34
785,54	1847,27
785,72	1853,41
785,91	1775,59
786,10	1763,30
786,28	1894,37
786,47	1673,19
786,66	1730,53
786,84	1777,64
787,03	1828,84
787,22	1789,92
787,40	1665,00
787,59	1787,88
787,78	1791,97
787,96	1746,92
788,15	1851,36
788,34	1736,68
788,52	1798,12
788,71	1748,97
788,89	1683,43
789,08	1693,67
789,27	1863,65
789,45	1777,64
789,64	1708,01
789,83	1738,73
790,01	1742,82
790,20	1763,30
790,39	1718,25
790,57	1689,57
790,76	1714,15
790,95	1697,77
791,13	1714,15
791,32	1640,42
791,50	1861,60
791,69	1734,63
791,88	1738,73
792,06	1916,90
792,25	1810,40
792,43	1771,49
792,62	1769,44
792,81	1736,68
792,99	1701,86
793,18	1757,16
793,37	1791,97
793,55	1746,92
793,74	1761,25
793,92	1714,15
794,11	1753,06
794,30	1720,29
794,48	1785,83
794,67	1757,16
794,85	1689,57
795,04	1650,66
795,23	1751,01
795,41	1765,35
795,60	1757,16
795,78	1751,01
795,97	1832,93
796,15	1816,55
796,34	1769,44
796,53	1730,53
796,71	1796,07
796,90	1759,21
797,08	1660,90
797,27	1834,98
797,46	1755,11
797,64	1669,09
797,83	1816,55
798,01	1732,58
798,20	1828,84
798,38	1732,58
798,57	1615,85
798,76	1650,66
798,94	1640,42
799,13	1742,82
799,31	1720,29
799,50	1650,66
799,68	1724,39
799,87	1611,75
800,05	1738,73
800,24	1673,19
800,43	1652,71
800,61	1884,13
800,80	1804,26
800,98	1685,48
801,17	1769,44
801,35	1718,25
801,54	1710,05
801,72	1771,49
801,91	1748,97
802,09	1716,20
802,28	1736,68
802,46	1703,91
802,65	1763,30
802,84	1855,46
803,02	1744,87
803,21	1740,77
803,39	1773,54
803,58	1783,78
803,76	1738,73
803,95	1714,15
804,13	1718,25
804,32	1732,58
804,50	1877,99
804,69	1755,11
804,87	1728,49
805,06	1791,97
805,24	1818,60
805,43	1730,53
805,61	1812,45
805,80	1785,83
805,98	1714,15
806,17	1748,97
806,35	1658,85
806,54	1763,30
806,72	1738,73
806,91	1708,01
807,09	1763,30
807,28	1718,25
807,46	1796,07
807,65	1753,06
807,83	1681,38
808,02	1667,05
808,20	1746,92
808,39	1708,01
808,57	1687,53
808,76	1773,54
808,94	1769,44
809,13	1660,90
809,31	1718,25
809,49	1773,54
809,68	1687,53
809,86	1785,83
810,05	1738,73
810,23	1798,12
810,42	1769,44
810,60	1736,68
810,79	1730,53
810,97	1658,85
811,16	1789,92
811,34	1677,29
811,53	1679,33
811,71	1665,00
811,89	1736,68
812,08	1650,66
812,26	1597,42
812,45	1722,34
812,63	1703,91
812,82	1712,10
813,00	1722,34
813,19	1701,86
813,37	1699,81
813,55	1800,16
813,74	1593,32
813,92	1828,84
814,11	1728,49
814,29	1638,38
814,48	1748,97
814,66	1673,19
814,84	1689,57
815,03	1744,87
815,21	1771,49
815,40	1779,68
815,58	1720,29
815,77	1718,25
815,95	1720,29
816,13	1679,33
816,32	1843,17
816,50	1779,68
816,69	1691,62
816,87	1648,61
817,05	1728,49
817,24	1636,33
817,42	1654,76
817,61	1755,11
817,79	1755,11
817,97	1697,77
818,16	1693,67
818,34	1814,50
818,53	1787,88
818,71	1695,72
818,89	1656,81
819,08	1683,43
819,26	1708,01
819,45	1679,33
819,63	1744,87
819,81	1724,39
820,00	1869,80
820,18	1669,09
820,36	1757,16
820,55	1585,13
820,73	1638,38
820,92	1619,94
821,10	1720,29
821,28	1705,96
821,47	1755,11
821,65	1708,01
821,83	1898,47
822,02	1673,19
822,20	1753,06
822,39	1646,57
822,57	1650,66
822,75	1669,09
822,94	1652,71
823,12	1753,06
823,30	1591,27
823,49	1832,93
823,67	1710,05
823,85	1730,53
824,04	1634,28
824,22	1689,57
824,40	1744,87
824,59	1710,05
824,77	1654,76
824,95	1697,77
825,14	1769,44
825,32	1783,78
825,50	1728,49
825,69	1599,46
825,87	1716,20
826,05	1642,47
826,24	1675,24
826,42	1789,92
826,60	1810,40
826,79	1677,29
826,97	1595,37
827,15	1708,01
827,34	1734,63
827,52	1691,62
827,70	1705,96
827,89	1644,52
828,07	1662,95
828,25	1669,09
828,44	1763,30
828,62	1708,01
828,80	1718,25
828,98	1683,43
829,17	1708,01
829,35	1701,86
829,53	1720,29
829,72	1675,24
829,90	1621,99
830,08	1683,43
830,27	1736,68
830,45	1804,26
830,63	1732,58
830,81	1687,53
831,00	1720,29
831,18	1640,42
831,36	1773,54
831,55	1675,24
831,73	1646,57
831,91	1652,71
832,09	1755,11
832,28	1763,30
832,46	1632,23
832,64	1757,16
832,82	1605,61
833,01	1648,61
833,19	1681,38
833,37	1675,24
833,55	1689,57
833,74	1665,00
833,92	1607,66
834,10	1693,67
834,29	1712,10
834,47	1691,62
834,65	1728,49
834,83	1619,94
835,02	1619,94
835,20	1636,33
835,38	1662,95
835,56	1693,67
835,75	1658,85
835,93	1648,61
836,11	1662,95
836,29	1517,54
836,47	1712,10
836,66	1595,37
836,84	1757,16
837,02	1619,94
837,20	1705,96
837,39	1691,62
837,57	1621,99
837,75	1662,95
837,93	1751,01
838,12	1591,27
838,30	1724,39
838,48	1708,01
838,66	1736,68
838,84	1693,67
839,03	1777,64
839,21	1593,32
839,39	1626,09
839,57	1714,15
839,75	1746,92
839,94	1652,71
840,12	1720,29
840,30	1615,85
840,48	1734,63
840,66	1656,81
840,85	1640,42
841,03	1597,42
841,21	1742,82
841,39	1787,88
841,57	1689,57
841,76	1765,35
841,94	1812,45
842,12	1685,48
842,30	1738,73
842,48	1689,57
842,67	1689,57
842,85	1759,21
843,03	1732,58
843,21	1744,87
843,39	1669,09
843,57	1619,94
843,76	1654,76
843,94	1687,53
844,12	1765,35
844,30	1607,66
844,48	1656,81
844,66	1675,24
844,85	1703,91
845,03	1679,33
845,21	1693,67
845,39	1730,53
845,57	1679,33
845,75	1669,09
845,94	1654,76
846,12	1699,81
846,30	1746,92
846,48	1697,77
846,66	1705,96
846,84	1665,00
847,02	1681,38
847,21	1710,05
847,39	1609,70
847,57	1689,57
847,75	1669,09
847,93	1603,56
848,11	1679,33
848,29	1656,81
848,48	1646,57
848,66	1662,95
848,84	1761,25
849,02	1609,70
849,20	1626,09
849,38	1697,77
849,56	1658,85
849,74	1744,87
849,93	1841,12
850,11	1648,61
850,29	1660,90
850,47	1677,29
850,65	1650,66
850,83	1572,84
851,01	1621,99
851,19	1605,61
851,37	1572,84
851,56	1683,43
851,74	1740,77
851,92	1583,08
852,10	1679,33
852,28	1642,47
852,46	1679,33
852,64	1685,48
852,82	1726,44
853,00	1728,49
853,18	1652,71
853,37	1665,00
853,55	1671,14
853,73	1609,70
853,91	1667,05
854,09	1646,57
854,27	1626,09
854,45	1712,10
854,63	1724,39
854,81	1615,85
854,99	1710,05
855,17	1628,14
855,35	1654,76
855,53	1705,96
855,72	1603,56
855,90	1779,68
856,08	1652,71
856,26	1566,70
856,44	1826,79
856,62	1591,27
856,80	1603,56
856,98	1652,71
857,16	1595,37
857,34	1624,04
857,52	1675,24
857,70	1712,10
857,88	1691,62
858,06	1621,99
858,24	1677,29
858,42	1759,21
858,60	1626,09
858,78	1634,28
858,96	1679,33
859,15	1613,80
859,33	1705,96
859,51	1654,76
859,69	1626,09
859,87	1601,51
860,05	1626,09
860,23	1710,05
860,41	1658,85
860,59	1650,66
860,77	1730,53
860,95	1685,48
861,13	1667,05
861,31	1646,57
861,49	1587,18
861,67	1636,33
861,85	1615,85
862,03	1726,44
862,21	1617,90
862,39	1617,90
862,57	1777,64
862,75	1587,18
862,93	1665,00
863,11	1732,58
863,29	1511,40
863,47	1746,92
863,65	1687,53
863,83	1699,81
864,01	1658,85
864,19	1613,80
864,37	1703,91
864,55	1599,46
864,73	1681,38
864,91	1656,81
865,09	1660,90
865,27	1703,91
865,45	1603,56
865,63	1632,23
865,81	1642,47
865,99	1646,57
866,17	1734,63
866,35	1646,57
866,53	1722,34
866,71	1640,42
866,89	1667,05
867,07	1667,05
867,24	1636,33
867,42	1613,80
867,60	1681,38
867,78	1648,61
867,96	1675,24
868,14	1724,39
868,32	1718,25
868,50	1708,01
868,68	1619,94
868,86	1708,01
869,04	1630,18
869,22	1560,55
869,40	1583,08
869,58	1621,99
869,76	1677,29
869,94	1591,27
870,12	1640,42
870,30	1685,48
870,48	1642,47
870,66	1642,47
870,83	1671,14
871,01	1669,09
871,19	1619,94
871,37	1601,51
871,55	1574,89
871,73	1583,08
871,91	1632,23
872,09	1632,23
872,27	1626,09
872,45	1650,66
872,63	1556,46
872,81	1560,55
872,98	1660,90
873,16	1708,01
873,34	1646,57
873,52	1624,04
873,70	1599,46
873,88	1656,81
874,06	1548,26
874,24	1634,28
874,42	1499,11
874,60	1654,76
874,78	1630,18
874,95	1634,28
875,13	1644,52
875,31	1662,95
875,49	1753,06
875,67	1572,84
875,85	1628,14
876,03	1591,27
876,21	1662,95
876,39	1605,61
876,56	1597,42
876,74	1540,07
876,92	1605,61
877,10	1691,62
877,28	1638,38
877,46	1671,14
877,64	1679,33
877,82	1693,67
877,99	1634,28
878,17	1671,14
878,35	1574,89
878,53	1667,05
878,71	1730,53
878,89	1658,85
879,07	1648,61
879,24	1650,66
879,42	1703,91
879,60	1626,09
879,78	1710,05
879,96	1605,61
880,14	1685,48
880,32	1699,81
880,49	1599,46
880,67	1667,05
880,85	1632,23
881,03	1656,81
881,21	1703,91
881,39	1648,61
881,56	1691,62
881,74	1710,05
881,92	1615,85
882,10	1605,61
882,28	1667,05
882,46	1710,05
882,63	1501,16
882,81	1595,37
882,99	1593,32
883,17	1619,94
883,35	1681,38
883,52	1669,09
883,70	1628,14
883,88	1578,98
884,06	1744,87
884,24	1656,81
884,42	1804,26
884,59	1689,57
884,77	1681,38
884,95	1761,25
885,13	1642,47
885,31	1669,09
885,48	1667,05
885,66	1703,91
885,84	1722,34
886,02	1613,80
886,20	1697,77
886,37	1646,57
886,55	1699,81
886,73	1671,14
886,91	1619,94
887,08	1654,76
887,26	1728,49
887,44	1650,66
887,62	1599,46
887,80	1628,14
887,97	1671,14
888,15	1626,09
888,33	1648,61
888,51	1667,05
888,68	1673,19
888,86	1697,77
889,04	1632,23
889,22	1669,09
889,40	1521,64
889,57	1548,26
889,75	1722,34
889,93	1626,09
890,11	1662,95
890,28	1662,95
890,46	1621,99
890,64	1607,66
890,82	1716,20
890,99	1642,47
891,17	1656,81
891,35	1628,14
891,53	1609,70
891,70	1585,13
891,88	1558,50
892,06	1613,80
892,24	1576,94
892,41	1585,13
892,59	1558,50
892,77	1570,79
892,94	1673,19
893,12	1658,85
893,30	1587,18
893,48	1658,85
893,65	1714,15
893,83	1599,46
894,01	1699,81
894,19	1689,57
894,36	1761,25
894,54	1515,50
894,72	1703,91
894,89	1591,27
895,07	1517,54
895,25	1642,47
895,43	1556,46
895,60	1689,57
895,78	1677,29
895,96	1552,36
896,13	1708,01
896,31	1626,09
896,49	1585,13
896,66	1556,46
896,84	1695,72
897,02	1533,93
897,20	1613,80
897,37	1605,61
897,55	1593,32
897,73	1693,67
897,90	1677,29
898,08	1646,57
898,26	1671,14
898,43	1591,27
898,61	1636,33
898,79	1703,91
898,96	1607,66
899,14	1515,50
899,32	1681,38
899,49	1570,79
899,67	1568,74
899,85	1669,09
900,02	1744,87
900,20	1578,98
900,38	1583,08
900,55	1746,92
900,73	1656,81
900,91	1605,61
901,08	1630,18
901,26	1615,85
901,44	1660,90
901,61	1638,38
901,79	1583,08
901,97	1669,09
902,14	1609,70
902,32	1716,20
902,50	1581,03
902,67	1630,18
902,85	1658,85
903,02	1591,27
903,20	1581,03
903,38	1667,05
903,55	1589,22
903,73	1650,66
903,91	1628,14
904,08	1660,90
904,26	1638,38
904,44	1720,29
904,61	1517,54
904,79	1669,09
904,96	1609,70
905,14	1615,85
905,32	1660,90
905,49	1621,99
905,67	1540,07
905,84	1560,55
906,02	1658,85
906,20	1634,28
906,37	1794,02
906,55	1591,27
906,73	1648,61
906,90	1615,85
907,08	1624,04
907,25	1599,46
907,43	1753,06
907,61	1605,61
907,78	1615,85
907,96	1605,61
908,13	1626,09
908,31	1646,57
908,48	1638,38
908,66	1644,52
908,84	1673,19
909,01	1652,71
909,19	1636,33
909,36	1560,55
909,54	1570,79
909,72	1654,76
909,89	1525,74
910,07	1552,36
910,24	1767,40
910,42	1658,85
910,59	1556,46
910,77	1591,27
910,95	1525,74
911,12	1654,76
911,30	1597,42
911,47	1613,80
911,65	1621,99
911,82	1535,98
912,00	1687,53
912,17	1578,98
912,35	1646,57
912,53	1566,70
912,70	1691,62
912,88	1675,24
913,05	1603,56
913,23	1552,36
913,40	1607,66
913,58	1599,46
913,75	1585,13
913,93	1570,79
914,10	1626,09
914,28	1591,27
914,46	1578,98
914,63	1521,64
914,81	1658,85
914,98	1554,41
915,16	1605,61
915,33	1630,18
915,51	1585,13
915,68	1724,39
915,86	1611,75
916,03	1570,79
916,21	1576,94
916,38	1662,95
916,56	1605,61
916,73	1628,14
916,91	1611,75
917,08	1556,46
917,26	1578,98
917,43	1673,19
917,61	1552,36
917,78	1636,33
917,96	1550,31
918,13	1595,37
918,31	1646,57
918,48	1593,32
918,66	1595,37
918,83	1728,49
919,01	1615,85
919,18	1574,89
919,36	1538,02
919,53	1720,29
919,71	1767,40
919,88	1593,32
920,06	1595,37
920,23	1533,93
920,41	1591,27
920,58	1611,75
920,76	1617,90
920,93	1605,61
921,11	1589,22
921,28	1587,18
921,45	1646,57
921,63	1693,67
921,80	1611,75
921,98	1531,88
922,15	1589,22
922,33	1585,13
922,50	1630,18
922,68	1667,05
922,85	1636,33
923,03	1613,80
923,20	1669,09
923,38	1607,66
923,55	1658,85
923,72	1550,31
923,90	1853,41
924,07	1497,07
924,25	1660,90
924,42	1705,96
924,60	1589,22
924,77	1527,78
924,95	1675,24
925,12	1591,27
925,29	1728,49
925,47	1578,98
925,64	1554,41
925,82	1585,13
925,99	1581,03
926,17	1677,29
926,34	1607,66
926,51	1619,94
926,69	1626,09
926,86	1593,32
927,04	1529,83
927,21	1591,27
927,38	1495,02
927,56	1607,66
927,73	1699,81
927,91	1628,14
928,08	1765,35
928,25	1568,74
928,43	1609,70
928,60	1578,98
928,78	1634,28
928,95	1574,89
929,12	1636,33
929,30	1656,81
929,47	1564,65
929,65	1542,12
929,82	1531,88
929,99	1585,13
930,17	1529,83
930,34	1638,38
930,52	1605,61
930,69	1591,27
930,86	1595,37
931,04	1542,12
931,21	1581,03
931,38	1568,74
931,56	1677,29
931,73	1685,48
931,91	1632,23
932,08	1583,08
932,25	1738,73
932,43	1593,32
932,60	1621,99
932,77	1589,22
932,95	1583,08
933,12	1558,50
933,29	1540,07
933,47	1654,76
933,64	1638,38
933,82	1578,98
933,99	1581,03
934,16	1611,75
934,34	1636,33
934,51	1558,50
934,68	1660,90
934,86	1669,09
935,03	1607,66
935,20	1566,70
935,38	1568,74
935,55	1624,04
935,72	1642,47
935,90	1576,94
936,07	1599,46
936,24	1482,73
936,42	1689,57
936,59	1632,23
936,76	1720,29
936,94	1550,31
937,11	1617,90
937,28	1568,74
937,46	1566,70
937,63	1611,75
937,80	1624,04
937,97	1697,77
938,15	1646,57
938,32	1540,07
938,49	1687,53
938,67	1595,37
938,84	1669,09
939,01	1538,02
939,19	1599,46
939,36	1658,85
939,53	1515,50
939,70	1558,50
939,88	1630,18
940,05	1648,61
940,22	1644,52
940,40	1624,04
940,57	1615,85
940,74	1525,74
940,92	1619,94
941,09	1568,74
941,26	1503,21
941,43	1634,28
941,61	1576,94
941,78	1628,14
941,95	1679,33
942,12	1593,32
942,30	1572,84
942,47	1597,42
942,64	1566,70
942,82	1654,76
942,99	1685,48
943,16	1497,07
943,33	1572,84
943,51	1583,08
943,68	1656,81
943,85	1554,41
944,02	1667,05
944,20	1640,42
944,37	1519,59
944,54	1654,76
944,71	1599,46
944,89	1587,18
945,06	1542,12
945,23	1587,18
945,40	1679,33
945,58	1654,76
945,75	1583,08
945,92	1728,49
946,09	1603,56
946,27	1613,80
946,44	1591,27
946,61	1742,82
946,78	1611,75
946,95	1605,61
947,13	1611,75
947,30	1556,46
947,47	1566,70
947,64	1521,64
947,82	1587,18
947,99	1527,78
948,16	1619,94
948,33	1617,90
948,50	1531,88
948,68	1654,76
948,85	1527,78
949,02	1685,48
949,19	1529,83
949,36	1652,71
949,54	1511,40
949,71	1687,53
949,88	1583,08
950,05	1550,31
950,22	1560,55
950,40	1648,61
950,57	1556,46
950,74	1675,24
950,91	1654,76
951,08	1552,36
951,26	1634,28
951,43	1593,32
951,60	1499,11
951,77	1667,05
951,94	1685,48
952,11	1640,42
952,29	1634,28
952,46	1482,73
952,63	1646,57
952,80	1632,23
952,97	1644,52
953,15	1605,61
953,32	1642,47
953,49	1535,98
953,66	1572,84
953,83	1642,47
954,00	1609,70
954,17	1585,13
954,35	1701,86
954,52	1560,55
954,69	1595,37
954,86	1648,61
955,03	1597,42
955,20	1640,42
955,38	1552,36
955,55	1521,64
955,72	1638,38
955,89	1484,78
956,06	1578,98
956,23	1535,98
956,40	1603,56
956,58	1507,30
956,75	1525,74
956,92	1515,50
957,09	1482,73
957,26	1507,30
957,43	1591,27
957,60	1613,80
957,77	1542,12
957,95	1548,26
958,12	1621,99
958,29	1648,61
958,46	1716,20
958,63	1593,32
958,80	1603,56
958,97	1669,09
959,14	1572,84
959,31	1556,46
959,49	1556,46
959,66	1578,98
959,83	1548,26
960,00	1572,84
960,17	1626,09
960,34	1570,79
960,51	1554,41
960,68	1601,51
960,85	1613,80
961,02	1570,79
961,20	1613,80
961,37	1538,02
961,54	1617,90
961,71	1656,81
961,88	1638,38
962,05	1587,18
962,22	1595,37
962,39	1572,84
962,56	1624,04
962,73	1570,79
962,90	1531,88
963,07	1558,50
963,24	1597,42
963,42	1576,94
963,59	1624,04
963,76	1615,85
963,93	1740,77
964,10	1562,60
964,27	1585,13
964,44	1662,95
964,61	1714,15
964,78	1619,94
964,95	1603,56
965,12	1583,08
965,29	1687,53
965,46	1511,40
965,63	1722,34
965,80	1589,22
965,97	1554,41
966,14	1632,23
966,31	1556,46
966,48	1679,33
966,66	1601,51
966,83	1558,50
967,00	1619,94
967,17	1654,76
967,34	1546,22
967,51	1683,43
967,68	1589,22
967,85	1540,07
968,02	1630,18
968,19	1482,73
968,36	1601,51
968,53	1533,93
968,70	1607,66
968,87	1642,47
969,04	1697,77
969,21	1574,89
969,38	1687,53
969,55	1630,18
969,72	1656,81
969,89	1632,23
970,06	1630,18
970,23	1492,97
970,40	1648,61
970,57	1601,51
970,74	1611,75
970,91	1568,74
971,08	1636,33
971,25	1556,46
971,42	1617,90
971,59	1617,90
971,76	1558,50
971,93	1656,81
972,10	1540,07
972,27	1544,17
972,44	1585,13
972,61	1658,85
972,78	1572,84
972,95	1607,66
973,12	1712,10
973,29	1583,08
973,46	1585,13
973,63	1613,80
973,80	1695,72
973,97	1535,98
974,14	1658,85
974,30	1634,28
974,47	1630,18
974,64	1685,48
974,81	1570,79
974,98	1763,30
975,15	1607,66
975,32	1621,99
975,49	1609,70
975,66	1611,75
975,83	1611,75
976,00	1646,57
976,17	1589,22
976,34	1544,17
976,51	1615,85
976,68	1599,46
976,85	1585,13
977,02	1562,60
977,19	1603,56
977,36	1503,21
977,52	1583,08
977,69	1636,33
977,86	1681,38
978,03	1546,22
978,20	1658,85
978,37	1619,94
978,54	1665,00
978,71	1697,77
978,88	1734,63
979,05	1576,94
979,22	1595,37
979,39	1665,00
979,56	1597,42
979,72	1511,40
979,89	1669,09
980,06	1646,57
980,23	1658,85
980,40	1609,70
980,57	1564,65
980,74	1566,70
980,91	1544,17
981,08	1624,04
981,25	1587,18
981,41	1636,33
981,58	1490,92
981,75	1484,78
981,92	1595,37
982,09	1654,76
982,26	1576,94
982,43	1505,26
982,60	1660,90
982,77	1581,03
982,93	1593,32
983,10	1546,22
983,27	1515,50
983,44	1548,26
983,61	1714,15
983,78	1589,22
983,95	1556,46
984,11	1562,60
984,28	1744,87
984,45	1525,74
984,62	1544,17
984,79	1558,50
984,96	1617,90
985,13	1550,31
985,30	1673,19
985,46	1507,30
985,63	1595,37
985,80	1685,48
985,97	1607,66
986,14	1519,59
986,31	1607,66
986,47	1492,97
986,64	1535,98
986,81	1578,98
986,98	1554,41
987,15	1568,74
987,32	1683,43
987,48	1626,09
987,65	1642,47
987,82	1554,41
987,99	1669,09
988,16	1992,67
988,33	1662,95
988,49	1564,65
988,66	1671,14
988,83	1583,08
989,00	1628,14
989,17	1509,35
989,34	1621,99
989,50	1535,98
989,67	1552,36
989,84	1556,46
990,01	1581,03
990,18	1595,37
990,34	1630,18
990,51	1585,13
990,68	1540,07
990,85	1667,05
991,02	1570,79
991,18	1636,33
991,35	1587,18
991,52	1667,05
991,69	1525,74
991,86	1626,09
992,02	1538,02
992,19	1527,78
992,36	1628,14
992,53	1591,27
992,69	1550,31
992,86	1583,08
993,03	1712,10
993,20	1503,21
993,37	1687,53
993,53	1701,86
993,70	1505,26
993,87	1495,02
994,04	1624,04
994,20	1583,08
994,37	1585,13
994,54	1570,79
994,71	1509,35
994,87	1648,61
995,04	1619,94
995,21	1572,84
995,38	1578,98
995,55	1513,45
995,71	1562,60
995,88	1529,83
996,05	1607,66
996,22	1654,76
996,38	1671,14
996,55	1525,74
996,72	1531,88
996,88	1675,24
997,05	2564,06
997,22	1628,14
997,39	1554,41
997,55	1624,04
997,72	1581,03
997,89	1585,13
998,06	1576,94
998,22	1615,85
998,39	1556,46
998,56	1589,22
998,73	1523,69
998,89	1587,18
999,06	1640,42
999,23	1583,08
999,39	1607,66
999,56	1654,76
999,73	1560,55
999,90	1523,69
1000,06	1593,32
1000,23	1578,98
1000,40	1691,62
1000,56	1644,52
1000,73	1550,31
1000,90	1626,09
1001,06	1626,09
1001,23	1568,74
1001,40	1640,42
1001,57	1611,75
1001,73	1562,60
1001,90	1583,08
1002,07	1554,41
1002,23	1630,18
1002,40	1564,65
1002,57	1589,22
1002,73	1595,37
1002,90	1497,07
1003,07	1597,42
1003,23	1497,07
1003,40	1529,83
1003,57	1480,68
1003,73	1581,03
1003,90	1654,76
1004,07	1507,30
1004,23	1554,41
1004,40	1556,46
1004,57	1578,98
1004,73	1486,83
1004,90	1605,61
1005,07	1634,28
1005,23	1560,55
1005,40	1472,49
1005,57	1652,71
1005,73	1601,51
1005,90	1525,74
1006,07	1757,16
1006,23	1546,22
1006,40	1595,37
1006,57	1523,69
1006,73	1634,28
1006,90	1619,94
1007,06	1566,70
1007,23	1492,97
1007,40	1540,07
1007,56	1691,62
1007,73	1667,05
1007,90	1624,04
1008,06	1613,80
1008,23	1531,88
1008,40	1599,46
1008,56	1578,98
1008,73	1564,65
1008,89	1628,14
1009,06	1652,71
1009,23	1560,55
1009,39	1621,99
1009,56	1535,98
1009,72	1644,52
1009,89	1587,18
1010,06	1605,61
1010,22	1570,79
1010,39	1542,12
1010,55	1644,52
1010,72	1662,95
1010,89	1601,51
1011,05	1644,52
1011,22	1568,74
1011,38	1566,70
1011,55	1552,36
1011,72	1478,63
1011,88	1589,22
1012,05	1605,61
1012,21	1630,18
1012,38	1519,59
1012,55	1632,23
1012,71	1511,40
1012,88	1578,98
1013,04	1630,18
1013,21	1607,66
1013,37	1652,71
1013,54	1595,37
1013,71	1572,84
1013,87	1554,41
1014,04	1683,43
1014,20	1687,53
1014,37	1554,41
1014,53	1613,80
1014,70	1546,22
1014,87	1576,94
1015,03	1691,62
1015,20	1523,69
1015,36	1660,90
1015,53	1529,83
1015,69	1632,23
1015,86	1574,89
1016,02	1617,90
1016,19	1650,66
1016,36	1542,12
1016,52	1560,55
1016,69	1583,08
1016,85	1609,70
1017,02	1648,61
1017,18	1550,31
1017,35	1540,07
1017,51	1574,89
1017,68	1607,66
1017,84	1540,07
1018,01	1439,72
1018,17	1607,66
1018,34	1667,05
1018,50	1505,26
1018,67	1597,42
1018,84	1697,77
1019,00	1521,64
1019,17	1568,74
1019,33	1689,57
1019,50	1583,08
1019,66	1701,86
1019,83	1566,70
1019,99	1722,34
1020,16	1558,50
1020,32	1605,61
1020,49	1624,04
1020,65	1656,81
1020,82	1605,61
1020,98	1656,81
1021,15	1599,46
1021,31	1687,53
1021,48	1599,46
1021,64	1636,33
1021,81	1624,04
1021,97	1605,61
1022,14	1607,66
1022,30	1662,95
1022,47	1626,09
1022,63	1550,31
1022,79	1658,85
1022,96	1695,72
1023,12	1578,98
1023,29	1560,55
1023,45	1675,24
1023,62	1597,42
1023,78	1601,51
1023,95	1595,37
1024,11	1566,70
1024,28	1558,50
1024,44	1581,03
1024,61	1515,50
1024,77	1634,28
1024,94	1617,90
1025,10	1533,93
1025,26	1568,74
1025,43	1581,03
1025,59	1628,14
1025,76	1654,76
1025,92	1603,56
1026,09	1529,83
1026,25	1654,76
1026,42	1587,18
1026,58	1595,37
1026,74	1624,04
1026,91	1679,33
1027,07	1552,36
1027,24	1728,49
1027,40	1535,98
1027,57	1595,37
1027,73	1540,07
1027,90	1599,46
1028,06	1509,35
1028,22	1681,38
1028,39	1552,36
1028,55	1529,83
1028,72	1644,52
1028,88	1746,92
1029,04	1570,79
1029,21	1619,94
1029,37	1568,74
1029,54	1669,09
1029,70	1630,18
1029,87	1611,75
1030,03	1546,22
1030,19	1751,01
1030,36	1587,18
1030,52	1572,84
1030,69	1501,16
1030,85	1513,45
1031,01	1667,05
1031,18	1548,26
1031,34	1609,70
1031,50	1640,42
1031,67	1554,41
1031,83	1685,48
1032,00	1538,02
1032,16	1589,22
1032,32	1568,74
1032,49	1671,14
1032,65	1644,52
1032,82	1699,81
1032,98	1632,23
1033,14	1538,02
1033,31	1628,14
1033,47	1632,23
1033,63	1495,02
1033,80	1607,66
1033,96	1624,04
1034,13	1654,76
1034,29	1613,80
1034,45	1593,32
1034,62	1531,88
1034,78	1660,90
1034,94	1490,92
1035,11	1687,53
1035,27	1490,92
1035,43	1638,38
1035,60	1658,85
1035,76	1562,60
1035,92	1538,02
1036,09	1529,83
1036,25	1619,94
1036,41	1589,22
1036,58	1611,75
1036,74	1673,19
1036,90	1568,74
1037,07	1533,93
1037,23	1650,66
1037,39	1671,14
1037,56	1564,65
1037,72	1621,99
1037,88	1607,66
1038,05	1630,18
1038,21	1609,70
1038,37	1521,64
1038,54	1626,09
1038,70	1650,66
1038,86	1609,70
1039,03	1611,75
1039,19	1628,14
1039,35	1488,87
1039,52	1529,83
1039,68	1552,36
1039,84	1466,35
1040,00	1570,79
1040,17	1542,12
1040,33	1585,13
1040,49	1652,71
1040,66	1560,55
1040,82	1546,22
1040,98	1658,85
1041,15	1630,18
1041,31	1542,12
1041,47	1617,90
1041,63	1535,98
1041,80	1576,94
1041,96	1583,08
1042,12	1546,22
1042,29	1646,57
1042,45	1673,19
1042,61	1509,35
1042,77	1523,69
1042,94	1607,66
1043,10	1783,78
1043,26	1611,75
1043,42	1529,83
1043,59	1617,90
1043,75	1601,51
1043,91	1509,35
1044,07	1562,60
1044,24	1540,07
1044,40	1615,85
