345,22	1239,02
345,44	1239,02
345,66	1239,02
345,88	1261,55
346,10	1243,12
346,32	1363,95
346,54	1435,63
346,75	1345,52
346,97	1421,29
347,19	1427,43
347,41	1396,71
347,63	1433,58
347,85	1347,56
348,07	1370,09
348,29	1433,58
348,51	1374,19
348,73	1392,62
348,95	1376,24
349,16	1515,50
349,38	1304,56
349,60	1388,52
349,82	1419,24
350,04	1470,44
350,26	1347,56
350,48	1476,59
350,70	1452,01
350,92	1386,47
351,14	1474,54
351,35	1425,39
351,57	1396,71
351,79	1406,95
352,01	1318,89
352,23	1353,71
352,45	1333,23
352,67	1359,85
352,89	1366,00
353,10	1413,10
353,32	1351,66
353,54	1484,78
353,76	1425,39
353,98	1456,11
354,20	1400,81
354,42	1415,15
354,64	1380,33
354,85	1454,06
355,07	1427,43
355,29	1445,87
355,51	1382,38
355,73	1419,24
355,95	1378,28
356,17	1363,95
356,38	1331,18
356,60	1474,54
356,82	1454,06
357,04	1331,18
357,26	1357,80
357,48	1423,34
357,69	1382,38
357,91	1431,53
358,13	1349,61
358,35	1400,81
358,57	1378,28
358,79	1400,81
359,01	1458,15
359,22	1443,82
359,44	1441,77
359,66	1361,90
359,88	1341,42
360,10	1361,90
360,32	1374,19
360,53	1384,43
360,75	1433,58
360,97	1374,19
361,19	1421,29
361,41	1425,39
361,62	1421,29
361,84	1398,76
362,06	1396,71
362,28	1361,90
362,50	1480,68
362,72	1396,71
362,93	1316,84
363,15	1322,99
363,37	1406,95
363,59	1460,20
363,81	1390,57
364,02	1409,00
364,24	1363,95
364,46	1423,34
364,68	1392,62
364,90	1460,20
365,11	1458,15
365,33	1454,06
365,55	1339,37
365,77	1337,32
365,99	1329,13
366,20	1456,11
366,42	1462,25
366,64	1427,43
366,86	1419,24
367,07	1411,05
367,29	1314,80
367,51	1376,24
367,73	1402,86
367,95	1413,10
368,16	1443,82
368,38	1433,58
368,60	1384,43
368,82	1380,33
369,03	1433,58
369,25	1480,68
369,47	1320,94
369,69	1392,62
369,91	1468,39
370,12	1394,67
370,34	1392,62
370,56	1413,10
370,78	1366,00
370,99	1433,58
371,21	1392,62
371,43	1370,09
371,65	1376,24
371,86	1392,62
372,08	1441,77
372,30	1464,30
372,52	1429,48
372,73	1370,09
372,95	1388,52
373,17	1331,18
373,39	1398,76
373,60	1370,09
373,82	1384,43
374,04	1366,00
374,26	1382,38
374,47	1398,76
374,69	1452,01
374,91	1449,96
375,12	1456,11
375,34	1372,14
375,56	1398,76
375,78	1417,19
375,99	1357,80
376,21	1390,57
376,43	1394,67
376,65	1449,96
376,86	1419,24
377,08	1351,66
377,30	1460,20
377,51	1406,95
377,73	1339,37
377,95	1318,89
378,17	1413,10
378,38	1361,90
378,60	1413,10
378,82	1507,30
379,03	1345,52
379,25	1417,19
379,47	1499,11
379,68	1355,76
379,90	1294,32
380,12	1411,05
380,34	1370,09
380,55	1501,16
380,77	1382,38
380,99	1359,85
381,20	1464,30
381,42	1404,91
381,64	1421,29
381,85	1415,15
382,07	1417,19
382,29	1468,39
382,50	1425,39
382,72	1425,39
382,94	1368,04
383,15	1437,67
383,37	1322,99
383,59	1398,76
383,80	1312,75
384,02	1409,00
384,24	1357,80
384,45	1404,91
384,67	1439,72
384,89	1327,08
385,10	1376,24
385,32	1452,01
385,54	1441,77
385,75	1466,35
385,97	1480,68
386,19	1468,39
386,40	1404,91
386,62	1423,34
386,84	1454,06
387,05	1427,43
387,27	1333,23
387,49	1368,04
387,70	1417,19
387,92	1449,96
388,14	1257,45
388,35	1351,66
388,57	1386,47
388,79	1425,39
389,00	1386,47
389,22	1380,33
389,43	1353,71
389,65	1378,28
389,87	1435,63
390,08	1384,43
390,30	1458,15
390,52	1490,92
390,73	1478,63
390,95	1400,81
391,17	1353,71
391,38	1480,68
391,60	1484,78
391,81	1415,15
392,03	1337,32
392,25	1404,91
392,46	1310,70
392,68	1427,43
392,89	1429,48
393,11	1380,33
393,33	1441,77
393,54	1468,39
393,76	1482,73
393,98	1447,91
394,19	1376,24
394,41	1372,14
394,62	1361,90
394,84	1378,28
395,06	1339,37
395,27	1441,77
395,49	1380,33
395,70	1447,91
395,92	1380,33
396,13	1341,42
396,35	1411,05
396,57	1347,56
396,78	1380,33
397,00	1355,76
397,21	1363,95
397,43	1427,43
397,65	1355,76
397,86	1421,29
398,08	1413,10
398,29	1513,45
398,51	1353,71
398,72	1472,49
398,94	1501,16
399,16	1398,76
399,37	1392,62
399,59	1460,20
399,80	1427,43
400,02	1355,76
400,23	1431,53
400,45	1441,77
400,67	1445,87
400,88	1386,47
401,10	1445,87
401,31	1406,95
401,53	1374,19
401,74	1372,14
401,96	1388,52
402,17	1386,47
402,39	1347,56
402,61	1400,81
402,82	1372,14
403,04	1499,11
403,25	1396,71
403,47	1458,15
403,68	1370,09
403,90	1429,48
404,11	1445,87
404,33	1380,33
404,54	1435,63
404,76	1392,62
404,97	1345,52
405,19	1482,73
405,41	1445,87
405,62	1490,92
405,84	1376,24
406,05	1437,67
406,27	1404,91
406,48	1458,15
406,70	1339,37
406,91	1388,52
407,13	1413,10
407,34	1390,57
407,56	1525,74
407,77	1370,09
407,99	1404,91
408,20	1443,82
408,42	1409,00
408,63	1490,92
408,85	1390,57
409,06	1394,67
409,28	1486,83
409,49	1398,76
409,71	1421,29
409,92	1447,91
410,14	1353,71
410,35	1488,87
410,57	1449,96
410,78	1370,09
411,00	1413,10
411,21	1447,91
411,43	1456,11
411,64	1413,10
411,86	1382,38
412,07	1460,20
412,29	1423,34
412,50	1419,24
412,72	1468,39
412,93	1488,87
413,15	1497,07
413,36	1384,43
413,58	1447,91
413,79	1480,68
414,01	1439,72
414,22	1423,34
414,43	1456,11
414,65	1382,38
414,86	1370,09
415,08	1427,43
415,29	1415,15
415,51	1374,19
415,72	1435,63
415,94	1507,30
416,15	1466,35
416,37	1447,91
416,58	1380,33
416,80	1390,57
417,01	1454,06
417,22	1513,45
417,44	1415,15
417,65	1396,71
417,87	1464,30
418,08	1503,21
418,30	1357,80
418,51	1406,95
418,73	1398,76
418,94	1378,28
419,15	1402,86
419,37	1406,95
419,58	1366,00
419,80	1419,24
420,01	1366,00
420,23	1388,52
420,44	1423,34
420,65	1490,92
420,87	1429,48
421,08	1464,30
421,30	1413,10
421,51	1499,11
421,73	1400,81
421,94	1368,04
422,15	1384,43
422,37	1398,76
422,58	1302,51
422,80	1345,52
423,01	1349,61
423,22	1361,90
423,44	1368,04
423,65	1468,39
423,87	1329,13
424,08	1492,97
424,29	1394,67
424,51	1312,75
424,72	1409,00
424,94	1361,90
425,15	1413,10
425,36	1474,54
425,58	1443,82
425,79	1441,77
426,01	1423,34
426,22	1441,77
426,43	1441,77
426,65	1374,19
426,86	1380,33
427,08	1509,35
427,29	1316,84
427,50	1388,52
427,72	1339,37
427,93	1411,05
428,14	1368,04
428,36	1402,86
428,57	1388,52
428,79	1376,24
429,00	1327,08
429,21	1357,80
429,43	1353,71
429,64	1380,33
429,85	1382,38
430,07	1460,20
430,28	1388,52
430,49	1419,24
430,71	1447,91
430,92	1380,33
431,14	1413,10
431,35	1443,82
431,56	1439,72
431,78	1415,15
431,99	1466,35
432,20	1386,47
432,42	1376,24
432,63	1456,11
432,84	1421,29
433,06	1445,87
433,27	1406,95
433,48	1492,97
433,70	1392,62
433,91	1452,01
434,12	1400,81
434,34	1366,00
434,55	1460,20
434,76	1359,85
434,98	1456,11
435,19	1376,24
435,40	1265,64
435,62	1366,00
435,83	1466,35
436,04	1411,05
436,26	1394,67
436,47	1423,34
436,68	1370,09
436,90	1384,43
437,11	1474,54
437,32	1386,47
437,54	1406,95
437,75	1411,05
437,96	1474,54
438,17	1429,48
438,39	1406,95
438,60	1439,72
438,81	1456,11
439,03	1499,11
439,24	1413,10
439,45	1505,26
439,67	1402,86
439,88	1423,34
440,09	1454,06
440,30	1478,63
440,52	1359,85
440,73	1302,51
440,94	1400,81
441,16	1376,24
441,37	1454,06
441,58	1363,95
441,80	1466,35
442,01	1404,91
442,22	1421,29
442,43	1363,95
442,65	1449,96
442,86	1417,19
443,07	1376,24
443,28	1302,51
443,50	1409,00
443,71	1406,95
443,92	1333,23
444,14	1429,48
444,35	1488,87
444,56	1425,39
444,77	1368,04
444,99	1445,87
445,20	1384,43
445,41	1417,19
445,62	1406,95
445,84	1454,06
446,05	1372,14
446,26	1470,44
446,47	1437,67
446,69	1374,19
446,90	1482,73
447,11	1460,20
447,32	1351,66
447,54	1425,39
447,75	1404,91
447,96	1392,62
448,17	1310,70
448,39	1462,25
448,60	1402,86
448,81	1374,19
449,02	1413,10
449,23	1425,39
449,45	1462,25
449,66	1482,73
449,87	1384,43
450,08	1431,53
450,30	1456,11
450,51	1388,52
450,72	1370,09
450,93	1398,76
451,15	1452,01
451,36	1411,05
451,57	1449,96
451,78	1402,86
451,99	1421,29
452,21	1411,05
452,42	1421,29
452,63	1449,96
452,84	1370,09
453,05	1394,67
453,27	1388,52
453,48	1449,96
453,69	1331,18
453,90	1488,87
454,11	1351,66
454,33	1349,61
454,54	1406,95
454,75	1329,13
454,96	1423,34
455,17	1394,67
455,39	1439,72
455,60	1366,00
455,81	1386,47
456,02	1394,67
456,23	1462,25
456,45	1421,29
456,66	1462,25
456,87	1437,67
457,08	1472,49
457,29	1425,39
457,50	1359,85
457,72	1433,58
457,93	1421,29
458,14	1396,71
458,35	1482,73
458,56	1447,91
458,77	1435,63
458,99	1386,47
459,20	1413,10
459,41	1406,95
459,62	1478,63
459,83	1337,32
460,04	1398,76
460,26	1425,39
460,47	1425,39
460,68	1400,81
460,89	1413,10
461,10	1464,30
461,31	1406,95
461,52	1425,39
461,74	1529,83
461,95	1429,48
462,16	1370,09
462,37	1445,87
462,58	1435,63
462,79	1433,58
463,00	1458,15
463,22	1503,21
463,43	1400,81
463,64	1433,58
463,85	1382,38
464,06	1380,33
464,27	1396,71
464,48	1392,62
464,70	1409,00
464,91	1353,71
465,12	1409,00
465,33	1382,38
465,54	1447,91
465,75	1445,87
465,96	1421,29
466,17	1449,96
466,38	1419,24
466,60	1509,35
466,81	1374,19
467,02	1433,58
467,23	1439,72
467,44	1454,06
467,65	1421,29
467,86	1472,49
468,07	1368,04
468,28	1488,87
468,50	1411,05
468,71	1509,35
468,92	1423,34
469,13	1480,68
469,34	1398,76
469,55	1380,33
469,76	1402,86
469,97	1548,26
470,18	1437,67
470,39	1406,95
470,60	1341,42
470,82	1454,06
471,03	1396,71
471,24	1445,87
471,45	1474,54
471,66	1417,19
471,87	1351,66
472,08	1421,29
472,29	1490,92
472,50	1431,53
472,71	1341,42
472,92	1445,87
473,13	1411,05
473,34	1452,01
473,55	1425,39
473,77	1462,25
473,98	1435,63
474,19	1439,72
474,40	1327,08
474,61	1466,35
474,82	1333,23
475,03	1415,15
475,24	1359,85
475,45	1415,15
475,66	1417,19
475,87	1466,35
476,08	1449,96
476,29	1470,44
476,50	1431,53
476,71	1464,30
476,92	1388,52
477,13	1392,62
477,34	1452,01
477,55	1478,63
477,76	1445,87
477,97	1466,35
478,18	1443,82
478,40	1458,15
478,61	1474,54
478,82	1349,61
479,03	1417,19
479,24	1452,01
479,45	1456,11
479,66	1468,39
479,87	1490,92
480,08	1423,34
480,29	1460,20
480,50	1542,12
480,71	1431,53
480,92	1425,39
481,13	1378,28
481,34	1380,33
481,55	1417,19
481,76	1427,43
481,97	1499,11
482,18	1419,24
482,39	1392,62
482,60	1439,72
482,81	1425,39
483,02	1445,87
483,23	1495,02
483,44	1472,49
483,65	1366,00
483,86	1486,83
484,07	1507,30
484,28	1435,63
484,49	1474,54
484,70	1517,54
484,91	1398,76
485,12	1433,58
485,33	1388,52
485,54	1478,63
485,75	1419,24
485,96	1427,43
486,17	1404,91
486,38	1429,48
486,59	1441,77
486,80	1486,83
487,01	1363,95
487,21	1501,16
487,42	1368,04
487,63	1439,72
487,84	1462,25
488,05	1400,81
488,26	1658,85
488,47	1480,68
488,68	1421,29
488,89	1527,78
489,10	1550,31
489,31	1419,24
489,52	1435,63
489,73	1495,02
489,94	1603,56
490,15	1478,63
490,36	1456,11
490,57	1480,68
490,78	1480,68
490,99	1449,96
491,20	1406,95
491,41	1542,12
491,61	1509,35
491,82	1472,49
492,03	1497,07
492,24	1456,11
492,45	1384,43
492,66	1484,78
492,87	1456,11
493,08	1447,91
493,29	1419,24
493,50	1443,82
493,71	1447,91
493,92	1439,72
494,13	1472,49
494,34	1441,77
494,54	1492,97
494,75	1427,43
494,96	1607,66
495,17	1509,35
495,38	1425,39
495,59	1456,11
495,80	1464,30
496,01	1441,77
496,22	1484,78
496,43	1464,30
496,64	1413,10
496,84	1404,91
497,05	1482,73
497,26	1441,77
497,47	1425,39
497,68	1464,30
497,89	1351,66
498,10	1460,20
498,31	1507,30
498,52	1486,83
498,72	1492,97
498,93	1529,83
499,14	1482,73
499,35	1378,28
499,56	1501,16
499,77	1452,01
499,98	1531,88
500,19	1476,59
500,40	1431,53
500,60	1404,91
500,81	1560,55
501,02	1542,12
501,23	1437,67
501,44	1370,09
501,65	1456,11
501,86	1499,11
502,06	1454,06
502,27	1445,87
502,48	1486,83
502,69	1542,12
502,90	1613,80
503,11	1458,15
503,32	1597,42
503,53	1441,77
503,73	1447,91
503,94	1531,88
504,15	1509,35
504,36	1474,54
504,57	1468,39
504,78	1517,54
504,98	1527,78
505,19	1435,63
505,40	1472,49
505,61	1394,67
505,82	1433,58
506,03	1515,50
506,23	1425,39
506,44	1509,35
506,65	1490,92
506,86	1482,73
507,07	1488,87
507,28	1501,16
507,48	1533,93
507,69	1439,72
507,90	1462,25
508,11	1468,39
508,32	1507,30
508,53	1437,67
508,73	1486,83
508,94	1417,19
509,15	1552,36
509,36	1441,77
509,57	1511,40
509,77	1566,70
509,98	1454,06
510,19	1449,96
510,40	1535,98
510,61	1499,11
510,81	1517,54
511,02	1585,13
511,23	1468,39
511,44	1474,54
511,65	1548,26
511,85	1566,70
512,06	1482,73
512,27	1474,54
512,48	1499,11
512,69	1591,27
512,89	1527,78
513,10	1474,54
513,31	1517,54
513,52	1486,83
513,73	1515,50
513,93	1576,94
514,14	1591,27
514,35	1576,94
514,56	1611,75
514,76	1523,69
514,97	1533,93
515,18	1552,36
515,39	1486,83
515,60	1523,69
515,80	1564,65
516,01	1601,51
516,22	1542,12
516,43	1533,93
516,63	1529,83
516,84	1615,85
517,05	1533,93
517,26	1540,07
517,46	1521,64
517,67	1581,03
517,88	1560,55
518,09	1499,11
518,29	1527,78
518,50	1642,47
518,71	1509,35
518,92	1550,31
519,12	1503,21
519,33	1548,26
519,54	1466,35
519,75	1587,18
519,95	1589,22
520,16	1519,59
520,37	1478,63
520,57	1562,60
520,78	1591,27
520,99	1525,74
521,20	1513,45
521,40	1480,68
521,61	1601,51
521,82	1497,07
522,03	1513,45
522,23	1490,92
522,44	1576,94
522,65	1552,36
522,85	1560,55
523,06	1507,30
523,27	1617,90
523,48	1589,22
523,68	1562,60
523,89	1581,03
524,10	1540,07
524,30	1515,50
524,51	1505,26
524,72	1611,75
524,93	1515,50
525,13	1482,73
525,34	1552,36
525,55	1615,85
525,75	1572,84
525,96	1591,27
526,17	1499,11
526,37	1581,03
526,58	1611,75
526,79	1531,88
526,99	1548,26
527,20	1607,66
527,41	1656,81
527,62	1535,98
527,82	1546,22
528,03	1562,60
528,24	1556,46
528,44	1665,00
528,65	1552,36
528,86	1519,59
529,06	1568,74
529,27	1574,89
529,48	1581,03
529,68	1656,81
529,89	1646,57
530,10	1683,43
530,30	1531,88
530,51	1540,07
530,72	1640,42
530,92	1615,85
531,13	1578,98
531,34	1615,85
531,54	1595,37
531,75	1628,14
531,96	1722,34
532,16	1634,28
532,37	1636,33
532,57	1667,05
532,78	1660,90
532,99	1609,70
533,19	1617,90
533,40	1654,76
533,61	1644,52
533,81	1673,19
534,02	1662,95
534,23	1576,94
534,43	1675,24
534,64	1658,85
534,84	1638,38
535,05	1611,75
535,26	1605,61
535,46	1677,29
535,67	1652,71
535,88	1601,51
536,08	1611,75
536,29	1736,68
536,49	1591,27
536,70	1654,76
536,91	1605,61
537,11	1599,46
537,32	1646,57
537,53	1705,96
537,73	1775,59
537,94	1650,66
538,14	1628,14
538,35	1703,91
538,56	1685,48
538,76	1636,33
538,97	1646,57
539,17	1701,86
539,38	1757,16
539,59	1775,59
539,79	1773,54
540,00	1648,61
540,20	1712,10
540,41	1722,34
540,62	1845,22
540,82	1732,58
541,03	1718,25
541,23	1748,97
541,44	1699,81
541,64	1767,40
541,85	1662,95
542,06	1675,24
542,26	1695,72
542,47	1779,68
542,67	1775,59
542,88	1802,21
543,08	1804,26
543,29	1851,36
543,50	1820,64
543,70	1863,65
543,91	1744,87
544,11	1824,74
544,32	1882,08
544,52	1867,75
544,73	1810,40
544,94	1830,88
545,14	1816,55
545,35	1841,12
545,55	1941,47
545,76	1920,99
545,96	1902,56
546,17	1882,08
546,37	1955,81
546,58	1941,47
546,78	1853,41
546,99	1861,60
547,20	1847,27
547,40	1888,23
547,61	1972,19
547,81	1927,14
548,02	1988,58
548,22	1951,71
548,43	2037,73
548,63	1939,43
548,84	2068,45
549,04	1984,48
549,25	1968,10
549,45	1949,67
549,66	2029,54
549,86	1968,10
550,07	1898,47
550,27	2017,25
550,48	2105,31
550,69	2117,60
550,89	2084,83
551,10	2162,66
551,30	2164,70
551,51	2115,55
551,71	2148,32
551,92	2095,07
552,12	2093,02
552,33	2166,75
552,53	2168,80
552,74	2187,23
552,94	2279,39
553,15	2174,94
553,35	2330,59
553,56	2236,38
553,76	2215,90
553,97	2326,49
554,17	2260,96
554,38	2328,54
554,58	2375,64
554,79	2269,15
554,99	2385,88
555,19	2375,64
555,40	2496,47
555,60	2482,14
555,81	2459,61
556,01	2467,80
556,22	2557,91
556,42	2510,81
556,63	2570,20
556,83	2559,96
557,04	2600,92
557,24	2668,50
557,45	2676,70
557,65	2674,65
557,86	2748,37
558,06	2680,79
558,27	2748,37
558,47	2764,76
558,67	2926,55
558,88	2910,16
559,08	2873,30
559,29	2926,55
559,49	3096,53
559,70	2940,88
559,90	3065,81
560,11	3143,63
560,31	3059,67
560,52	3205,07
560,72	3262,41
560,92	3268,56
561,13	3370,96
561,33	3309,52
561,54	3366,86
561,74	3477,45
561,95	3438,54
562,15	3483,59
562,35	3626,95
562,56	3565,51
562,76	3588,04
562,97	3772,36
563,17	3944,39
563,38	3864,52
563,58	3938,24
563,78	3975,11
563,99	3944,39
564,19	4032,45
564,40	4063,17
564,60	4153,28
564,80	4235,20
565,01	4349,89
565,21	4474,81
565,42	4571,07
565,62	4630,46
565,83	4640,70
566,03	4954,04
566,23	4882,36
566,44	4894,65
566,64	5167,03
566,85	5150,64
567,05	5150,64
567,25	5224,37
567,46	5511,08
567,66	5461,93
567,86	5660,59
568,07	5697,45
568,27	5916,58
568,48	5767,08
568,68	5918,63
568,88	5945,25
569,09	6289,31
569,29	6283,17
569,50	6477,73
569,70	6662,04
569,90	6635,42
570,11	6774,68
570,31	6946,71
570,51	7114,64
570,72	7165,84
570,92	7573,39
571,13	7364,50
571,33	7575,44
571,53	7966,60
571,74	7942,02
571,94	7962,50
572,14	8359,81
572,35	8368,00
572,55	8570,75
572,75	8458,11
572,96	8830,84
573,16	9092,98
573,36	9140,08
573,57	9355,12
573,77	9445,23
573,97	9670,51
574,18	9830,25
574,38	10028,90
574,59	10291,04
574,79	10329,95
574,99	10692,44
575,20	10940,25
575,40	10987,35
575,60	11276,12
575,81	11679,57
576,01	11765,58
576,21	11863,88
576,42	12289,86
576,62	12468,03
576,82	12562,24
577,02	13092,66
577,23	13023,03
577,43	13717,29
577,63	14116,65
577,84	13920,04
578,04	14309,16
578,24	14462,76
578,45	14817,05
578,65	15038,23
578,85	15390,49
579,06	15724,30
579,26	15935,24
579,46	16191,24
579,67	16465,67
579,87	16959,23
580,07	17391,35
580,27	17307,38
580,48	17811,18
580,68	18007,79
580,88	18552,55
581,09	18769,63
581,29	18986,72
581,49	19130,08
581,69	19506,90
581,90	19674,84
582,10	20113,10
582,30	20469,45
582,51	20848,32
582,71	20874,95
582,91	21284,54
583,11	21577,40
583,32	22015,66
583,52	22455,98
583,72	22525,61
583,93	22726,31
584,13	23195,29
584,33	23563,93
584,53	23860,88
584,74	24295,05
584,94	24575,62
585,14	24657,54
585,34	24913,54
585,55	25235,07
585,75	25615,99
585,95	25884,28
586,15	25861,75
586,36	26115,70
586,56	26345,07
586,76	26551,91
586,96	26728,04
587,17	26957,41
587,37	27405,92
587,57	27663,96
587,77	27965,01
587,98	28347,98
588,18	28186,19
588,38	28739,15
588,58	28583,50
588,79	28800,58
588,99	28884,55
589,19	28917,32
589,39	29589,05
589,60	29470,27
589,80	29660,73
590,00	29916,73
590,20	30170,68
590,40	30164,53
590,61	29908,54
590,81	30807,59
591,01	30637,61
591,21	31018,53
591,42	30774,83
591,62	30821,93
591,82	30797,35
592,02	31311,39
592,22	31286,82
592,43	31462,94
592,63	31342,11
592,83	31522,34
593,03	31927,83
593,23	32120,34
593,44	32030,23
593,64	32202,26
593,84	31890,97
594,04	32239,12
594,24	32126,49
594,45	32202,26
594,65	32349,71
594,85	32126,49
595,05	32476,69
595,25	32327,19
595,46	32476,69
595,66	32538,13
595,86	32562,70
596,06	32577,04
596,26	32667,15
596,46	32591,37
596,67	32714,25
596,87	32488,98
597,07	32615,95
597,27	32910,86
597,47	32927,24
597,67	33023,50
597,88	32740,88
598,08	32943,63
598,28	32689,68
598,48	32640,53
598,68	32747,02
598,88	32392,72
599,09	32728,59
599,29	32581,13
599,49	32282,13
599,69	32491,02
599,89	32173,59
600,09	32536,08
600,30	32218,64
600,50	32394,77
600,70	32022,04
600,90	31557,15
601,10	32042,52
601,30	31811,10
601,50	31561,25
601,71	30998,06
601,91	31450,66
602,11	31077,93
602,31	31264,29
602,51	30780,97
602,71	30690,86
602,91	30862,89
603,11	30746,15
603,32	30314,03
603,52	30291,51
603,72	30172,72
603,92	29967,93
604,12	29625,92
604,32	29652,54
604,52	29498,94
604,72	29840,95
604,93	29216,32
605,13	29068,87
605,33	28530,25
605,53	28681,80
605,73	28804,68
605,93	28331,60
606,13	27930,20
606,33	28245,58
606,53	27657,82
606,74	27266,66
606,94	27434,59
607,14	27473,50
607,34	26844,77
607,54	26723,94
607,74	26996,32
607,94	26478,19
608,14	26334,83
608,34	26324,59
608,54	25828,98
608,74	25683,58
608,95	26078,83
609,15	25443,96
609,35	25181,82
609,55	24905,35
609,75	24884,87
609,95	24723,08
610,15	24284,81
610,35	24262,29
610,55	23963,28
610,75	23955,09
610,95	23776,92
611,15	23740,05
611,35	23568,02
611,55	23090,85
611,76	23238,30
611,96	23072,42
612,16	22845,09
612,36	22566,57
612,56	22195,89
612,76	22126,25
612,96	21927,60
613,16	21702,32
613,36	21735,09
613,56	21677,75
613,76	21384,89
613,96	21044,93
614,16	20905,66
614,36	20526,79
614,56	20360,91
614,76	20580,04
614,96	20270,79
615,16	19936,98
615,36	19871,44
615,56	19619,54
615,76	19558,10
615,97	19607,25
616,17	19082,97
616,37	19060,45
616,57	18738,91
616,77	18642,66
616,97	18857,70
617,17	18343,66
617,37	18421,48
617,57	18052,84
617,77	17723,12
617,97	17735,41
618,17	17291,00
618,37	17420,02
618,57	17315,58
618,77	16942,85
618,97	16881,41
619,17	16627,46
619,37	16750,34
619,57	16539,40
619,77	16148,23
619,97	16334,60
620,17	15986,44
620,37	16051,98
620,57	15505,17
620,77	15337,24
620,97	15626,00
621,17	15234,84
621,37	14890,78
621,57	14831,39
621,77	14802,72
621,97	14870,30
622,17	14487,33
622,37	14409,51
622,57	14217,00
622,77	14241,57
622,97	13958,96
623,17	13750,06
623,37	13780,78
623,57	13582,13
623,77	13250,36
623,97	13383,48
624,16	13133,62
624,36	13061,94
624,56	13150,01
624,76	12924,73
624,96	12756,80
625,16	12631,87
625,36	12488,51
625,56	12390,21
625,76	12308,29
625,96	12271,43
626,16	12134,21
626,36	11984,71
626,56	11700,05
626,76	11642,70
626,96	11474,77
627,16	11388,75
627,36	11364,18
627,56	11179,86
627,76	11249,49
627,96	10970,97
628,16	11093,85
628,35	10698,59
628,55	10639,20
628,75	10633,05
628,95	10563,42
629,15	10358,63
629,35	10305,38
629,55	10102,63
629,75	10096,49
629,95	10012,52
630,15	9893,74
630,35	10006,38
630,55	9631,60
630,75	9629,55
630,95	9674,60
631,14	9457,52
631,34	9480,05
631,54	9486,19
631,74	9346,93
631,94	9183,09
632,14	9105,27
632,34	9023,35
632,54	8597,37
632,74	8654,72
632,94	8675,20
633,14	8712,06
633,33	8501,12
633,53	8585,08
633,73	8345,47
633,93	8535,93
634,13	8204,16
634,33	8529,79
634,53	7933,83
634,73	8021,89
634,93	8015,75
635,12	7999,37
635,32	7987,08
635,52	7860,10
635,72	7735,18
635,92	7516,05
636,12	7643,02
636,32	7524,24
636,52	7544,72
636,71	7409,55
636,91	7399,31
637,11	7180,18
637,31	7102,36
637,51	7057,30
637,71	7384,98
637,91	6881,18
638,11	6963,09
638,30	6791,06
638,50	6770,58
638,70	6743,96
638,90	6887,32
639,10	6514,59
639,30	6576,03
639,50	6487,96
639,69	6440,86
639,89	6354,85
640,09	6178,72
640,29	6404,00
640,49	6301,60
640,69	6188,96
640,88	6219,68
641,08	6121,38
641,28	6043,56
641,48	6047,65
641,68	6023,08
641,88	5961,64
642,07	5889,96
642,27	6023,08
642,47	5705,64
642,67	5801,90
642,87	5734,31
643,07	5687,21
643,26	5531,56
643,46	5740,46
643,66	5554,09
643,86	5445,55
644,06	5382,06
644,26	5519,28
644,45	5406,64
644,65	5271,47
644,85	5334,96
645,05	5205,94
645,25	5083,06
645,44	5119,92
645,64	5117,87
645,84	5119,92
646,04	4892,60
646,24	5058,48
646,43	4980,66
646,63	5017,52
646,83	4808,63
647,03	4966,32
647,23	4761,53
647,42	4892,60
647,62	4794,29
647,82	4808,63
648,02	4638,65
648,22	4583,35
648,41	4603,83
648,61	4585,40
648,81	4667,32
649,01	4472,76
649,20	4474,81
649,40	4423,61
649,60	4452,28
649,80	4394,94
650,00	4380,61
650,19	4319,17
650,39	4347,84
650,59	4333,50
650,79	4313,02
650,98	4134,85
651,18	4210,62
651,38	4310,97
651,58	4091,84
651,77	4145,09
651,97	4126,66
652,17	4075,46
652,37	4110,27
652,56	4071,36
652,76	3979,20
652,96	3997,64
653,16	3954,63
653,35	3864,52
653,55	3768,26
653,75	3909,57
653,95	3973,06
654,14	3700,68
654,34	3786,69
654,54	3739,59
654,74	3809,22
654,93	3706,82
655,13	3887,04
655,33	3657,67
655,52	3643,34
655,72	3727,30
655,92	3741,64
656,12	3624,90
656,31	3475,40
656,51	3551,18
656,71	3592,14
656,91	3565,51
657,10	3463,12
657,30	3475,40
657,50	3571,66
657,69	3547,08
657,89	3579,85
658,09	3502,03
658,29	3446,73
658,48	3438,54
658,68	3373,00
658,88	3422,16
659,07	3268,56
659,27	3358,67
659,47	3172,30
659,66	3409,87
659,86	3301,33
660,06	3284,94
660,26	3184,59
660,45	3426,25
660,65	3295,18
660,85	3303,37
661,04	3141,58
661,24	3246,03
661,44	3221,45
661,63	3170,26
661,83	3295,18
662,03	3157,97
662,22	3221,45
662,42	3141,58
662,62	3223,50
662,81	3071,95
663,01	3121,10
663,21	3088,34
663,40	3012,56
663,60	3243,98
663,80	3117,01
663,99	3024,85
664,19	2987,99
664,39	3065,81
664,58	3055,57
664,78	2957,27
664,98	2877,40
665,17	3047,38
665,37	2981,84
665,57	2965,46
665,76	2906,07
665,96	2877,40
666,16	2914,26
666,35	2918,36
666,55	2987,99
666,74	2934,74
666,94	2983,89
667,14	2973,65
667,33	2840,53
667,53	2938,84
667,73	2920,40
667,92	2957,27
668,12	2920,40
668,32	3002,32
668,51	2734,04
668,71	2791,38
668,90	2756,57
669,10	2754,52
669,30	2752,47
669,49	2697,17
669,69	2801,62
669,89	2803,67
670,08	2715,61
670,28	2940,88
670,47	2760,66
670,67	2691,03
670,87	2775,00
671,06	2789,33
671,26	2701,27
671,45	2695,13
671,65	2781,14
671,85	2713,56
672,04	2719,70
672,24	2637,78
672,43	2674,65
672,63	2777,05
672,83	2707,41
673,02	2537,43
673,22	2549,72
673,41	2607,06
673,61	2529,24
673,81	2652,12
674,00	2609,11
674,20	2588,63
674,39	2631,64
674,59	2605,02
674,78	2531,29
674,98	2699,22
675,18	2682,84
675,37	2529,24
675,57	2654,17
675,76	2594,78
675,96	2549,72
676,15	2578,39
676,35	2607,06
676,55	2582,49
676,74	2559,96
676,94	2613,21
677,13	2400,22
677,33	2496,47
677,52	2574,30
677,72	2467,80
677,91	2422,75
678,11	2379,74
678,31	2586,58
678,50	2537,43
678,70	2426,84
678,89	2584,54
679,09	2580,44
679,28	2494,43
679,48	2537,43
679,67	2510,81
679,87	2426,84
680,06	2662,36
680,26	2568,15
680,46	2494,43
680,65	2541,53
680,85	2426,84
681,04	2449,37
681,24	2463,71
681,43	2496,47
681,63	2387,93
681,82	2453,47
682,02	2408,41
682,21	2478,04
682,41	2432,99
682,60	2469,85
682,80	2531,29
682,99	2490,33
683,19	2318,30
683,38	2447,32
683,58	2422,75
683,77	2437,08
683,97	2469,85
684,16	2469,85
684,36	2418,65
684,55	2394,08
684,75	2430,94
684,94	2396,12
685,14	2445,27
685,33	2355,16
685,53	2389,98
685,72	2396,12
685,92	2365,40
686,11	2373,60
686,31	2459,61
686,50	2453,47
686,70	2471,90
686,89	2295,77
687,09	2320,35
687,28	2414,56
687,48	2220,00
687,67	2451,42
687,87	2367,45
688,06	2424,80
688,26	2412,51
688,45	2285,53
688,65	2306,01
688,84	2375,64
689,03	2242,53
689,23	2281,44
689,42	2318,30
689,62	2260,96
689,81	2291,68
690,01	2410,46
690,20	2334,68
690,40	2426,84
690,59	2369,50
690,79	2263,01
690,98	2320,35
691,17	2303,96
691,37	2285,53
691,56	2271,20
691,76	2330,59
691,95	2308,06
692,15	2336,73
692,34	2385,88
692,54	2287,58
692,73	2281,44
692,92	2351,07
693,12	2293,72
693,31	2244,57
693,51	2260,96
693,70	2275,29
693,90	2336,73
694,09	2340,83
694,28	2301,92
694,48	2355,16
694,67	2176,99
694,87	2342,88
695,06	2312,16
695,26	2297,82
695,45	2353,12
695,64	2209,76
695,84	2254,81
696,03	2283,49
696,23	2281,44
696,42	2168,80
696,61	2308,06
696,81	2185,18
697,00	2213,85
697,20	2326,49
697,39	2246,62
697,58	2240,48
697,78	2369,50
697,97	2310,11
698,17	2238,43
698,36	2248,67
698,55	2199,52
698,75	2258,91
698,94	2199,52
699,14	2291,68
699,33	2224,09
699,52	2342,88
699,72	2330,59
699,91	2291,68
700,10	2258,91
700,30	2273,25
700,49	2220,00
700,69	2174,94
700,88	2205,66
701,07	2162,66
701,27	2301,92
701,46	2383,84
701,65	2312,16
701,85	2250,72
702,04	2410,46
702,23	2244,57
702,43	2318,30
702,62	2222,05
702,82	2332,64
703,01	2334,68
703,20	2232,29
703,40	2244,57
703,59	2269,15
703,78	2312,16
703,98	2217,95
704,17	2222,05
704,36	2273,25
704,56	2287,58
704,75	2213,85
704,94	2256,86
705,14	2330,59
705,33	2267,10
705,52	2295,77
705,72	2228,19
705,91	2252,77
706,10	2283,49
706,30	2197,47
706,49	2308,06
706,68	2211,81
706,88	2326,49
707,07	2322,40
707,26	2271,20
707,46	2379,74
707,65	2359,26
707,84	2269,15
708,04	2230,24
708,23	2287,58
708,42	2271,20
708,62	2217,95
708,81	2131,94
709,00	2361,31
709,19	2387,93
709,39	2222,05
709,58	2301,92
709,77	2183,13
709,97	2263,01
710,16	2287,58
710,35	2297,82
710,55	2209,76
710,74	2281,44
710,93	2240,48
711,12	2285,53
711,32	2234,33
711,51	2320,35
711,70	2267,10
711,90	2277,34
712,09	2162,66
712,28	2320,35
712,47	2279,39
712,67	2324,44
712,86	2273,25
713,05	2314,20
713,24	2275,29
713,44	2209,76
713,63	2263,01
713,82	2275,29
714,02	2234,33
714,21	2285,53
714,40	2168,80
714,59	2248,67
714,79	2228,19
714,98	2265,05
715,17	2242,53
715,36	2240,48
715,56	2297,82
715,75	2228,19
715,94	2244,57
716,13	2285,53
716,33	2199,52
716,52	2123,74
716,71	2248,67
716,90	2170,85
717,10	2185,18
717,29	2179,04
717,48	2281,44
717,67	2199,52
717,87	2232,29
718,06	2230,24
718,25	2240,48
718,44	2254,81
718,63	2174,94
718,83	2133,98
719,02	2111,46
719,21	2248,67
719,40	2080,74
719,60	2082,78
719,79	2226,14
719,98	2144,22
720,17	2095,07
720,36	2179,04
720,56	2250,72
720,75	2146,27
720,94	2215,90
721,13	2107,36
721,33	2209,76
721,52	2189,28
721,71	2148,32
721,90	2232,29
722,09	2191,33
722,29	2160,61
722,48	2215,90
722,67	2195,42
722,86	2207,71
723,05	2131,94
723,24	2277,34
723,44	2111,46
723,63	2138,08
723,82	2138,08
724,01	2150,37
724,20	2195,42
724,40	2043,87
724,59	2162,66
724,78	2125,79
724,97	2236,38
725,16	2113,50
725,35	2174,94
725,55	2170,85
725,74	2148,32
725,93	2185,18
726,12	2142,18
726,31	2281,44
726,51	2189,28
726,70	2174,94
726,89	2238,43
727,08	2123,74
727,27	2240,48
727,46	2156,51
727,65	2197,47
727,85	2166,75
728,04	2115,55
728,23	2113,50
728,42	2254,81
728,61	2136,03
728,80	2217,95
729,00	2168,80
729,19	2226,14
729,38	2162,66
729,57	2103,26
729,76	2054,11
729,95	2060,26
730,14	2185,18
730,33	2205,66
730,53	2203,61
730,72	2127,84
730,91	2199,52
731,10	2187,23
731,29	2244,57
731,48	2133,98
731,67	2205,66
731,86	2183,13
732,06	2187,23
732,25	2209,76
732,44	2199,52
732,63	2170,85
732,82	2287,58
733,01	2146,27
733,20	2109,41
733,39	2113,50
733,59	2113,50
733,78	2189,28
733,97	2220,00
734,16	2228,19
734,35	2269,15
734,54	2209,76
734,73	2142,18
734,92	2152,42
735,11	2185,18
735,30	2181,09
735,49	2209,76
735,69	2277,34
735,88	2263,01
736,07	2205,66
736,26	2160,61
736,45	2281,44
736,64	2125,79
736,83	2301,92
737,02	2260,96
737,21	2232,29
737,40	2117,60
737,59	2279,39
737,78	2140,13
737,98	2191,33
738,17	2144,22
738,36	2269,15
738,55	2162,66
738,74	2187,23
738,93	2209,76
739,12	2129,89
739,31	2189,28
739,50	2170,85
739,69	2291,68
739,88	2189,28
740,07	2142,18
740,26	2224,09
740,45	2301,92
740,64	2222,05
740,83	2189,28
741,02	2199,52
741,22	2265,05
741,41	2195,42
741,60	2267,10
741,79	2111,46
741,98	2191,33
742,17	2101,22
742,36	2263,01
742,55	2179,04
742,74	2293,72
742,93	2172,89
743,12	2211,81
743,31	2234,33
743,50	2162,66
743,69	2185,18
743,88	2224,09
744,07	2164,70
744,26	2285,53
744,45	2193,37
744,64	2258,91
744,83	2275,29
745,02	2119,65
745,21	2240,48
745,40	2119,65
745,59	2123,74
745,78	2084,83
745,97	2222,05
746,16	2166,75
746,35	2146,27
746,54	2127,84
746,73	2187,23
746,92	2176,99
747,11	2109,41
747,30	2185,18
747,49	2201,57
747,68	2160,61
747,87	2045,92
748,06	2236,38
748,25	2201,57
748,44	2236,38
748,63	2271,20
748,82	2084,83
749,01	2103,26
749,20	2146,27
749,39	2160,61
749,58	2279,39
749,77	2166,75
749,96	2119,65
750,15	2101,22
750,34	2181,09
750,53	2224,09
750,72	2211,81
750,91	2185,18
751,10	2232,29
751,29	2099,17
751,48	2121,70
751,67	2117,60
751,86	2205,66
752,04	2232,29
752,23	2181,09
752,42	2166,75
752,61	2174,94
752,80	2197,47
752,99	2146,27
753,18	2232,29
753,37	2191,33
753,56	2078,69
753,75	2054,11
753,94	2019,30
754,13	2107,36
754,32	2168,80
754,51	2111,46
754,70	2164,70
754,89	2203,61
755,08	2113,50
755,27	2160,61
755,45	2146,27
755,64	2170,85
755,83	2095,07
756,02	2207,71
756,21	2007,01
756,40	2146,27
756,59	2078,69
756,78	2011,11
756,97	2064,35
757,16	2050,02
757,35	2103,26
757,54	2101,22
757,72	2076,64
757,91	1984,48
758,10	2031,58
758,29	2072,54
758,48	2050,02
758,67	1906,66
758,86	1929,19
759,05	1966,05
759,24	1992,67
759,43	1900,52
759,61	1855,46
759,80	1943,52
759,99	1933,28
760,18	1935,33
760,37	1855,46
760,56	1820,64
760,75	1931,23
760,94	1875,94
761,13	1923,04
761,31	2023,39
761,50	1939,43
761,69	1863,65
761,88	1925,09
762,07	1841,12
762,26	1892,32
762,45	1806,31
762,64	1853,41
762,82	1880,04
763,01	1859,56
763,20	1873,89
763,39	1863,65
763,58	1828,84
763,77	1855,46
763,96	1845,22
764,14	1896,42
764,33	1886,18
764,52	1779,68
764,71	1910,75
764,90	1867,75
765,09	1859,56
765,27	1859,56
765,46	1929,19
765,65	1898,47
765,84	1966,05
766,03	1908,71
766,22	1828,84
766,41	1857,51
766,59	1867,75
766,78	1937,38
766,97	1828,84
767,16	1896,42
767,35	1890,28
767,54	1970,15
767,72	2015,20
767,91	1976,29
768,10	1906,66
768,29	1949,67
768,48	1927,14
768,66	2000,87
768,85	1925,09
769,04	2047,97
769,23	1951,71
769,42	1998,82
769,61	1992,67
769,79	2000,87
769,98	1986,53
770,17	1953,76
770,36	2084,83
770,55	1976,29
770,73	2002,91
770,92	2007,01
771,11	1914,85
771,30	1988,58
771,49	2082,78
771,67	2179,04
771,86	2076,64
772,05	1916,90
772,24	2011,11
772,42	2002,91
772,61	2066,40
772,80	2047,97
772,99	1941,47
773,18	1923,04
773,36	1980,39
773,55	1941,47
773,74	1910,75
773,93	2029,54
774,11	1955,81
774,30	2070,50
774,49	2045,92
774,68	2039,78
774,87	2000,87
775,05	2000,87
775,24	2035,68
775,43	2062,30
775,62	1996,77
775,80	2017,25
775,99	2027,49
776,18	2017,25
776,37	1994,72
776,55	2007,01
776,74	2013,15
776,93	2045,92
777,12	2007,01
777,30	2037,73
777,49	1896,42
777,68	2035,68
777,87	2043,87
778,05	2002,91
778,24	1949,67
778,43	1986,53
778,62	1959,91
778,80	2052,06
778,99	1984,48
779,18	1964,00
779,36	1980,39
779,55	1937,38
779,74	1990,63
779,93	2105,31
780,11	2033,63
780,30	1925,09
780,49	1980,39
780,68	2011,11
780,86	2117,60
781,05	1978,34
781,24	2047,97
781,42	1996,77
781,61	2039,78
781,80	1884,13
781,98	2037,73
782,17	2045,92
782,36	2004,96
782,55	1937,38
782,73	2007,01
782,92	2066,40
783,11	1988,58
783,29	1935,33
783,48	1994,72
783,67	2037,73
783,85	2086,88
784,04	1982,43
784,23	1937,38
784,42	1972,19
784,60	2002,91
784,79	2095,07
784,98	1974,24
785,16	1959,91
785,35	1914,85
785,54	1964,00
785,72	2031,58
785,91	2004,96
786,10	1906,66
786,28	1968,10
786,47	1894,37
786,66	2052,06
786,84	2007,01
787,03	2033,63
787,22	1988,58
787,40	1943,52
787,59	1976,29
787,78	1974,24
787,96	1894,37
788,15	1877,99
788,34	1949,67
788,52	2029,54
788,71	1914,85
788,89	1937,38
789,08	1925,09
789,27	1935,33
789,45	1968,10
789,64	1875,94
789,83	1869,80
790,01	1972,19
790,20	1970,15
790,39	1937,38
790,57	1943,52
790,76	1877,99
790,95	1925,09
791,13	1847,27
791,32	1880,04
791,50	1957,86
791,69	1945,57
791,88	1933,28
792,06	2088,93
792,25	1968,10
792,43	1853,41
792,62	1861,60
792,81	1925,09
792,99	1935,33
793,18	1961,95
793,37	2031,58
793,55	1906,66
793,74	1951,71
793,92	1935,33
794,11	1955,81
794,30	1810,40
794,48	1882,08
794,67	1918,95
794,85	1863,65
795,04	1832,93
795,23	1957,86
795,41	1912,80
795,60	1941,47
795,78	1912,80
795,97	2000,87
796,15	2025,44
796,34	1857,51
796,53	1910,75
796,71	1957,86
796,90	1830,88
797,08	1882,08
797,27	1988,58
797,46	1925,09
797,64	1857,51
797,83	1927,14
798,01	1935,33
798,20	1929,19
798,38	2013,15
798,57	1849,32
798,76	1951,71
798,94	1853,41
799,13	1888,23
799,31	1970,15
799,50	1890,28
799,68	1857,51
799,87	1804,26
800,05	1896,42
800,24	1892,32
800,43	1865,70
800,61	1920,99
800,80	1914,85
800,98	1847,27
801,17	1892,32
801,35	1867,75
801,54	1804,26
801,72	1929,19
801,91	1951,71
802,09	1910,75
802,28	1849,32
802,46	1863,65
802,65	1906,66
802,84	1939,43
803,02	1920,99
803,21	1886,18
803,39	1884,13
803,58	2000,87
803,76	1875,94
803,95	1923,04
804,13	1906,66
804,32	1908,71
804,50	1923,04
804,69	1986,53
804,87	1902,56
805,06	1873,89
805,24	1943,52
805,43	1880,04
805,61	1902,56
805,80	1828,84
805,98	1929,19
806,17	1937,38
806,35	1851,36
806,54	1890,28
806,72	1882,08
806,91	1894,37
807,09	1906,66
807,28	1945,57
807,46	1908,71
807,65	1949,67
807,83	1839,08
808,02	1845,22
808,20	1929,19
808,39	1826,79
808,57	1888,23
808,76	1910,75
808,94	1961,95
809,13	1849,32
809,31	1890,28
809,49	1920,99
809,68	1791,97
809,86	1853,41
810,05	1923,04
810,23	1929,19
810,42	1910,75
810,60	1867,75
810,79	1781,73
810,97	1937,38
811,16	1839,08
811,34	1892,32
811,53	1863,65
811,71	1886,18
811,89	1892,32
812,08	1861,60
812,26	1888,23
812,45	1892,32
812,63	1837,03
812,82	1880,04
813,00	1816,55
813,19	1814,50
813,37	1851,36
813,55	1771,49
813,74	1708,01
813,92	1927,14
814,11	1812,45
814,29	1761,25
814,48	1814,50
814,66	1843,17
814,84	1826,79
815,03	1816,55
815,21	1818,60
815,40	1857,51
815,58	1853,41
815,77	1802,21
815,95	1869,80
816,13	1753,06
816,32	1867,75
816,50	1880,04
816,69	1755,11
816,87	1808,36
817,05	1818,60
817,24	1820,64
817,42	1804,26
817,61	1771,49
817,79	1722,34
817,97	1830,88
818,16	1714,15
818,34	1869,80
818,53	1734,63
818,71	1824,74
818,89	1771,49
819,08	1851,36
819,26	1851,36
819,45	1779,68
819,63	1871,84
819,81	1800,16
820,00	1859,56
820,18	1800,16
820,36	1771,49
820,55	1781,73
820,73	1710,05
820,92	1753,06
821,10	1818,60
821,28	1781,73
821,47	1855,46
821,65	1740,77
821,83	1904,61
822,02	1769,44
822,20	1671,14
822,39	1839,08
822,57	1744,87
822,75	1900,52
822,94	1808,36
823,12	1822,69
823,30	1708,01
823,49	1908,71
823,67	1744,87
823,85	1882,08
824,04	1701,86
824,22	1845,22
824,40	1794,02
824,59	1785,83
824,77	1822,69
824,95	1810,40
825,14	1791,97
825,32	1796,07
825,50	1841,12
825,69	1736,68
825,87	1914,85
826,05	1736,68
826,24	1746,92
826,42	1859,56
826,60	1865,70
826,79	1759,21
826,97	1822,69
827,15	1781,73
827,34	1726,44
827,52	1755,11
827,70	1822,69
827,89	1804,26
828,07	1783,78
828,25	1806,31
828,44	1843,17
828,62	1777,64
828,80	1826,79
828,98	1808,36
829,17	1687,53
829,35	1873,89
829,53	1740,77
829,72	1746,92
829,90	1824,74
830,08	1732,58
830,27	1818,60
830,45	1820,64
830,63	1849,32
830,81	1761,25
831,00	1724,39
831,18	1730,53
831,36	1810,40
831,55	1712,10
831,73	1689,57
831,91	1734,63
832,09	1789,92
832,28	1767,40
832,46	1697,77
832,64	1755,11
832,82	1697,77
833,01	1744,87
833,19	1882,08
833,37	1722,34
833,55	1757,16
833,74	1802,21
833,92	1744,87
834,10	1710,05
834,29	1681,38
834,47	1656,81
834,65	1718,25
834,83	1681,38
835,02	1644,52
835,20	1746,92
835,38	1742,82
835,56	1722,34
835,75	1800,16
835,93	1765,35
836,11	1728,49
836,29	1665,00
836,47	1820,64
836,66	1671,14
836,84	1751,01
837,02	1679,33
837,20	1765,35
837,39	1746,92
837,57	1757,16
837,75	1748,97
837,93	1742,82
838,12	1687,53
838,30	1738,73
838,48	1716,20
838,66	1826,79
838,84	1781,73
839,03	1765,35
839,21	1681,38
839,39	1714,15
839,57	1822,69
839,75	1744,87
839,94	1808,36
840,12	1779,68
840,30	1716,20
840,48	1699,81
840,66	1716,20
840,85	1693,67
841,03	1703,91
841,21	1728,49
841,39	1808,36
841,57	1691,62
841,76	1777,64
841,94	1855,46
842,12	1718,25
842,30	1665,00
842,48	1785,83
842,67	1720,29
842,85	1798,12
843,03	1761,25
843,21	1781,73
843,39	1771,49
843,57	1775,59
843,76	1798,12
843,94	1568,74
844,12	1755,11
844,30	1621,99
844,48	1738,73
844,66	1730,53
844,85	1759,21
845,03	1732,58
845,21	1810,40
845,39	1759,21
845,57	1705,96
845,75	1679,33
845,94	1761,25
846,12	1671,14
846,30	1763,30
846,48	1619,94
846,66	1699,81
846,84	1607,66
847,02	1718,25
847,21	1662,95
847,39	1705,96
847,57	1751,01
847,75	1683,43
847,93	1751,01
848,11	1679,33
848,29	1687,53
848,48	1640,42
848,66	1646,57
848,84	1751,01
849,02	1642,47
849,20	1648,61
849,38	1667,05
849,56	1753,06
849,74	1802,21
849,93	1761,25
850,11	1673,19
850,29	1701,86
850,47	1667,05
850,65	1681,38
850,83	1603,56
851,01	1628,14
851,19	1724,39
851,37	1722,34
851,56	1660,90
851,74	1677,29
851,92	1615,85
852,10	1626,09
852,28	1675,24
852,46	1636,33
852,64	1765,35
852,82	1669,09
853,00	1738,73
853,18	1648,61
853,37	1642,47
853,55	1681,38
853,73	1693,67
853,91	1648,61
854,09	1597,42
854,27	1677,29
854,45	1636,33
854,63	1656,81
854,81	1708,01
854,99	1650,66
855,17	1662,95
855,35	1677,29
855,53	1642,47
855,72	1613,80
855,90	1683,43
856,08	1675,24
856,26	1685,48
856,44	1798,12
856,62	1617,90
856,80	1621,99
856,98	1650,66
857,16	1650,66
857,34	1652,71
857,52	1728,49
857,70	1695,72
857,88	1638,38
858,06	1718,25
858,24	1658,85
858,42	1679,33
858,60	1630,18
858,78	1716,20
858,96	1660,90
859,15	1642,47
859,33	1617,90
859,51	1656,81
859,69	1712,10
859,87	1572,84
860,05	1660,90
860,23	1611,75
860,41	1669,09
860,59	1736,68
860,77	1646,57
860,95	1675,24
861,13	1701,86
861,31	1619,94
861,49	1640,42
861,67	1730,53
861,85	1736,68
862,03	1777,64
862,21	1667,05
862,39	1597,42
862,57	1693,67
862,75	1578,98
862,93	1726,44
863,11	1669,09
863,29	1599,46
863,47	1656,81
863,65	1595,37
863,83	1636,33
864,01	1677,29
864,19	1615,85
864,37	1693,67
864,55	1650,66
864,73	1581,03
864,91	1701,86
865,09	1665,00
865,27	1669,09
865,45	1593,32
865,63	1589,22
865,81	1519,59
865,99	1535,98
866,17	1599,46
866,35	1658,85
866,53	1742,82
866,71	1613,80
866,89	1593,32
867,07	1554,41
867,24	1634,28
867,42	1607,66
867,60	1742,82
867,78	1671,14
867,96	1654,76
868,14	1628,14
868,32	1724,39
868,50	1642,47
868,68	1556,46
868,86	1669,09
869,04	1673,19
869,22	1617,90
869,40	1609,70
869,58	1548,26
869,76	1513,45
869,94	1593,32
870,12	1626,09
870,30	1603,56
870,48	1632,23
870,66	1611,75
870,83	1611,75
871,01	1644,52
871,19	1638,38
871,37	1578,98
871,55	1636,33
871,73	1566,70
871,91	1685,48
872,09	1540,07
872,27	1621,99
872,45	1601,51
872,63	1523,69
872,81	1542,12
872,98	1628,14
873,16	1609,70
873,34	1634,28
873,52	1597,42
873,70	1617,90
873,88	1572,84
874,06	1570,79
874,24	1646,57
874,42	1615,85
874,60	1615,85
874,78	1548,26
874,95	1665,00
875,13	1605,61
875,31	1566,70
875,49	1583,08
875,67	1597,42
875,85	1566,70
876,03	1611,75
876,21	1681,38
876,39	1597,42
876,56	1621,99
876,74	1484,78
876,92	1615,85
877,10	1648,61
877,28	1650,66
877,46	1554,41
877,64	1656,81
877,82	1675,24
877,99	1589,22
878,17	1624,04
878,35	1552,36
878,53	1638,38
878,71	1626,09
878,89	1609,70
879,07	1626,09
879,24	1654,76
879,42	1689,57
879,60	1574,89
879,78	1658,85
879,96	1523,69
880,14	1613,80
880,32	1621,99
880,49	1605,61
880,67	1599,46
880,85	1656,81
881,03	1556,46
881,21	1572,84
881,39	1591,27
881,56	1583,08
881,74	1632,23
881,92	1597,42
882,10	1560,55
882,28	1609,70
882,46	1632,23
882,63	1523,69
882,81	1472,49
882,99	1607,66
883,17	1656,81
883,35	1654,76
883,52	1693,67
883,70	1574,89
883,88	1636,33
884,06	1665,00
884,24	1644,52
884,42	1660,90
884,59	1566,70
884,77	1576,94
884,95	1687,53
885,13	1587,18
885,31	1628,14
885,48	1574,89
885,66	1685,48
885,84	1681,38
886,02	1578,98
886,20	1705,96
886,37	1587,18
886,55	1640,42
886,73	1626,09
886,91	1654,76
887,08	1533,93
887,26	1642,47
887,44	1597,42
887,62	1568,74
887,80	1615,85
887,97	1591,27
888,15	1656,81
888,33	1576,94
888,51	1644,52
888,68	1609,70
888,86	1564,65
889,04	1556,46
889,22	1540,07
889,40	1626,09
889,57	1642,47
889,75	1646,57
889,93	1601,51
890,11	1626,09
890,28	1521,64
890,46	1574,89
890,64	1578,98
890,82	1634,28
890,99	1591,27
891,17	1519,59
891,35	1556,46
891,53	1503,21
891,70	1583,08
891,88	1513,45
892,06	1568,74
892,24	1591,27
892,41	1538,02
892,59	1671,14
892,77	1550,31
892,94	1560,55
893,12	1624,04
893,30	1490,92
893,48	1564,65
893,65	1660,90
893,83	1628,14
894,01	1578,98
894,19	1480,68
894,36	1644,52
894,54	1583,08
894,72	1603,56
894,89	1511,40
895,07	1492,97
895,25	1619,94
895,43	1478,63
895,60	1585,13
895,78	1613,80
895,96	1517,54
896,13	1581,03
896,31	1654,76
896,49	1560,55
896,66	1562,60
896,84	1540,07
897,02	1546,22
897,20	1564,65
897,37	1482,73
897,55	1495,02
897,73	1662,95
897,90	1470,44
898,08	1552,36
898,26	1548,26
898,43	1525,74
898,61	1492,97
898,79	1601,51
898,96	1503,21
899,14	1564,65
899,32	1564,65
899,49	1564,65
899,67	1613,80
899,85	1560,55
900,02	1662,95
900,20	1535,98
900,38	1513,45
900,55	1576,94
900,73	1679,33
900,91	1542,12
901,08	1615,85
901,26	1589,22
901,44	1556,46
901,61	1527,78
901,79	1578,98
901,97	1552,36
902,14	1560,55
902,32	1585,13
902,50	1513,45
902,67	1529,83
902,85	1615,85
903,02	1591,27
903,20	1513,45
903,38	1578,98
903,55	1542,12
903,73	1542,12
903,91	1583,08
904,08	1587,18
904,26	1497,07
904,44	1611,75
904,61	1515,50
904,79	1601,51
904,96	1550,31
905,14	1552,36
905,32	1621,99
905,49	1589,22
905,67	1472,49
905,84	1495,02
906,02	1603,56
906,20	1562,60
906,37	1632,23
906,55	1587,18
906,73	1578,98
906,90	1509,35
907,08	1548,26
907,25	1542,12
907,43	1585,13
907,61	1486,83
907,78	1546,22
907,96	1456,11
908,13	1503,21
908,31	1642,47
908,48	1501,16
908,66	1513,45
908,84	1540,07
909,01	1519,59
909,19	1558,50
909,36	1523,69
909,54	1490,92
909,72	1546,22
909,89	1462,25
910,07	1556,46
910,24	1546,22
910,42	1646,57
910,59	1511,40
910,77	1589,22
910,95	1486,83
911,12	1488,87
911,30	1503,21
911,47	1456,11
911,65	1511,40
911,82	1447,91
912,00	1593,32
912,17	1515,50
912,35	1531,88
912,53	1540,07
912,70	1587,18
912,88	1484,78
913,05	1519,59
913,23	1478,63
913,40	1593,32
913,58	1478,63
913,75	1495,02
913,93	1462,25
914,10	1454,06
914,28	1513,45
914,46	1513,45
914,63	1513,45
914,81	1615,85
914,98	1386,47
915,16	1429,48
915,33	1441,77
915,51	1613,80
915,68	1560,55
915,86	1525,74
916,03	1482,73
916,21	1538,02
916,38	1564,65
916,56	1505,26
916,73	1568,74
916,91	1482,73
917,08	1503,21
917,26	1621,99
917,43	1515,50
917,61	1480,68
917,78	1615,85
917,96	1492,97
918,13	1454,06
918,31	1466,35
918,48	1601,51
918,66	1413,10
918,83	1538,02
919,01	1538,02
919,18	1470,44
919,36	1497,07
919,53	1628,14
919,71	1705,96
919,88	1595,37
920,06	1552,36
920,23	1525,74
920,41	1531,88
920,58	1460,20
920,76	1439,72
920,93	1503,21
921,11	1548,26
921,28	1517,54
921,45	1566,70
921,63	1517,54
921,80	1554,41
921,98	1488,87
922,15	1490,92
922,33	1492,97
922,50	1497,07
922,68	1497,07
922,85	1490,92
923,03	1433,58
923,20	1503,21
923,38	1632,23
923,55	1581,03
923,72	1472,49
923,90	1650,66
924,07	1478,63
924,25	1558,50
924,42	1650,66
924,60	1513,45
924,77	1472,49
924,95	1566,70
925,12	1538,02
925,29	1562,60
925,47	1454,06
925,64	1400,81
925,82	1468,39
925,99	1546,22
926,17	1488,87
926,34	1466,35
926,51	1445,87
926,69	1476,59
926,86	1578,98
927,04	1484,78
927,21	1505,26
927,38	1474,54
927,56	1583,08
927,73	1501,16
927,91	1476,59
928,08	1595,37
928,25	1443,82
928,43	1497,07
928,60	1425,39
928,78	1535,98
928,95	1474,54
929,12	1523,69
929,30	1499,11
929,47	1513,45
929,65	1454,06
929,82	1499,11
929,99	1480,68
930,17	1347,56
930,34	1458,15
930,52	1454,06
930,69	1427,43
930,86	1544,17
931,04	1511,40
931,21	1357,80
931,38	1445,87
931,56	1417,19
931,73	1568,74
931,91	1480,68
932,08	1413,10
932,25	1540,07
932,43	1478,63
932,60	1421,29
932,77	1435,63
932,95	1419,24
933,12	1449,96
933,29	1490,92
933,47	1556,46
933,64	1419,24
933,82	1505,26
933,99	1482,73
934,16	1433,58
934,34	1476,59
934,51	1509,35
934,68	1458,15
934,86	1462,25
935,03	1437,67
935,20	1441,77
935,38	1396,71
935,55	1394,67
935,72	1431,53
935,90	1404,91
936,07	1433,58
936,24	1406,95
936,42	1449,96
936,59	1445,87
936,76	1525,74
936,94	1415,15
937,11	1482,73
937,28	1376,24
937,46	1423,34
937,63	1484,78
937,80	1384,43
937,97	1544,17
938,15	1449,96
938,32	1462,25
938,49	1460,20
938,67	1468,39
938,84	1495,02
939,01	1470,44
939,19	1429,48
939,36	1419,24
939,53	1449,96
939,70	1409,00
939,88	1433,58
940,05	1576,94
940,22	1488,87
940,40	1476,59
940,57	1466,35
940,74	1427,43
940,92	1431,53
941,09	1466,35
941,26	1396,71
941,43	1427,43
941,61	1439,72
941,78	1441,77
941,95	1427,43
942,12	1462,25
942,30	1458,15
942,47	1452,01
942,64	1335,28
942,82	1533,93
942,99	1470,44
943,16	1415,15
943,33	1476,59
943,51	1376,24
943,68	1449,96
943,85	1462,25
944,02	1417,19
944,20	1441,77
944,37	1404,91
944,54	1480,68
944,71	1544,17
944,89	1505,26
945,06	1415,15
945,23	1411,05
945,40	1523,69
945,58	1454,06
945,75	1411,05
945,92	1509,35
946,09	1535,98
946,27	1374,19
946,44	1394,67
946,61	1458,15
946,78	1449,96
946,95	1390,57
947,13	1425,39
947,30	1413,10
947,47	1376,24
947,64	1470,44
947,82	1345,52
947,99	1349,61
948,16	1384,43
948,33	1474,54
948,50	1439,72
948,68	1445,87
948,85	1396,71
949,02	1460,20
949,19	1374,19
949,36	1456,11
949,54	1419,24
949,71	1468,39
949,88	1482,73
950,05	1427,43
950,22	1447,91
950,40	1441,77
950,57	1388,52
950,74	1511,40
950,91	1413,10
951,08	1421,29
951,26	1419,24
951,43	1429,48
951,60	1386,47
951,77	1447,91
951,94	1447,91
952,11	1501,16
952,29	1425,39
952,46	1413,10
952,63	1488,87
952,80	1476,59
952,97	1417,19
953,15	1445,87
953,32	1470,44
953,49	1372,14
953,66	1427,43
953,83	1419,24
954,00	1396,71
954,17	1425,39
954,35	1470,44
954,52	1347,56
954,69	1480,68
954,86	1511,40
955,03	1411,05
955,20	1415,15
955,38	1462,25
955,55	1390,57
955,72	1447,91
955,89	1419,24
956,06	1406,95
956,23	1404,91
956,40	1411,05
956,58	1456,11
956,75	1372,14
956,92	1429,48
957,09	1429,48
957,26	1535,98
957,43	1398,76
957,60	1421,29
957,77	1460,20
957,95	1462,25
958,12	1511,40
958,29	1478,63
958,46	1452,01
958,63	1372,14
958,80	1488,87
958,97	1449,96
959,14	1443,82
959,31	1431,53
959,49	1458,15
959,66	1449,96
959,83	1361,90
960,00	1374,19
960,17	1468,39
960,34	1486,83
960,51	1413,10
960,68	1511,40
960,85	1363,95
961,02	1349,61
961,20	1374,19
961,37	1366,00
961,54	1394,67
961,71	1429,48
961,88	1458,15
962,05	1484,78
962,22	1427,43
962,39	1513,45
962,56	1406,95
962,73	1402,86
962,90	1337,32
963,07	1443,82
963,24	1486,83
963,42	1345,52
963,59	1499,11
963,76	1415,15
963,93	1540,07
964,10	1433,58
964,27	1353,71
964,44	1449,96
964,61	1435,63
964,78	1382,38
964,95	1439,72
965,12	1452,01
965,29	1382,38
965,46	1339,37
965,63	1462,25
965,80	1441,77
965,97	1374,19
966,14	1456,11
966,31	1423,34
966,48	1398,76
966,66	1435,63
966,83	1431,53
967,00	1417,19
967,17	1441,77
967,34	1499,11
967,51	1433,58
967,68	1441,77
967,85	1398,76
968,02	1484,78
968,19	1380,33
968,36	1413,10
968,53	1380,33
968,70	1468,39
968,87	1472,49
969,04	1445,87
969,21	1454,06
969,38	1501,16
969,55	1449,96
969,72	1480,68
969,89	1533,93
970,06	1419,24
970,23	1415,15
970,40	1505,26
970,57	1511,40
970,74	1394,67
970,91	1456,11
971,08	1452,01
971,25	1454,06
971,42	1437,67
971,59	1409,00
971,76	1427,43
971,93	1435,63
972,10	1460,20
972,27	1431,53
972,44	1458,15
972,61	1458,15
972,78	1476,59
972,95	1464,30
973,12	1419,24
973,29	1531,88
973,46	1433,58
973,63	1480,68
973,80	1560,55
973,97	1449,96
974,14	1409,00
974,30	1513,45
974,47	1542,12
974,64	1492,97
974,81	1460,20
974,98	1486,83
975,15	1441,77
975,32	1484,78
975,49	1351,66
975,66	1445,87
975,83	1503,21
976,00	1484,78
976,17	1368,04
976,34	1462,25
976,51	1425,39
976,68	1396,71
976,85	1443,82
977,02	1484,78
977,19	1431,53
977,36	1480,68
977,52	1452,01
977,69	1484,78
977,86	1542,12
978,03	1388,52
978,20	1464,30
978,37	1427,43
978,54	1509,35
978,71	1495,02
978,88	1495,02
979,05	1366,00
979,22	1466,35
979,39	1466,35
979,56	1433,58
979,72	1400,81
979,89	1423,34
980,06	1452,01
980,23	1503,21
980,40	1431,53
980,57	1470,44
980,74	1382,38
980,91	1392,62
981,08	1472,49
981,25	1402,86
981,41	1521,64
981,58	1347,56
981,75	1337,32
981,92	1368,04
982,09	1445,87
982,26	1343,47
982,43	1345,52
982,60	1464,30
982,77	1419,24
982,93	1355,76
983,10	1366,00
983,27	1417,19
983,44	1390,57
983,61	1503,21
983,78	1423,34
983,95	1396,71
984,11	1386,47
984,28	1503,21
984,45	1392,62
984,62	1368,04
984,79	1361,90
984,96	1445,87
985,13	1388,52
985,30	1482,73
985,46	1382,38
985,63	1400,81
985,80	1454,06
985,97	1429,48
986,14	1366,00
986,31	1404,91
986,47	1413,10
986,64	1370,09
986,81	1404,91
986,98	1345,52
987,15	1462,25
987,32	1417,19
987,48	1454,06
987,65	1492,97
987,82	1433,58
987,99	1507,30
988,16	1683,43
988,33	1509,35
988,49	1423,34
988,66	1484,78
988,83	1380,33
989,00	1396,71
989,17	1341,42
989,34	1472,49
989,50	1406,95
989,67	1380,33
989,84	1333,23
990,01	1419,24
990,18	1472,49
990,34	1425,39
990,51	1382,38
990,68	1474,54
990,85	1466,35
991,02	1433,58
991,18	1411,05
991,35	1339,37
991,52	1413,10
991,69	1378,28
991,86	1429,48
992,02	1419,24
992,19	1316,84
992,36	1468,39
992,53	1490,92
992,69	1318,89
992,86	1468,39
993,03	1449,96
993,20	1441,77
993,37	1458,15
993,53	1454,06
993,70	1425,39
993,87	1325,04
994,04	1431,53
994,20	1320,94
994,37	1400,81
994,54	1376,24
994,71	1421,29
994,87	1445,87
995,04	1454,06
995,21	1423,34
995,38	1333,23
995,55	1339,37
995,71	1370,09
995,88	1478,63
996,05	1456,11
996,22	1474,54
996,38	1531,88
996,55	1400,81
996,72	1433,58
996,88	1558,50
997,05	2127,84
997,22	1441,77
997,39	1363,95
997,55	1425,39
997,72	1398,76
997,89	1413,10
998,06	1431,53
998,22	1421,29
998,39	1390,57
998,56	1269,74
998,73	1417,19
998,89	1435,63
999,06	1466,35
999,23	1449,96
999,39	1378,28
999,56	1462,25
999,73	1435,63
999,90	1337,32
1000,06	1443,82
1000,23	1400,81
1000,40	1497,07
1000,56	1425,39
1000,73	1347,56
1000,90	1370,09
1001,06	1400,81
1001,23	1327,08
1001,40	1474,54
1001,57	1409,00
1001,73	1419,24
1001,90	1325,04
1002,07	1357,80
1002,23	1413,10
1002,40	1386,47
1002,57	1370,09
1002,73	1425,39
1002,90	1480,68
1003,07	1464,30
1003,23	1376,24
1003,40	1441,77
1003,57	1349,61
1003,73	1376,24
1003,90	1458,15
1004,07	1349,61
1004,23	1390,57
1004,40	1376,24
1004,57	1400,81
1004,73	1404,91
1004,90	1411,05
1005,07	1462,25
1005,23	1417,19
1005,40	1374,19
1005,57	1339,37
1005,73	1376,24
1005,90	1396,71
1006,07	1513,45
1006,23	1495,02
1006,40	1363,95
1006,57	1425,39
1006,73	1462,25
1006,90	1435,63
1007,06	1361,90
1007,23	1409,00
1007,40	1409,00
1007,56	1466,35
1007,73	1419,24
1007,90	1468,39
1008,06	1376,24
1008,23	1402,86
1008,40	1318,89
1008,56	1343,47
1008,73	1402,86
1008,89	1533,93
1009,06	1478,63
1009,23	1429,48
1009,39	1413,10
1009,56	1433,58
1009,72	1443,82
1009,89	1482,73
1010,06	1480,68
1010,22	1341,42
1010,39	1392,62
1010,55	1425,39
1010,72	1368,04
1010,89	1357,80
1011,05	1406,95
1011,22	1378,28
1011,38	1378,28
1011,55	1402,86
1011,72	1409,00
1011,88	1449,96
1012,05	1443,82
1012,21	1472,49
1012,38	1413,10
1012,55	1478,63
1012,71	1398,76
1012,88	1392,62
1013,04	1435,63
1013,21	1406,95
1013,37	1449,96
1013,54	1419,24
1013,71	1404,91
1013,87	1404,91
1014,04	1480,68
1014,20	1433,58
1014,37	1406,95
1014,53	1345,52
1014,70	1435,63
1014,87	1374,19
1015,03	1452,01
1015,20	1402,86
1015,36	1441,77
1015,53	1310,70
1015,69	1413,10
1015,86	1388,52
1016,02	1415,15
1016,19	1533,93
1016,36	1404,91
1016,52	1394,67
1016,69	1435,63
1016,85	1366,00
1017,02	1439,72
1017,18	1402,86
1017,35	1406,95
1017,51	1406,95
1017,68	1445,87
1017,84	1327,08
1018,01	1331,18
1018,17	1413,10
1018,34	1490,92
1018,50	1359,85
1018,67	1417,19
1018,84	1421,29
1019,00	1357,80
1019,17	1318,89
1019,33	1382,38
1019,50	1441,77
1019,66	1486,83
1019,83	1316,84
1019,99	1480,68
1020,16	1398,76
1020,32	1374,19
1020,49	1400,81
1020,65	1437,67
1020,82	1464,30
1020,98	1359,85
1021,15	1429,48
1021,31	1472,49
1021,48	1435,63
1021,64	1390,57
1021,81	1460,20
1021,97	1331,18
1022,14	1441,77
1022,30	1439,72
1022,47	1433,58
1022,63	1327,08
1022,79	1421,29
1022,96	1386,47
1023,12	1409,00
1023,29	1415,15
1023,45	1454,06
1023,62	1423,34
1023,78	1470,44
1023,95	1421,29
1024,11	1417,19
1024,28	1378,28
1024,44	1443,82
1024,61	1368,04
1024,77	1439,72
1024,94	1433,58
1025,10	1404,91
1025,26	1392,62
1025,43	1327,08
1025,59	1415,15
1025,76	1415,15
1025,92	1458,15
1026,09	1310,70
1026,25	1423,34
1026,42	1413,10
1026,58	1398,76
1026,74	1505,26
1026,91	1462,25
1027,07	1343,47
1027,24	1439,72
1027,40	1439,72
1027,57	1421,29
1027,73	1419,24
1027,90	1413,10
1028,06	1382,38
1028,22	1320,94
1028,39	1449,96
1028,55	1376,24
1028,72	1400,81
1028,88	1486,83
1029,04	1368,04
1029,21	1427,43
1029,37	1363,95
1029,54	1378,28
1029,70	1378,28
1029,87	1370,09
1030,03	1302,51
1030,19	1505,26
1030,36	1390,57
1030,52	1339,37
1030,69	1351,66
1030,85	1378,28
1031,01	1433,58
1031,18	1374,19
1031,34	1406,95
1031,50	1386,47
1031,67	1417,19
1031,83	1456,11
1032,00	1392,62
1032,16	1441,77
1032,32	1329,13
1032,49	1417,19
1032,65	1437,67
1032,82	1435,63
1032,98	1351,66
1033,14	1349,61
1033,31	1447,91
1033,47	1460,20
1033,63	1390,57
1033,80	1417,19
1033,96	1372,14
1034,13	1396,71
1034,29	1425,39
1034,45	1406,95
1034,62	1310,70
1034,78	1402,86
1034,94	1343,47
1035,11	1492,97
1035,27	1306,60
1035,43	1490,92
1035,60	1517,54
1035,76	1382,38
1035,92	1382,38
1036,09	1396,71
1036,25	1441,77
1036,41	1462,25
1036,58	1460,20
1036,74	1429,48
1036,90	1341,42
1037,07	1349,61
1037,23	1361,90
1037,39	1466,35
1037,56	1361,90
1037,72	1417,19
1037,88	1411,05
1038,05	1372,14
1038,21	1388,52
1038,37	1441,77
1038,54	1419,24
1038,70	1519,59
1038,86	1427,43
1039,03	1359,85
1039,19	1363,95
1039,35	1347,56
1039,52	1439,72
1039,68	1363,95
1039,84	1419,24
1040,00	1472,49
1040,17	1423,34
1040,33	1478,63
1040,49	1490,92
1040,66	1468,39
1040,82	1392,62
1040,98	1351,66
1041,15	1384,43
1041,31	1368,04
1041,47	1366,00
1041,63	1402,86
1041,80	1372,14
1041,96	1392,62
1042,12	1378,28
1042,29	1488,87
1042,45	1454,06
1042,61	1331,18
1042,77	1421,29
1042,94	1421,29
1043,10	1540,07
1043,26	1425,39
1043,42	1370,09
1043,59	1372,14
1043,75	1470,44
1043,91	1335,28
1044,07	1423,34
1044,24	1388,52
1044,40	1396,71
