345,22	1349,61
345,44	1349,61
345,66	1349,61
345,88	1398,76
346,10	1325,04
346,32	1615,85
346,54	1605,61
346,75	1515,50
346,97	1560,55
347,19	1566,70
347,41	1605,61
347,63	1538,02
347,85	1595,37
348,07	1544,17
348,29	1529,83
348,51	1591,27
348,73	1644,52
348,95	1495,02
349,16	1546,22
349,38	1488,87
349,60	1591,27
349,82	1566,70
350,04	1521,64
350,26	1593,32
350,48	1589,22
350,70	1634,28
350,92	1550,31
351,14	1628,14
351,35	1636,33
351,57	1605,61
351,79	1615,85
352,01	1501,16
352,23	1587,18
352,45	1640,42
352,67	1599,46
352,89	1554,41
353,10	1585,13
353,32	1607,66
353,54	1615,85
353,76	1677,29
353,98	1634,28
354,20	1576,94
354,42	1556,46
354,64	1630,18
354,85	1638,38
355,07	1578,98
355,29	1638,38
355,51	1523,69
355,73	1599,46
355,95	1556,46
356,17	1652,71
356,38	1576,94
356,60	1560,55
356,82	1646,57
357,04	1523,69
357,26	1527,78
357,48	1626,09
357,69	1613,80
357,91	1574,89
358,13	1708,01
358,35	1662,95
358,57	1611,75
358,79	1621,99
359,01	1656,81
359,22	1615,85
359,44	1638,38
359,66	1621,99
359,88	1511,40
360,10	1566,70
360,32	1523,69
360,53	1658,85
360,75	1718,25
360,97	1597,42
361,19	1554,41
361,41	1642,47
361,62	1671,14
361,84	1589,22
362,06	1523,69
362,28	1521,64
362,50	1634,28
362,72	1605,61
362,93	1497,07
363,15	1558,50
363,37	1654,76
363,59	1531,88
363,81	1495,02
364,02	1644,52
364,24	1552,36
364,46	1642,47
364,68	1568,74
364,90	1742,82
365,11	1624,04
365,33	1701,86
365,55	1617,90
365,77	1556,46
365,99	1578,98
366,20	1724,39
366,42	1626,09
366,64	1587,18
366,86	1556,46
367,07	1585,13
367,29	1492,97
367,51	1515,50
367,73	1507,30
367,95	1624,04
368,16	1617,90
368,38	1581,03
368,60	1595,37
368,82	1591,27
369,03	1681,38
369,25	1658,85
369,47	1638,38
369,69	1458,15
369,91	1595,37
370,12	1566,70
370,34	1546,22
370,56	1542,12
370,78	1615,85
370,99	1662,95
371,21	1613,80
371,43	1517,54
371,65	1548,26
371,86	1564,65
372,08	1718,25
372,30	1642,47
372,52	1587,18
372,73	1589,22
372,95	1587,18
373,17	1507,30
373,39	1521,64
373,60	1581,03
373,82	1650,66
374,04	1511,40
374,26	1605,61
374,47	1538,02
374,69	1533,93
374,91	1652,71
375,12	1617,90
375,34	1515,50
375,56	1560,55
375,78	1595,37
375,99	1495,02
376,21	1705,96
376,43	1640,42
376,65	1585,13
376,86	1632,23
377,08	1529,83
377,30	1652,71
377,51	1572,84
377,73	1572,84
377,95	1566,70
378,17	1572,84
378,38	1585,13
378,60	1662,95
378,82	1693,67
379,03	1601,51
379,25	1613,80
379,47	1665,00
379,68	1574,89
379,90	1505,26
380,12	1593,32
380,34	1535,98
380,55	1632,23
380,77	1576,94
380,99	1589,22
381,20	1640,42
381,42	1572,84
381,64	1490,92
381,85	1591,27
382,07	1650,66
382,29	1613,80
382,50	1609,70
382,72	1605,61
382,94	1515,50
383,15	1679,33
383,37	1572,84
383,59	1603,56
383,80	1560,55
384,02	1628,14
384,24	1564,65
384,45	1730,53
384,67	1720,29
384,89	1550,31
385,10	1605,61
385,32	1640,42
385,54	1507,30
385,75	1501,16
385,97	1671,14
386,19	1669,09
386,40	1621,99
386,62	1578,98
386,84	1591,27
387,05	1601,51
387,27	1454,06
387,49	1621,99
387,70	1603,56
387,92	1650,66
388,14	1488,87
388,35	1515,50
388,57	1609,70
388,79	1589,22
389,00	1495,02
389,22	1562,60
389,43	1517,54
389,65	1583,08
389,87	1517,54
390,08	1535,98
390,30	1615,85
390,52	1556,46
390,73	1533,93
390,95	1544,17
391,17	1568,74
391,38	1613,80
391,60	1656,81
391,81	1652,71
392,03	1615,85
392,25	1554,41
392,46	1581,03
392,68	1714,15
392,89	1613,80
393,11	1554,41
393,33	1621,99
393,54	1621,99
393,76	1595,37
393,98	1628,14
394,19	1482,73
394,41	1591,27
394,62	1544,17
394,84	1617,90
395,06	1507,30
395,27	1636,33
395,49	1599,46
395,70	1656,81
395,92	1480,68
396,13	1568,74
396,35	1550,31
396,57	1566,70
396,78	1515,50
397,00	1578,98
397,21	1675,24
397,43	1712,10
397,65	1540,07
397,86	1626,09
398,08	1615,85
398,29	1624,04
398,51	1497,07
398,72	1626,09
398,94	1644,52
399,16	1652,71
399,37	1570,79
399,59	1560,55
399,80	1564,65
400,02	1609,70
400,23	1503,21
400,45	1636,33
400,67	1646,57
400,88	1529,83
401,10	1560,55
401,31	1517,54
401,53	1552,36
401,74	1603,56
401,96	1605,61
402,17	1556,46
402,39	1519,59
402,61	1550,31
402,82	1562,60
403,04	1611,75
403,25	1632,23
403,47	1593,32
403,68	1576,94
403,90	1665,00
404,11	1542,12
404,33	1581,03
404,54	1607,66
404,76	1583,08
404,97	1619,94
405,19	1720,29
405,41	1685,48
405,62	1646,57
405,84	1507,30
406,05	1654,76
406,27	1556,46
406,48	1685,48
406,70	1572,84
406,91	1617,90
407,13	1597,42
407,34	1527,78
407,56	1769,44
407,77	1652,71
407,99	1691,62
408,20	1681,38
408,42	1595,37
408,63	1636,33
408,85	1591,27
409,06	1628,14
409,28	1822,69
409,49	1607,66
409,71	1607,66
409,92	1656,81
410,14	1609,70
410,35	1841,12
410,57	1634,28
410,78	1568,74
411,00	1581,03
411,21	1630,18
411,43	1619,94
411,64	1619,94
411,86	1572,84
412,07	1681,38
412,29	1628,14
412,50	1644,52
412,72	1689,57
412,93	1716,20
413,15	1648,61
413,36	1607,66
413,58	1720,29
413,79	1640,42
414,01	1712,10
414,22	1683,43
414,43	1730,53
414,65	1683,43
414,86	1621,99
415,08	1566,70
415,29	1638,38
415,51	1544,17
415,72	1650,66
415,94	1581,03
416,15	1710,05
416,37	1753,06
416,58	1544,17
416,80	1529,83
417,01	1589,22
417,22	1634,28
417,44	1574,89
417,65	1654,76
417,87	1570,79
418,08	1777,64
418,30	1583,08
418,51	1681,38
418,73	1695,72
418,94	1562,60
419,15	1650,66
419,37	1726,44
419,58	1552,36
419,80	1558,50
420,01	1718,25
420,23	1638,38
420,44	1667,05
420,65	1679,33
420,87	1740,77
421,08	1683,43
421,30	1757,16
421,51	1572,84
421,73	1548,26
421,94	1718,25
422,15	1708,01
422,37	1673,19
422,58	1529,83
422,80	1607,66
423,01	1716,20
423,22	1544,17
423,44	1626,09
423,65	1650,66
423,87	1658,85
424,08	1738,73
424,29	1718,25
424,51	1591,27
424,72	1689,57
424,94	1681,38
425,15	1677,29
425,36	1703,91
425,58	1689,57
425,79	1718,25
426,01	1673,19
426,22	1638,38
426,43	1734,63
426,65	1615,85
426,86	1687,53
427,08	1671,14
427,29	1646,57
427,50	1617,90
427,72	1617,90
427,93	1703,91
428,14	1650,66
428,36	1742,82
428,57	1751,01
428,79	1640,42
429,00	1736,68
429,21	1675,24
429,43	1699,81
429,64	1779,68
429,85	1730,53
430,07	1675,24
430,28	1734,63
430,49	1714,15
430,71	1683,43
430,92	1773,54
431,14	1685,48
431,35	1769,44
431,56	1701,86
431,78	1761,25
431,99	1775,59
432,20	1765,35
432,42	1679,33
432,63	1753,06
432,84	1728,49
433,06	1728,49
433,27	1720,29
433,48	1781,73
433,70	1779,68
433,91	1839,08
434,12	1712,10
434,34	1808,36
434,55	1937,38
434,76	1802,21
434,98	1892,32
435,19	1849,32
435,40	1810,40
435,62	1810,40
435,83	1906,66
436,04	1867,75
436,26	1882,08
436,47	1798,12
436,68	1785,83
436,90	1849,32
437,11	1816,55
437,32	1861,60
437,54	1898,47
437,75	1802,21
437,96	1916,90
438,17	1982,43
438,39	1781,73
438,60	1943,52
438,81	1873,89
439,03	1974,24
439,24	1939,43
439,45	2029,54
439,67	1894,37
439,88	1931,23
440,09	1937,38
440,30	2000,87
440,52	1918,95
440,73	1826,79
440,94	1935,33
441,16	1910,75
441,37	1988,58
441,58	1974,24
441,80	1974,24
442,01	2015,20
442,22	2019,30
442,43	1959,91
442,65	2129,89
442,86	2019,30
443,07	2023,39
443,28	1828,84
443,50	1986,53
443,71	2052,06
443,92	2013,15
444,14	1855,46
444,35	1978,34
444,56	2000,87
444,77	1953,76
444,99	2041,82
445,20	2072,54
445,41	2011,11
445,62	2078,69
445,84	2123,74
446,05	2093,02
446,26	2136,03
446,47	2082,78
446,69	1992,67
446,90	2072,54
447,11	2054,11
447,32	1957,86
447,54	2158,56
447,75	2021,35
447,96	1947,62
448,17	2050,02
448,39	2068,45
448,60	1964,00
448,81	2039,78
449,02	1994,72
449,23	2064,35
449,45	2015,20
449,66	1964,00
449,87	1935,33
450,08	2043,87
450,30	2017,25
450,51	1902,56
450,72	1974,24
450,93	2050,02
451,15	2084,83
451,36	1978,34
451,57	1976,29
451,78	2031,58
451,99	2009,06
452,21	2015,20
452,42	1933,28
452,63	2000,87
452,84	1894,37
453,05	1974,24
453,27	1970,15
453,48	2052,06
453,69	1880,04
453,90	2047,97
454,11	2033,63
454,33	1957,86
454,54	1980,39
454,75	1923,04
454,96	1943,52
455,17	1880,04
455,39	2066,40
455,60	1964,00
455,81	1992,67
456,02	1902,56
456,23	1974,24
456,45	1931,23
456,66	1966,05
456,87	1933,28
457,08	1890,28
457,29	2037,73
457,50	1816,55
457,72	1920,99
457,93	1880,04
458,14	1910,75
458,35	2039,78
458,56	1939,43
458,77	1837,03
458,99	1970,15
459,20	1912,80
459,41	1814,50
459,62	1882,08
459,83	1824,74
460,04	1849,32
460,26	1898,47
460,47	1920,99
460,68	1896,42
460,89	1931,23
461,10	1937,38
461,31	1886,18
461,52	1880,04
461,74	1982,43
461,95	1814,50
462,16	1791,97
462,37	1929,19
462,58	1923,04
462,79	1996,77
463,00	1849,32
463,22	1892,32
463,43	1970,15
463,64	1912,80
463,85	1929,19
464,06	1925,09
464,27	1859,56
464,48	1904,61
464,70	1884,13
464,91	1837,03
465,12	1875,94
465,33	1910,75
465,54	1992,67
465,75	1929,19
465,96	1920,99
466,17	1857,51
466,38	1851,36
466,60	1894,37
466,81	1863,65
467,02	1988,58
467,23	1843,17
467,44	1863,65
467,65	1867,75
467,86	1996,77
468,07	1828,84
468,28	1886,18
468,50	1814,50
468,71	2035,68
468,92	1890,28
469,13	1853,41
469,34	1837,03
469,55	1941,47
469,76	1810,40
469,97	1908,71
470,18	1880,04
470,39	1849,32
470,60	1865,70
470,82	1943,52
471,03	1820,64
471,24	1959,91
471,45	1841,12
471,66	1918,95
471,87	1892,32
472,08	1830,88
472,29	1853,41
472,50	1992,67
472,71	1886,18
472,92	1894,37
473,13	1824,74
473,34	1871,84
473,55	1849,32
473,77	1933,28
473,98	1855,46
474,19	1861,60
474,40	1847,27
474,61	1843,17
474,82	1859,56
475,03	1912,80
475,24	1808,36
475,45	1923,04
475,66	2023,39
475,87	1931,23
476,08	1832,93
476,29	1974,24
476,50	1984,48
476,71	1998,82
476,92	1857,51
477,13	1925,09
477,34	1929,19
477,55	1900,52
477,76	2076,64
477,97	1908,71
478,18	1933,28
478,40	1880,04
478,61	1941,47
478,82	1955,81
479,03	1892,32
479,24	2050,02
479,45	1978,34
479,66	2035,68
479,87	1988,58
480,08	1847,27
480,29	1982,43
480,50	2041,82
480,71	1961,95
480,92	1972,19
481,13	1931,23
481,34	1980,39
481,55	1976,29
481,76	1953,76
481,97	1945,57
482,18	2062,30
482,39	1853,41
482,60	2004,96
482,81	2052,06
483,02	2072,54
483,23	2170,85
483,44	2019,30
483,65	1998,82
483,86	2062,30
484,07	2058,21
484,28	2047,97
484,49	2107,36
484,70	2113,50
484,91	2064,35
485,12	2007,01
485,33	2004,96
485,54	2197,47
485,75	2045,92
485,96	2131,94
486,17	2084,83
486,38	2015,20
486,59	2090,98
486,80	2115,55
487,01	2097,12
487,21	2129,89
487,42	2111,46
487,63	2160,61
487,84	2072,54
488,05	2058,21
488,26	2267,10
488,47	2099,17
488,68	2142,18
488,89	2187,23
489,10	2084,83
489,31	2146,27
489,52	2090,98
489,73	2160,61
489,94	2308,06
490,15	2199,52
490,36	2238,43
490,57	2281,44
490,78	2117,60
490,99	2205,66
491,20	2191,33
491,41	2236,38
491,61	2355,16
491,82	2285,53
492,03	2318,30
492,24	2260,96
492,45	2076,64
492,66	2154,46
492,87	2271,20
493,08	2238,43
493,29	2133,98
493,50	2263,01
493,71	2236,38
493,92	2285,53
494,13	2267,10
494,34	2195,42
494,54	2392,03
494,75	2275,29
494,96	2480,09
495,17	2471,90
495,38	2224,09
495,59	2316,25
495,80	2381,79
496,01	2402,27
496,22	2299,87
496,43	2267,10
496,64	2330,59
496,84	2291,68
497,05	2336,73
497,26	2519,00
497,47	2301,92
497,68	2408,41
497,89	2373,60
498,10	2408,41
498,31	2473,95
498,52	2449,37
498,72	2351,07
498,93	2506,71
499,14	2361,31
499,35	2361,31
499,56	2367,45
499,77	2414,56
499,98	2467,80
500,19	2357,21
500,40	2408,41
500,60	2330,59
500,81	2451,42
501,02	2412,51
501,23	2486,23
501,44	2521,05
501,65	2449,37
501,86	2469,85
502,06	2396,12
502,27	2471,90
502,48	2439,13
502,69	2469,85
502,90	2637,78
503,11	2463,71
503,32	2529,24
503,53	2500,57
503,73	2535,39
503,94	2549,72
504,15	2537,43
504,36	2467,80
504,57	2570,20
504,78	2498,52
504,98	2555,86
505,19	2562,01
505,40	2557,91
505,61	2410,46
505,82	2480,09
506,03	2643,93
506,23	2557,91
506,44	2516,95
506,65	2553,82
506,86	2564,06
507,07	2430,94
507,28	2566,10
507,48	2547,67
507,69	2635,74
507,90	2559,96
508,11	2521,05
508,32	2693,08
508,53	2559,96
508,73	2562,01
508,94	2514,91
509,15	2648,02
509,36	2578,39
509,57	2512,86
509,77	2676,70
509,98	2547,67
510,19	2521,05
510,40	2682,84
510,61	2533,34
510,81	2725,85
511,02	2772,95
511,23	2703,32
511,44	2676,70
511,65	2686,94
511,85	2682,84
512,06	2596,82
512,27	2586,58
512,48	2670,55
512,69	2656,22
512,89	2629,59
513,10	2748,37
513,31	2660,31
513,52	2768,85
513,73	2670,55
513,93	2713,56
514,14	2748,37
514,35	2744,28
514,56	2789,33
514,76	2719,70
514,97	2779,09
515,18	2770,90
515,39	2746,33
515,60	2666,46
515,80	2742,23
516,01	2785,24
516,22	2813,91
516,43	2650,07
516,63	2783,19
516,84	2789,33
517,05	2785,24
517,26	2703,32
517,46	2916,31
517,67	2834,39
517,88	2785,24
518,09	2801,62
518,29	2762,71
518,50	2920,40
518,71	2752,47
518,92	2844,63
519,12	2842,58
519,33	2867,16
519,54	2779,09
519,75	2938,84
519,95	2772,95
520,16	2775,00
520,37	2756,57
520,57	2791,38
520,78	2914,26
520,99	2889,68
521,20	2885,59
521,40	2844,63
521,61	2879,44
521,82	2811,86
522,03	2844,63
522,23	2811,86
522,44	2828,24
522,65	2779,09
522,85	2756,57
523,06	2797,53
523,27	2869,20
523,48	2865,11
523,68	2748,37
523,89	2854,87
524,10	2844,63
524,30	2838,48
524,51	2846,68
524,72	2854,87
524,93	2836,44
525,13	2877,40
525,34	2924,50
525,55	2967,51
525,75	2930,64
525,96	2930,64
526,17	2844,63
526,37	2953,17
526,58	2944,98
526,79	2852,82
526,99	2912,21
527,20	2912,21
527,41	2920,40
527,62	2838,48
527,82	2922,45
528,03	2850,77
528,24	2854,87
528,44	2987,99
528,65	2940,88
528,86	2881,49
529,06	2912,21
529,27	2838,48
529,48	2889,68
529,68	2951,12
529,89	2971,60
530,10	3020,75
530,30	2961,36
530,51	2963,41
530,72	2922,45
530,92	2844,63
531,13	2850,77
531,34	2985,94
531,54	2987,99
531,75	2850,77
531,96	3020,75
532,16	2944,98
532,37	3094,48
532,57	2891,73
532,78	3006,42
532,99	3082,19
533,19	3030,99
533,40	3057,62
533,61	2930,64
533,81	2990,03
534,02	2934,74
534,23	2953,17
534,43	2936,79
534,64	3051,47
534,84	2963,41
535,05	2985,94
535,26	3080,14
535,46	2977,75
535,67	3106,77
535,88	2891,73
536,08	3020,75
536,29	2957,27
536,49	2901,97
536,70	3024,85
536,91	2883,54
537,11	2942,93
537,32	2930,64
537,53	3069,91
537,73	3063,76
537,94	2932,69
538,14	3010,51
538,35	3002,32
538,56	3033,04
538,76	2883,54
538,97	3012,56
539,17	3051,47
539,38	3055,57
539,59	3016,66
539,79	2996,18
540,00	3039,19
540,20	3071,95
540,41	3008,47
540,62	3354,57
540,82	2930,64
541,03	3010,51
541,23	3069,91
541,44	2979,79
541,64	3026,90
541,85	2957,27
542,06	3035,09
542,26	3045,33
542,47	3020,75
542,67	3069,91
542,88	3106,77
543,08	3145,68
543,29	3088,34
543,50	2990,03
543,70	3166,16
543,91	3059,67
544,11	3059,67
544,32	3151,82
544,52	3082,19
544,73	3016,66
544,94	2992,08
545,14	2983,89
545,35	3047,38
545,55	3063,76
545,76	3086,29
545,96	3047,38
546,17	3065,81
546,37	3004,37
546,58	3145,68
546,78	3028,95
546,99	3127,25
547,20	3284,94
547,40	3065,81
547,61	3164,11
547,81	3112,91
548,02	3082,19
548,22	3155,92
548,43	3135,44
548,63	3149,78
548,84	3149,78
549,04	3155,92
549,25	3151,82
549,45	3186,64
549,66	3078,10
549,86	3174,35
550,07	3133,39
550,27	3094,48
550,48	3145,68
550,69	3162,06
550,89	3370,96
551,10	3049,43
551,30	3303,37
551,51	3090,38
551,71	3215,31
551,92	3221,45
552,12	3090,38
552,33	3074,00
552,53	3129,30
552,74	3258,32
552,94	3178,45
553,15	3139,54
553,35	3311,57
553,56	3278,80
553,76	3172,30
553,97	3170,26
554,17	3067,86
554,38	3286,99
554,58	3235,79
554,79	3096,53
554,99	3127,25
555,19	3196,88
555,40	3330,00
555,60	3307,47
555,81	3299,28
556,01	3303,37
556,22	3207,12
556,42	3315,66
556,63	3211,22
556,83	3368,91
557,04	3375,05
557,24	3401,68
557,45	3295,18
557,65	3346,38
557,86	3231,69
558,06	3432,40
558,27	3430,35
558,47	3393,48
558,67	3448,78
558,88	3428,30
559,08	3479,50
559,29	3428,30
559,49	3532,75
559,70	3370,96
559,90	3483,59
560,11	3522,51
560,31	3516,36
560,52	3575,75
560,72	3575,75
560,92	3700,68
561,13	3655,62
561,33	3717,06
561,54	3755,97
561,74	3758,02
561,95	3665,86
562,15	3887,04
562,35	3749,83
562,56	3848,13
562,76	3700,68
562,97	3860,42
563,17	4003,78
563,38	3942,34
563,58	3936,20
563,78	4028,35
563,99	4106,18
564,19	4011,97
564,40	4208,58
564,60	4151,23
564,80	4181,95
565,01	4323,26
565,21	4444,09
565,42	4538,30
565,62	4456,38
565,83	4556,73
566,03	4667,32
566,23	4687,80
566,44	4681,66
566,64	4808,63
566,85	4749,24
567,05	4872,12
567,25	4845,49
567,46	5214,13
567,66	5091,25
567,86	5226,42
568,07	5164,98
568,27	5398,45
568,48	5279,66
568,68	5406,64
568,88	5550,00
569,09	5713,83
569,29	5824,42
569,50	5844,90
569,70	6000,55
569,90	6100,90
570,11	6199,20
570,31	6023,08
570,51	6422,43
570,72	6430,62
570,92	6735,77
571,13	6696,86
571,33	6739,87
571,53	7024,53
571,74	7032,72
571,94	7079,83
572,14	7337,87
572,35	7329,68
572,55	7550,86
572,75	7651,21
572,96	7784,33
573,16	7964,55
573,36	8007,56
573,57	8318,85
573,77	8349,57
573,97	8507,26
574,18	8687,48
574,38	8789,88
574,59	8927,10
574,79	9117,56
574,99	9219,96
575,20	9449,33
575,40	9301,87
575,60	9842,54
575,81	10014,57
576,01	9924,46
576,21	10217,32
576,42	10489,70
576,62	10547,04
576,82	10706,78
577,02	10985,30
577,23	11214,68
577,43	11405,14
577,63	11519,82
577,84	11704,14
578,04	12105,54
578,24	12056,39
578,45	12566,34
578,65	12670,78
578,85	12957,50
579,06	13004,60
579,26	13162,30
579,46	13662,00
579,67	13797,17
579,87	14124,84
580,07	14319,40
580,27	14423,84
580,48	14903,07
580,68	15116,06
580,88	15492,88
581,09	15773,46
581,29	15951,63
581,49	16293,64
581,69	16408,33
581,90	17243,90
582,10	17346,30
582,30	17747,70
582,51	18097,90
582,71	18337,51
582,91	18972,38
583,11	19293,91
583,32	19336,92
583,52	19875,54
583,72	20338,38
583,93	20924,10
584,13	21067,45
584,33	21550,78
584,53	22351,53
584,74	22806,18
584,94	22808,23
585,14	23715,48
585,34	23801,49
585,55	24620,68
585,75	24997,51
585,95	25296,51
586,15	26093,17
586,36	26857,06
586,56	27223,65
586,76	27346,53
586,96	28165,71
587,17	28810,82
587,37	29363,78
587,57	29408,83
587,77	30217,78
587,98	30961,19
588,18	31297,06
588,38	32407,06
588,58	32865,80
588,79	33377,79
588,99	33570,30
589,19	33951,23
589,39	34569,71
589,60	34721,26
589,80	35743,20
590,00	35816,93
590,20	36349,40
590,40	36572,63
590,61	36875,73
590,81	37772,74
591,01	37717,44
591,21	37987,77
591,42	38000,06
591,62	38471,09
591,82	38606,26
592,02	39130,54
592,22	39316,90
592,43	39148,97
592,63	39767,46
592,83	39224,75
593,03	39615,91
593,23	39030,19
593,44	39447,97
593,64	39011,76
593,84	38776,24
594,04	39294,38
594,24	38612,40
594,45	38690,23
594,65	38473,14
594,85	38061,50
595,05	37404,10
595,25	36988,36
595,46	37137,87
595,66	36662,74
595,86	36257,24
596,06	35737,05
596,26	34962,92
596,46	34450,93
596,67	34176,50
596,87	33005,06
597,07	33058,31
597,27	32482,83
597,47	31491,62
597,67	31051,30
597,88	30594,61
598,08	30131,76
598,28	29257,28
598,48	28325,46
598,68	28069,46
598,88	27270,75
599,09	26508,91
599,29	25882,23
599,49	25286,27
599,69	24845,96
599,89	24100,50
600,09	23467,67
600,30	22929,06
600,50	22042,29
600,70	21503,67
600,90	20811,46
601,10	20324,04
601,30	19943,12
601,50	19312,35
601,71	18677,48
601,91	18265,83
602,11	17585,91
602,31	17202,94
602,51	16740,10
602,71	16115,47
602,91	15847,18
603,11	15417,11
603,32	14999,32
603,52	14450,47
603,72	14186,28
603,92	14008,11
604,12	13356,85
604,32	13002,55
604,52	12717,89
604,72	12502,85
604,93	12238,66
605,13	11822,92
605,33	11491,15
605,53	11183,96
605,73	11056,98
605,93	10889,05
606,13	10499,94
606,33	10424,16
606,53	9822,06
606,74	9719,66
606,94	9664,36
607,14	9324,40
607,34	9113,46
607,54	9023,35
607,74	8886,14
607,94	8300,42
608,14	8341,38
608,34	8269,70
608,54	8060,80
608,74	7970,69
608,95	7759,75
609,15	7681,93
609,35	7442,32
609,55	7307,15
609,75	7262,10
609,95	7165,84
610,15	6946,71
610,35	6768,54
610,55	6500,25
610,75	6653,85
610,95	6344,61
611,15	6418,33
611,35	6303,65
611,55	6236,06
611,76	6092,71
611,96	5830,57
612,16	5887,91
612,36	5765,03
612,56	5748,65
612,76	5664,68
612,96	5582,76
613,16	5547,95
613,36	5445,55
613,56	5353,39
613,76	5224,37
613,96	5101,49
614,16	4882,36
614,36	5033,91
614,56	4937,65
614,76	4902,84
614,96	4765,62
615,16	4700,09
615,36	4536,25
615,56	4673,46
615,76	4495,29
615,97	4575,16
616,17	4368,32
616,37	4460,48
616,57	4333,50
616,77	4315,07
616,97	4380,61
617,17	4184,00
617,37	4235,20
617,57	4048,83
617,77	4095,94
617,97	4089,79
618,17	4040,64
618,37	4014,02
618,57	4059,07
618,77	3921,86
618,97	3850,18
619,17	3727,30
619,37	3780,55
619,57	3743,69
619,77	3657,67
619,97	3684,30
620,17	3743,69
620,37	3690,44
620,57	3514,31
620,77	3657,67
620,97	3610,57
621,17	3487,69
621,37	3403,72
621,57	3432,40
621,77	3370,96
621,97	3459,02
622,17	3313,61
622,37	3327,95
622,57	3346,38
622,77	3286,99
622,97	3178,45
623,17	3262,41
623,37	3411,92
623,57	3282,89
623,77	3172,30
623,97	3209,17
624,16	3098,58
624,36	3168,21
624,56	3133,39
624,76	3086,29
624,96	3188,69
625,16	3155,92
625,36	3084,24
625,56	3006,42
625,76	3002,32
625,96	3133,39
626,16	3026,90
626,36	3039,19
626,56	3080,14
626,76	3022,80
626,96	2967,51
627,16	2949,08
627,36	2934,74
627,56	2963,41
627,76	2803,67
627,96	2920,40
628,16	2924,50
628,35	2990,03
628,55	2836,44
628,75	2846,68
628,95	2793,43
629,15	2828,24
629,35	2760,66
629,55	2836,44
629,75	2818,00
629,95	2832,34
630,15	2828,24
630,35	2701,27
630,55	2807,77
630,75	2785,24
630,95	2871,25
631,14	2811,86
631,34	2832,34
631,54	2750,42
631,74	2746,33
631,94	2727,89
632,14	2738,13
632,34	2666,46
632,54	2654,17
632,74	2656,22
632,94	2605,02
633,14	2840,53
633,33	2623,45
633,53	2637,78
633,73	2777,05
633,93	2641,88
634,13	2555,86
634,33	2629,59
634,53	2582,49
634,73	2629,59
634,93	2510,81
635,12	2600,92
635,32	2721,75
635,52	2553,82
635,72	2519,00
635,92	2465,75
636,12	2811,86
636,32	2539,48
636,52	2592,73
636,71	2578,39
636,91	2658,26
637,11	2559,96
637,31	2568,15
637,51	2537,43
637,71	2578,39
637,91	2410,46
638,11	2584,54
638,30	2512,86
638,50	2471,90
638,70	2555,86
638,90	2557,91
639,10	2549,72
639,30	2590,68
639,50	2553,82
639,69	2537,43
639,89	2471,90
640,09	2475,99
640,29	2457,56
640,49	2469,85
640,69	2471,90
640,88	2451,42
641,08	2451,42
641,28	2508,76
641,48	2502,62
641,68	2377,69
641,88	2469,85
642,07	2402,27
642,27	2549,72
642,47	2392,03
642,67	2484,19
642,87	2475,99
643,07	2478,04
643,26	2406,36
643,46	2539,48
643,66	2349,02
643,86	2527,19
644,06	2338,78
644,26	2508,76
644,45	2381,79
644,65	2359,26
644,85	2349,02
645,05	2404,32
645,25	2414,56
645,44	2375,64
645,64	2361,31
645,84	2340,83
646,04	2238,43
646,24	2422,75
646,43	2443,23
646,63	2389,98
646,83	2275,29
647,03	2365,40
647,23	2324,44
647,42	2355,16
647,62	2426,84
647,82	2375,64
648,02	2256,86
648,22	2426,84
648,41	2363,36
648,61	2248,67
648,81	2344,92
649,01	2303,96
649,20	2387,93
649,40	2312,16
649,60	2416,60
649,80	2328,54
650,00	2373,60
650,19	2162,66
650,39	2324,44
650,59	2287,58
650,79	2289,63
650,98	2277,34
651,18	2209,76
651,38	2351,07
651,58	2273,25
651,77	2203,61
651,97	2209,76
652,17	2285,53
652,37	2271,20
652,56	2179,04
652,76	2308,06
652,96	2322,40
653,16	2207,71
653,35	2189,28
653,55	2187,23
653,75	2248,67
653,95	2306,01
654,14	2209,76
654,34	2195,42
654,54	2248,67
654,74	2260,96
654,93	2240,48
655,13	2111,46
655,33	2076,64
655,52	2215,90
655,72	2222,05
655,92	2058,21
656,12	2150,37
656,31	2201,57
656,51	2230,24
656,71	2176,99
656,91	2228,19
657,10	2138,08
657,30	2133,98
657,50	2080,74
657,69	2181,09
657,89	2203,61
658,09	2222,05
658,29	2234,33
658,48	2185,18
658,68	2133,98
658,88	2220,00
659,07	2148,32
659,27	2168,80
659,47	2181,09
659,66	2273,25
659,86	2119,65
660,06	2172,89
660,26	2170,85
660,45	2250,72
660,65	2156,51
660,85	2213,85
661,04	2076,64
661,24	2164,70
661,44	1957,86
661,63	2150,37
661,83	2205,66
662,03	2088,93
662,22	2131,94
662,42	2193,37
662,62	2125,79
662,81	2068,45
663,01	2093,02
663,21	2220,00
663,40	2072,54
663,60	2156,51
663,80	2144,22
663,99	2213,85
664,19	2129,89
664,39	2191,33
664,58	2154,46
664,78	2123,74
664,98	2113,50
665,17	2103,26
665,37	2097,12
665,57	2201,57
665,76	2203,61
665,96	2109,41
666,16	2144,22
666,35	2156,51
666,55	2109,41
666,74	2142,18
666,94	2201,57
667,14	2052,06
667,33	2105,31
667,53	2074,59
667,73	2095,07
667,92	2125,79
668,12	2078,69
668,32	2170,85
668,51	2119,65
668,71	2105,31
668,90	2004,96
669,10	2056,16
669,30	2033,63
669,49	2084,83
669,69	2160,61
669,89	2023,39
670,08	2009,06
670,28	2258,91
670,47	2011,11
670,67	2111,46
670,87	2090,98
671,06	2156,51
671,26	2058,21
671,45	1976,29
671,65	2095,07
671,85	2062,30
672,04	2050,02
672,24	2009,06
672,43	2027,49
672,63	2088,93
672,83	2035,68
673,02	2031,58
673,22	2009,06
673,41	2074,59
673,61	1976,29
673,81	1992,67
674,00	2107,36
674,20	2017,25
674,39	1974,24
674,59	1986,53
674,78	1951,71
674,98	2179,04
675,18	2047,97
675,37	1990,63
675,57	2078,69
675,76	2131,94
675,96	2035,68
676,15	2062,30
676,35	1998,82
676,55	2037,73
676,74	2060,26
676,94	2027,49
677,13	1976,29
677,33	2097,12
677,52	2017,25
677,72	1964,00
677,91	1996,77
678,11	1978,34
678,31	2043,87
678,50	1961,95
678,70	1886,18
678,89	2142,18
679,09	2058,21
679,28	2000,87
679,48	2033,63
679,67	1949,67
679,87	2000,87
680,06	2224,09
680,26	2025,44
680,46	2080,74
680,65	1986,53
680,85	2021,35
681,04	1982,43
681,24	1916,90
681,43	1959,91
681,63	2058,21
681,82	2015,20
682,02	1898,47
682,21	1945,57
682,41	1947,62
682,60	2039,78
682,80	1974,24
682,99	2031,58
683,19	1949,67
683,38	1941,47
683,58	2080,74
683,77	1923,04
683,97	1972,19
684,16	2154,46
684,36	1925,09
684,55	2031,58
684,75	1865,70
684,94	2011,11
685,14	2017,25
685,33	1865,70
685,53	2019,30
685,72	1951,71
685,92	2017,25
686,11	1875,94
686,31	1910,75
686,50	1957,86
686,70	1857,51
686,89	1914,85
687,09	1853,41
687,28	1939,43
687,48	1898,47
687,67	1914,85
687,87	1900,52
688,06	1861,60
688,26	2017,25
688,45	1892,32
688,65	1832,93
688,84	1914,85
689,03	1890,28
689,23	1787,88
689,42	2011,11
689,62	1894,37
689,81	1990,63
690,01	1920,99
690,20	1894,37
690,40	1875,94
690,59	2088,93
690,79	1837,03
690,98	1906,66
691,17	1873,89
691,37	1933,28
691,56	1880,04
691,76	2050,02
691,95	1961,95
692,15	1894,37
692,34	1906,66
692,54	1912,80
692,73	1877,99
692,92	1949,67
693,12	1873,89
693,31	1794,02
693,51	1914,85
693,70	1931,23
693,90	1855,46
694,09	1875,94
694,28	1959,91
694,48	1935,33
694,67	1902,56
694,87	1972,19
695,06	1920,99
695,26	1892,32
695,45	1910,75
695,64	1882,08
695,84	1953,76
696,03	1873,89
696,23	1880,04
696,42	1890,28
696,61	1845,22
696,81	1906,66
697,00	1904,61
697,20	1949,67
697,39	1957,86
697,58	1810,40
697,78	1972,19
697,97	1961,95
698,17	1871,84
698,36	1869,80
698,55	1853,41
698,75	1992,67
698,94	1847,27
699,14	1751,01
699,33	1867,75
699,52	1914,85
699,72	1984,48
699,91	1986,53
700,10	1892,32
700,30	1912,80
700,49	1896,42
700,69	1877,99
700,88	1910,75
701,07	1751,01
701,27	1900,52
701,46	2086,88
701,65	1843,17
701,85	1828,84
702,04	2035,68
702,23	1851,36
702,43	1832,93
702,62	1927,14
702,82	1910,75
703,01	2043,87
703,20	1964,00
703,40	1951,71
703,59	1945,57
703,78	1951,71
703,98	1918,95
704,17	1908,71
704,36	1918,95
704,56	1937,38
704,75	1783,78
704,94	1847,27
705,14	1959,91
705,33	2017,25
705,52	1929,19
705,72	1877,99
705,91	1959,91
706,10	1877,99
706,30	1920,99
706,49	1927,14
706,68	1935,33
706,88	1918,95
707,07	1894,37
707,26	1857,51
707,46	1972,19
707,65	1982,43
707,84	1873,89
708,04	1888,23
708,23	1988,58
708,42	1886,18
708,62	1888,23
708,81	1896,42
709,00	2037,73
709,19	1894,37
709,39	1832,93
709,58	1920,99
709,77	1880,04
709,97	1990,63
710,16	1910,75
710,35	1945,57
710,55	1949,67
710,74	2017,25
710,93	1859,56
711,12	1994,72
711,32	1808,36
711,51	2009,06
711,70	1777,64
711,90	1865,70
712,09	1871,84
712,28	1918,95
712,47	1904,61
712,67	1898,47
712,86	1970,15
713,05	1974,24
713,24	1837,03
713,44	1949,67
713,63	1824,74
713,82	1837,03
714,02	1939,43
714,21	1996,77
714,40	1933,28
714,59	1929,19
714,79	1783,78
714,98	1861,60
715,17	1986,53
715,36	1890,28
715,56	1898,47
715,75	1937,38
715,94	1906,66
716,13	1830,88
716,33	1888,23
716,52	1900,52
716,71	1871,84
716,90	1896,42
717,10	1884,13
717,29	1857,51
717,48	1957,86
717,67	1863,65
717,87	1867,75
718,06	1818,60
718,25	1953,76
718,44	2031,58
718,63	1863,65
718,83	1843,17
719,02	1751,01
719,21	1839,08
719,40	1771,49
719,60	1775,59
719,79	1904,61
719,98	1867,75
720,17	1841,12
720,36	1865,70
720,56	1826,79
720,75	1773,54
720,94	1830,88
721,13	1912,80
721,33	1920,99
721,52	1851,36
721,71	1974,24
721,90	1906,66
722,09	1826,79
722,29	1830,88
722,48	1808,36
722,67	1832,93
722,86	1955,81
723,05	1843,17
723,24	1859,56
723,44	1886,18
723,63	1896,42
723,82	1775,59
724,01	1851,36
724,20	1886,18
724,40	1826,79
724,59	1873,89
724,78	1765,35
724,97	1804,26
725,16	1882,08
725,35	1896,42
725,55	1898,47
725,74	1818,60
725,93	1920,99
726,12	1898,47
726,31	1892,32
726,51	1910,75
726,70	1791,97
726,89	1837,03
727,08	1804,26
727,27	1937,38
727,46	1863,65
727,65	1847,27
727,85	1841,12
728,04	1898,47
728,23	1763,30
728,42	1886,18
728,61	1904,61
728,80	1816,55
729,00	1951,71
729,19	1984,48
729,38	1947,62
729,57	1851,36
729,76	1738,73
729,95	2009,06
730,14	1867,75
730,33	1894,37
730,53	1875,94
730,72	1880,04
730,91	1877,99
731,10	1920,99
731,29	1982,43
731,48	1961,95
731,67	1816,55
731,86	1884,13
732,06	1908,71
732,25	1791,97
732,44	1908,71
732,63	1855,46
732,82	1970,15
733,01	1908,71
733,20	1892,32
733,39	1861,60
733,59	1824,74
733,78	1816,55
733,97	1980,39
734,16	1939,43
734,35	2009,06
734,54	1886,18
734,73	1863,65
734,92	1789,92
735,11	1779,68
735,30	1875,94
735,49	1945,57
735,69	1982,43
735,88	1890,28
736,07	2029,54
736,26	1834,98
736,45	1941,47
736,64	1839,08
736,83	1953,76
737,02	1949,67
737,21	1873,89
737,40	1806,31
737,59	2047,97
737,78	1826,79
737,98	1834,98
738,17	1929,19
738,36	2009,06
738,55	1832,93
738,74	1865,70
738,93	1828,84
739,12	1812,45
739,31	1781,73
739,50	1828,84
739,69	2025,44
739,88	1869,80
740,07	1978,34
740,26	1912,80
740,45	1970,15
740,64	1947,62
740,83	1855,46
741,02	1812,45
741,22	1865,70
741,41	1890,28
741,60	1949,67
741,79	1828,84
741,98	1898,47
742,17	1824,74
742,36	1898,47
742,55	1845,22
742,74	2058,21
742,93	1914,85
743,12	1935,33
743,31	1908,71
743,50	1884,13
743,69	1845,22
743,88	1914,85
744,07	1867,75
744,26	2025,44
744,45	1908,71
744,64	1961,95
744,83	1949,67
745,02	1916,90
745,21	1882,08
745,40	1888,23
745,59	1949,67
745,78	2019,30
745,97	1871,84
746,16	1945,57
746,35	1925,09
746,54	1787,88
746,73	1873,89
746,92	1929,19
747,11	1779,68
747,30	1964,00
747,49	1935,33
747,68	1935,33
747,87	1875,94
748,06	1867,75
748,25	1992,67
748,44	1888,23
748,63	1935,33
748,82	1863,65
749,01	1869,80
749,20	1859,56
749,39	1894,37
749,58	1935,33
749,77	1824,74
749,96	1886,18
750,15	1951,71
750,34	1896,42
750,53	2031,58
750,72	1898,47
750,91	1857,51
751,10	1992,67
751,29	1869,80
751,48	1759,21
751,67	1783,78
751,86	1961,95
752,04	1935,33
752,23	1906,66
752,42	1832,93
752,61	1914,85
752,80	1798,12
752,99	1873,89
753,18	1863,65
753,37	1845,22
753,56	1755,11
753,75	1853,41
753,94	1763,30
754,13	1933,28
754,32	1892,32
754,51	1839,08
754,70	1964,00
754,89	1849,32
755,08	1892,32
755,27	1875,94
755,45	1871,84
755,64	1875,94
755,83	1896,42
756,02	1863,65
756,21	1759,21
756,40	1861,60
756,59	1791,97
756,78	1736,68
756,97	1822,69
757,16	1830,88
757,35	1880,04
757,54	1818,60
757,72	1890,28
757,91	1693,67
758,10	1814,50
758,29	1746,92
758,48	1818,60
758,67	1742,82
758,86	1810,40
759,05	1781,73
759,24	1873,89
759,43	1785,83
759,61	1642,47
759,80	1798,12
759,99	1791,97
760,18	1683,43
760,37	1730,53
760,56	1677,29
760,75	1800,16
760,94	1771,49
761,13	1810,40
761,31	1847,27
761,50	1679,33
761,69	1736,68
761,88	1769,44
762,07	1656,81
762,26	1785,83
762,45	1849,32
762,64	1728,49
762,82	1673,19
763,01	1875,94
763,20	1734,63
763,39	1800,16
763,58	1773,54
763,77	1689,57
763,96	1718,25
764,14	1730,53
764,33	1824,74
764,52	1736,68
764,71	1816,55
764,90	1800,16
765,09	1830,88
765,27	1796,07
765,46	1742,82
765,65	1728,49
765,84	1816,55
766,03	1877,99
766,22	1712,10
766,41	1820,64
766,59	1765,35
766,78	1888,23
766,97	1812,45
767,16	1824,74
767,35	1777,64
767,54	1851,36
767,72	1851,36
767,91	1789,92
768,10	1769,44
768,29	1789,92
768,48	1839,08
768,66	1751,01
768,85	1810,40
769,04	1787,88
769,23	1820,64
769,42	1843,17
769,61	1824,74
769,79	1834,98
769,98	1851,36
770,17	1845,22
770,36	1918,95
770,55	1851,36
770,73	1896,42
770,92	1867,75
771,11	1830,88
771,30	1822,69
771,49	1880,04
771,67	1912,80
771,86	1794,02
772,05	1859,56
772,24	1810,40
772,42	1802,21
772,61	1763,30
772,80	1765,35
772,99	1753,06
773,18	1812,45
773,36	1791,97
773,55	1761,25
773,74	1783,78
773,93	1789,92
774,11	1787,88
774,30	1798,12
774,49	1802,21
774,68	1861,60
774,87	1841,12
775,05	1677,29
775,24	1775,59
775,43	1837,03
775,62	1781,73
775,80	1857,51
775,99	1877,99
776,18	1873,89
776,37	1837,03
776,55	1828,84
776,74	1834,98
776,93	1832,93
777,12	1931,23
777,30	1814,50
777,49	1724,39
777,68	1814,50
777,87	1781,73
778,05	1779,68
778,24	1763,30
778,43	1783,78
778,62	1794,02
778,80	1900,52
778,99	1843,17
779,18	1794,02
779,36	1877,99
779,55	1791,97
779,74	1859,56
779,93	1832,93
780,11	1798,12
780,30	1740,77
780,49	1857,51
780,68	1851,36
780,86	1877,99
781,05	1814,50
781,24	1855,46
781,42	1822,69
781,61	1771,49
781,80	1794,02
781,98	1882,08
782,17	1929,19
782,36	1765,35
782,55	1693,67
782,73	1751,01
782,92	1900,52
783,11	1808,36
783,29	1697,77
783,48	1939,43
783,67	1843,17
783,85	1857,51
784,04	1910,75
784,23	1771,49
784,42	1800,16
784,60	1730,53
784,79	1941,47
784,98	1806,31
785,16	1853,41
785,35	1785,83
785,54	1816,55
785,72	1851,36
785,91	1759,21
786,10	1746,92
786,28	1839,08
786,47	1742,82
786,66	1742,82
786,84	1863,65
787,03	1929,19
787,22	1779,68
787,40	1751,01
787,59	1851,36
787,78	1853,41
787,96	1730,53
788,15	1875,94
788,34	1767,40
788,52	1824,74
788,71	1812,45
788,89	1773,54
789,08	1761,25
789,27	1898,47
789,45	1857,51
789,64	1693,67
789,83	1816,55
790,01	1742,82
790,20	1798,12
790,39	1740,77
790,57	1746,92
790,76	1787,88
790,95	1851,36
791,13	1841,12
791,32	1742,82
791,50	1888,23
791,69	1738,73
791,88	1818,60
792,06	1806,31
792,25	1882,08
792,43	1761,25
792,62	1839,08
792,81	1726,44
792,99	1714,15
793,18	1812,45
793,37	1771,49
793,55	1710,05
793,74	1820,64
793,92	1824,74
794,11	1763,30
794,30	1675,24
794,48	1791,97
794,67	1761,25
794,85	1736,68
795,04	1755,11
795,23	1802,21
795,41	1716,20
795,60	1796,07
795,78	1740,77
795,97	1898,47
796,15	1877,99
796,34	1785,83
796,53	1712,10
796,71	1828,84
796,90	1871,84
797,08	1718,25
797,27	1880,04
797,46	1802,21
797,64	1826,79
797,83	1863,65
798,01	1740,77
798,20	1865,70
798,38	1808,36
798,57	1748,97
798,76	1675,24
798,94	1783,78
799,13	1830,88
799,31	1769,44
799,50	1759,21
799,68	1683,43
799,87	1675,24
800,05	1798,12
800,24	1687,53
800,43	1701,86
800,61	1900,52
800,80	1775,59
800,98	1716,20
801,17	1742,82
801,35	1759,21
801,54	1783,78
801,72	1753,06
801,91	1814,50
802,09	1765,35
802,28	1738,73
802,46	1781,73
802,65	1769,44
802,84	1847,27
803,02	1837,03
803,21	1847,27
803,39	1722,34
803,58	1734,63
803,76	1869,80
803,95	1763,30
804,13	1734,63
804,32	1763,30
804,50	1847,27
804,69	1783,78
804,87	1693,67
805,06	1814,50
805,24	1867,75
805,43	1740,77
805,61	1832,93
805,80	1822,69
805,98	1748,97
806,17	1763,30
806,35	1710,05
806,54	1746,92
806,72	1718,25
806,91	1730,53
807,09	1742,82
807,28	1802,21
807,46	1820,64
807,65	1828,84
807,83	1673,19
808,02	1724,39
808,20	1820,64
808,39	1748,97
808,57	1765,35
808,76	1820,64
808,94	1859,56
809,13	1701,86
809,31	1789,92
809,49	1791,97
809,68	1732,58
809,86	1738,73
810,05	1718,25
810,23	1744,87
810,42	1808,36
810,60	1732,58
810,79	1644,52
810,97	1630,18
811,16	1771,49
811,34	1751,01
811,53	1740,77
811,71	1714,15
811,89	1742,82
812,08	1714,15
812,26	1660,90
812,45	1794,02
812,63	1736,68
812,82	1761,25
813,00	1648,61
813,19	1738,73
813,37	1701,86
813,55	1714,15
813,74	1681,38
813,92	1810,40
814,11	1701,86
814,29	1640,42
814,48	1787,88
814,66	1714,15
814,84	1785,83
815,03	1728,49
815,21	1658,85
815,40	1794,02
815,58	1736,68
815,77	1771,49
815,95	1714,15
816,13	1728,49
816,32	1806,31
816,50	1832,93
816,69	1701,86
816,87	1667,05
817,05	1742,82
817,24	1783,78
817,42	1716,20
817,61	1679,33
817,79	1791,97
817,97	1697,77
818,16	1683,43
818,34	1869,80
818,53	1656,81
818,71	1744,87
818,89	1613,80
819,08	1716,20
819,26	1689,57
819,45	1755,11
819,63	1732,58
819,81	1781,73
820,00	1871,84
820,18	1687,53
820,36	1808,36
820,55	1679,33
820,73	1648,61
820,92	1683,43
821,10	1763,30
821,28	1695,72
821,47	1837,03
821,65	1748,97
821,83	1869,80
822,02	1650,66
822,20	1738,73
822,39	1699,81
822,57	1652,71
822,75	1744,87
822,94	1613,80
823,12	1785,83
823,30	1632,23
823,49	1753,06
823,67	1695,72
823,85	1726,44
824,04	1695,72
824,22	1703,91
824,40	1781,73
824,59	1755,11
824,77	1769,44
824,95	1718,25
825,14	1757,16
825,32	1751,01
825,50	1744,87
825,69	1724,39
825,87	1796,07
826,05	1714,15
826,24	1761,25
826,42	1720,29
826,60	1722,34
826,79	1697,77
826,97	1705,96
827,15	1695,72
827,34	1693,67
827,52	1683,43
827,70	1621,99
827,89	1615,85
828,07	1703,91
828,25	1810,40
828,44	1812,45
828,62	1646,57
828,80	1699,81
828,98	1783,78
829,17	1701,86
829,35	1738,73
829,53	1740,77
829,72	1812,45
829,90	1654,76
830,08	1609,70
830,27	1697,77
830,45	1818,60
830,63	1847,27
830,81	1712,10
831,00	1695,72
831,18	1673,19
831,36	1734,63
831,55	1695,72
831,73	1646,57
831,91	1648,61
832,09	1755,11
832,28	1728,49
832,46	1597,42
832,64	1765,35
832,82	1658,85
833,01	1806,31
833,19	1703,91
833,37	1691,62
833,55	1632,23
833,74	1726,44
833,92	1720,29
834,10	1687,53
834,29	1691,62
834,47	1640,42
834,65	1693,67
834,83	1570,79
835,02	1691,62
835,20	1722,34
835,38	1802,21
835,56	1779,68
835,75	1785,83
835,93	1726,44
836,11	1742,82
836,29	1636,33
836,47	1724,39
836,66	1681,38
836,84	1796,07
837,02	1650,66
837,20	1714,15
837,39	1751,01
837,57	1656,81
837,75	1662,95
837,93	1734,63
838,12	1626,09
838,30	1634,28
838,48	1693,67
838,66	1773,54
838,84	1769,44
839,03	1892,32
839,21	1650,66
839,39	1775,59
839,57	1839,08
839,75	1742,82
839,94	1736,68
840,12	1667,05
840,30	1691,62
840,48	1777,64
840,66	1734,63
840,85	1648,61
841,03	1619,94
841,21	1759,21
841,39	1755,11
841,57	1615,85
841,76	1742,82
841,94	1730,53
842,12	1732,58
842,30	1671,14
842,48	1712,10
842,67	1679,33
842,85	1736,68
843,03	1753,06
843,21	1757,16
843,39	1697,77
843,57	1636,33
843,76	1681,38
843,94	1671,14
844,12	1644,52
844,30	1595,37
844,48	1761,25
844,66	1710,05
844,85	1691,62
845,03	1671,14
845,21	1714,15
845,39	1822,69
845,57	1691,62
845,75	1654,76
845,94	1667,05
846,12	1673,19
846,30	1710,05
846,48	1591,27
846,66	1738,73
846,84	1646,57
847,02	1757,16
847,21	1669,09
847,39	1650,66
847,57	1669,09
847,75	1679,33
847,93	1560,55
848,11	1660,90
848,29	1654,76
848,48	1615,85
848,66	1697,77
848,84	1671,14
849,02	1640,42
849,20	1556,46
849,38	1787,88
849,56	1705,96
849,74	1736,68
849,93	1775,59
850,11	1689,57
850,29	1624,04
850,47	1669,09
850,65	1712,10
850,83	1683,43
851,01	1652,71
851,19	1751,01
851,37	1611,75
851,56	1746,92
851,74	1634,28
851,92	1609,70
852,10	1617,90
852,28	1640,42
852,46	1681,38
852,64	1691,62
852,82	1671,14
853,00	1701,86
853,18	1697,77
853,37	1716,20
853,55	1638,38
853,73	1708,01
853,91	1687,53
854,09	1611,75
854,27	1695,72
854,45	1712,10
854,63	1677,29
854,81	1677,29
854,99	1683,43
855,17	1550,31
855,35	1640,42
855,53	1640,42
855,72	1646,57
855,90	1675,24
856,08	1681,38
856,26	1716,20
856,44	1814,50
856,62	1583,08
856,80	1640,42
856,98	1611,75
857,16	1695,72
857,34	1679,33
857,52	1751,01
857,70	1701,86
857,88	1734,63
858,06	1753,06
858,24	1626,09
858,42	1761,25
858,60	1734,63
858,78	1654,76
858,96	1619,94
859,15	1681,38
859,33	1640,42
859,51	1714,15
859,69	1636,33
859,87	1687,53
860,05	1632,23
860,23	1705,96
860,41	1648,61
860,59	1683,43
860,77	1671,14
860,95	1665,00
861,13	1636,33
861,31	1621,99
861,49	1583,08
861,67	1726,44
861,85	1746,92
862,03	1812,45
862,21	1662,95
862,39	1656,81
862,57	1767,40
862,75	1648,61
862,93	1646,57
863,11	1728,49
863,29	1591,27
863,47	1632,23
863,65	1634,28
863,83	1662,95
864,01	1675,24
864,19	1585,13
864,37	1630,18
864,55	1669,09
864,73	1728,49
864,91	1593,32
865,09	1753,06
865,27	1593,32
865,45	1617,90
865,63	1660,90
865,81	1621,99
865,99	1675,24
866,17	1679,33
866,35	1681,38
866,53	1742,82
866,71	1652,71
866,89	1626,09
867,07	1703,91
867,24	1683,43
867,42	1634,28
867,60	1675,24
867,78	1595,37
867,96	1615,85
868,14	1632,23
868,32	1742,82
868,50	1728,49
868,68	1626,09
868,86	1718,25
869,04	1615,85
869,22	1617,90
869,40	1628,14
869,58	1624,04
869,76	1693,67
869,94	1605,61
870,12	1576,94
870,30	1685,48
870,48	1714,15
870,66	1632,23
870,83	1615,85
871,01	1703,91
871,19	1538,02
871,37	1640,42
871,55	1617,90
871,73	1650,66
871,91	1726,44
872,09	1603,56
872,27	1642,47
872,45	1621,99
872,63	1564,65
872,81	1642,47
872,98	1712,10
873,16	1683,43
873,34	1609,70
873,52	1646,57
873,70	1673,19
873,88	1716,20
874,06	1570,79
874,24	1640,42
874,42	1556,46
874,60	1634,28
874,78	1589,22
874,95	1619,94
875,13	1617,90
875,31	1662,95
875,49	1730,53
875,67	1665,00
875,85	1644,52
876,03	1599,46
876,21	1669,09
876,39	1660,90
876,56	1566,70
876,74	1546,22
876,92	1703,91
877,10	1681,38
877,28	1619,94
877,46	1656,81
877,64	1794,02
877,82	1695,72
877,99	1609,70
878,17	1671,14
878,35	1615,85
878,53	1728,49
878,71	1726,44
878,89	1605,61
879,07	1603,56
879,24	1697,77
879,42	1728,49
879,60	1615,85
879,78	1779,68
879,96	1576,94
880,14	1738,73
880,32	1609,70
880,49	1611,75
880,67	1689,57
880,85	1658,85
881,03	1624,04
881,21	1660,90
881,39	1667,05
881,56	1624,04
881,74	1578,98
881,92	1689,57
882,10	1712,10
882,28	1728,49
882,46	1697,77
882,63	1578,98
882,81	1540,07
882,99	1667,05
883,17	1636,33
883,35	1695,72
883,52	1753,06
883,70	1632,23
883,88	1576,94
884,06	1609,70
884,24	1656,81
884,42	1728,49
884,59	1638,38
884,77	1648,61
884,95	1667,05
885,13	1683,43
885,31	1581,03
885,48	1677,29
885,66	1650,66
885,84	1638,38
886,02	1675,24
886,20	1763,30
886,37	1648,61
886,55	1724,39
886,73	1724,39
886,91	1658,85
887,08	1646,57
887,26	1685,48
887,44	1660,90
887,62	1564,65
887,80	1687,53
887,97	1691,62
888,15	1685,48
888,33	1646,57
888,51	1621,99
888,68	1740,77
888,86	1652,71
889,04	1652,71
889,22	1699,81
889,40	1564,65
889,57	1650,66
889,75	1738,73
889,93	1650,66
890,11	1581,03
890,28	1710,05
890,46	1705,96
890,64	1658,85
890,82	1740,77
890,99	1787,88
891,17	1554,41
891,35	1667,05
891,53	1673,19
891,70	1558,50
891,88	1589,22
892,06	1677,29
892,24	1566,70
892,41	1626,09
892,59	1642,47
892,77	1589,22
892,94	1667,05
893,12	1650,66
893,30	1556,46
893,48	1679,33
893,65	1746,92
893,83	1652,71
894,01	1662,95
894,19	1634,28
894,36	1677,29
894,54	1617,90
894,72	1636,33
894,89	1624,04
895,07	1591,27
895,25	1677,29
895,43	1554,41
895,60	1689,57
895,78	1705,96
895,96	1581,03
896,13	1665,00
896,31	1673,19
896,49	1671,14
896,66	1556,46
896,84	1652,71
897,02	1687,53
897,20	1589,22
897,37	1624,04
897,55	1591,27
897,73	1697,77
897,90	1648,61
898,08	1662,95
898,26	1697,77
898,43	1626,09
898,61	1619,94
898,79	1552,36
898,96	1671,14
899,14	1486,83
899,32	1671,14
899,49	1546,22
899,67	1640,42
899,85	1665,00
900,02	1697,77
900,20	1628,14
900,38	1634,28
900,55	1701,86
900,73	1765,35
900,91	1572,84
901,08	1615,85
901,26	1646,57
901,44	1599,46
901,61	1615,85
901,79	1673,19
901,97	1642,47
902,14	1566,70
902,32	1658,85
902,50	1632,23
902,67	1634,28
902,85	1617,90
903,02	1648,61
903,20	1583,08
903,38	1564,65
903,55	1497,07
903,73	1583,08
903,91	1578,98
904,08	1642,47
904,26	1671,14
904,44	1681,38
904,61	1531,88
904,79	1591,27
904,96	1615,85
905,14	1650,66
905,32	1617,90
905,49	1638,38
905,67	1583,08
905,84	1576,94
906,02	1644,52
906,20	1658,85
906,37	1755,11
906,55	1667,05
906,73	1603,56
906,90	1675,24
907,08	1632,23
907,25	1578,98
907,43	1679,33
907,61	1566,70
907,78	1617,90
907,96	1531,88
908,13	1693,67
908,31	1703,91
908,48	1578,98
908,66	1646,57
908,84	1679,33
909,01	1759,21
909,19	1683,43
909,36	1550,31
909,54	1599,46
909,72	1599,46
909,89	1556,46
910,07	1548,26
910,24	1693,67
910,42	1667,05
910,59	1550,31
910,77	1589,22
910,95	1589,22
911,12	1568,74
911,30	1581,03
911,47	1587,18
911,65	1611,75
911,82	1585,13
912,00	1605,61
912,17	1591,27
912,35	1583,08
912,53	1683,43
912,70	1658,85
912,88	1568,74
913,05	1660,90
913,23	1611,75
913,40	1654,76
913,58	1564,65
913,75	1693,67
913,93	1611,75
914,10	1617,90
914,28	1630,18
914,46	1583,08
914,63	1556,46
914,81	1595,37
914,98	1564,65
915,16	1595,37
915,33	1513,45
915,51	1648,61
915,68	1705,96
915,86	1636,33
916,03	1480,68
916,21	1531,88
916,38	1675,24
916,56	1626,09
916,73	1642,47
916,91	1677,29
917,08	1609,70
917,26	1693,67
917,43	1642,47
917,61	1572,84
917,78	1687,53
917,96	1576,94
918,13	1617,90
918,31	1587,18
918,48	1531,88
918,66	1570,79
918,83	1712,10
919,01	1607,66
919,18	1548,26
919,36	1574,89
919,53	1689,57
919,71	1765,35
919,88	1624,04
920,06	1589,22
920,23	1593,32
920,41	1605,61
920,58	1572,84
920,76	1562,60
920,93	1697,77
921,11	1607,66
921,28	1558,50
921,45	1638,38
921,63	1613,80
921,80	1628,14
921,98	1570,79
922,15	1587,18
922,33	1615,85
922,50	1673,19
922,68	1656,81
922,85	1566,70
923,03	1660,90
923,20	1662,95
923,38	1609,70
923,55	1669,09
923,72	1548,26
923,90	1736,68
924,07	1583,08
924,25	1609,70
924,42	1699,81
924,60	1568,74
924,77	1603,56
924,95	1667,05
925,12	1650,66
925,29	1693,67
925,47	1667,05
925,64	1472,49
925,82	1619,94
925,99	1605,61
926,17	1679,33
926,34	1654,76
926,51	1593,32
926,69	1687,53
926,86	1673,19
927,04	1576,94
927,21	1636,33
927,38	1546,22
927,56	1576,94
927,73	1689,57
927,91	1615,85
928,08	1708,01
928,25	1636,33
928,43	1630,18
928,60	1570,79
928,78	1533,93
928,95	1603,56
929,12	1597,42
929,30	1640,42
929,47	1650,66
929,65	1501,16
929,82	1499,11
929,99	1619,94
930,17	1505,26
930,34	1634,28
930,52	1613,80
930,69	1621,99
930,86	1599,46
931,04	1554,41
931,21	1464,30
931,38	1662,95
931,56	1578,98
931,73	1654,76
931,91	1601,51
932,08	1523,69
932,25	1662,95
932,43	1591,27
932,60	1544,17
932,77	1607,66
932,95	1587,18
933,12	1605,61
933,29	1550,31
933,47	1675,24
933,64	1556,46
933,82	1529,83
933,99	1548,26
934,16	1566,70
934,34	1665,00
934,51	1578,98
934,68	1574,89
934,86	1597,42
935,03	1495,02
935,20	1523,69
935,38	1564,65
935,55	1611,75
935,72	1650,66
935,90	1531,88
936,07	1540,07
936,24	1574,89
936,42	1597,42
936,59	1671,14
936,76	1697,77
936,94	1511,40
937,11	1619,94
937,28	1521,64
937,46	1517,54
937,63	1609,70
937,80	1589,22
937,97	1650,66
938,15	1605,61
938,32	1556,46
938,49	1593,32
938,67	1566,70
938,84	1708,01
939,01	1599,46
939,19	1591,27
939,36	1605,61
939,53	1603,56
939,70	1581,03
939,88	1564,65
940,05	1687,53
940,22	1583,08
940,40	1619,94
940,57	1650,66
940,74	1585,13
940,92	1591,27
941,09	1574,89
941,26	1546,22
941,43	1597,42
941,61	1538,02
941,78	1558,50
941,95	1636,33
942,12	1507,30
942,30	1613,80
942,47	1642,47
942,64	1511,40
942,82	1675,24
942,99	1697,77
943,16	1515,50
943,33	1671,14
943,51	1531,88
943,68	1566,70
943,85	1546,22
944,02	1521,64
944,20	1642,47
944,37	1572,84
944,54	1656,81
944,71	1628,14
944,89	1652,71
945,06	1554,41
945,23	1576,94
945,40	1587,18
945,58	1648,61
945,75	1509,35
945,92	1685,48
946,09	1669,09
946,27	1578,98
946,44	1587,18
946,61	1638,38
946,78	1564,65
946,95	1552,36
947,13	1574,89
947,30	1517,54
947,47	1589,22
947,64	1529,83
947,82	1521,64
947,99	1605,61
948,16	1605,61
948,33	1628,14
948,50	1527,78
948,68	1599,46
948,85	1556,46
949,02	1564,65
949,19	1583,08
949,36	1617,90
949,54	1621,99
949,71	1697,77
949,88	1585,13
950,05	1574,89
950,22	1523,69
950,40	1546,22
950,57	1517,54
950,74	1738,73
950,91	1583,08
951,08	1638,38
951,26	1597,42
951,43	1587,18
951,60	1564,65
951,77	1648,61
951,94	1699,81
952,11	1550,31
952,29	1644,52
952,46	1568,74
952,63	1650,66
952,80	1648,61
952,97	1609,70
953,15	1611,75
953,32	1624,04
953,49	1570,79
953,66	1583,08
953,83	1538,02
954,00	1552,36
954,17	1501,16
954,35	1769,44
954,52	1544,17
954,69	1605,61
954,86	1714,15
955,03	1667,05
955,20	1619,94
955,38	1638,38
955,55	1624,04
955,72	1638,38
955,89	1513,45
956,06	1548,26
956,23	1513,45
956,40	1593,32
956,58	1503,21
956,75	1509,35
956,92	1488,87
957,09	1589,22
957,26	1638,38
957,43	1507,30
957,60	1595,37
957,77	1619,94
957,95	1599,46
958,12	1630,18
958,29	1628,14
958,46	1726,44
958,63	1495,02
958,80	1572,84
958,97	1660,90
959,14	1574,89
959,31	1617,90
959,49	1562,60
959,66	1603,56
959,83	1581,03
960,00	1519,59
960,17	1581,03
960,34	1671,14
960,51	1533,93
960,68	1701,86
960,85	1642,47
961,02	1488,87
961,20	1652,71
961,37	1585,13
961,54	1613,80
961,71	1615,85
961,88	1552,36
962,05	1581,03
962,22	1611,75
962,39	1531,88
962,56	1538,02
962,73	1560,55
962,90	1546,22
963,07	1640,42
963,24	1599,46
963,42	1540,07
963,59	1595,37
963,76	1607,66
963,93	1677,29
964,10	1546,22
964,27	1609,70
964,44	1679,33
964,61	1611,75
964,78	1613,80
964,95	1636,33
965,12	1550,31
965,29	1628,14
965,46	1564,65
965,63	1638,38
965,80	1583,08
965,97	1515,50
966,14	1578,98
966,31	1619,94
966,48	1732,58
966,66	1697,77
966,83	1617,90
967,00	1601,51
967,17	1574,89
967,34	1572,84
967,51	1611,75
967,68	1581,03
967,85	1540,07
968,02	1720,29
968,19	1546,22
968,36	1646,57
968,53	1566,70
968,70	1538,02
968,87	1505,26
969,04	1654,76
969,21	1568,74
969,38	1718,25
969,55	1546,22
969,72	1572,84
969,89	1689,57
970,06	1587,18
970,23	1578,98
970,40	1574,89
970,57	1544,17
970,74	1652,71
970,91	1568,74
971,08	1583,08
971,25	1595,37
971,42	1667,05
971,59	1597,42
971,76	1531,88
971,93	1601,51
972,10	1558,50
972,27	1538,02
972,44	1546,22
972,61	1581,03
972,78	1523,69
972,95	1619,94
973,12	1671,14
973,29	1542,12
973,46	1581,03
973,63	1634,28
973,80	1673,19
973,97	1540,07
974,14	1693,67
974,30	1589,22
974,47	1595,37
974,64	1611,75
974,81	1597,42
974,98	1656,81
975,15	1556,46
975,32	1568,74
975,49	1613,80
975,66	1570,79
975,83	1660,90
976,00	1603,56
976,17	1554,41
976,34	1533,93
976,51	1591,27
976,68	1601,51
976,85	1595,37
977,02	1617,90
977,19	1597,42
977,36	1525,74
977,52	1652,71
977,69	1597,42
977,86	1665,00
978,03	1634,28
978,20	1689,57
978,37	1535,98
978,54	1587,18
978,71	1683,43
978,88	1667,05
979,05	1552,36
979,22	1595,37
979,39	1638,38
979,56	1525,74
979,72	1556,46
979,89	1599,46
980,06	1628,14
980,23	1679,33
980,40	1603,56
980,57	1546,22
980,74	1599,46
980,91	1499,11
981,08	1562,60
981,25	1630,18
981,41	1628,14
981,58	1413,10
981,75	1533,93
981,92	1615,85
982,09	1646,57
982,26	1542,12
982,43	1503,21
982,60	1619,94
982,77	1527,78
982,93	1517,54
983,10	1576,94
983,27	1581,03
983,44	1591,27
983,61	1660,90
983,78	1607,66
983,95	1454,06
984,11	1570,79
984,28	1677,29
984,45	1568,74
984,62	1572,84
984,79	1556,46
984,96	1660,90
985,13	1617,90
985,30	1585,13
985,46	1517,54
985,63	1562,60
985,80	1632,23
985,97	1505,26
986,14	1501,16
986,31	1658,85
986,47	1474,54
986,64	1495,02
986,81	1560,55
986,98	1531,88
987,15	1640,42
987,32	1640,42
987,48	1601,51
987,65	1540,07
987,82	1587,18
987,99	1611,75
988,16	2064,35
988,33	1738,73
988,49	1597,42
988,66	1558,50
988,83	1511,40
989,00	1681,38
989,17	1490,92
989,34	1603,56
989,50	1574,89
989,67	1562,60
989,84	1497,07
990,01	1558,50
990,18	1624,04
990,34	1642,47
990,51	1548,26
990,68	1634,28
990,85	1730,53
991,02	1652,71
991,18	1570,79
991,35	1503,21
991,52	1611,75
991,69	1566,70
991,86	1564,65
992,02	1583,08
992,19	1452,01
992,36	1667,05
992,53	1570,79
992,69	1605,61
992,86	1574,89
993,03	1644,52
993,20	1474,54
993,37	1665,00
993,53	1644,52
993,70	1562,60
993,87	1529,83
994,04	1556,46
994,20	1550,31
994,37	1583,08
994,54	1560,55
994,71	1533,93
994,87	1548,26
995,04	1607,66
995,21	1562,60
995,38	1609,70
995,55	1572,84
995,71	1505,26
995,88	1617,90
996,05	1599,46
996,22	1687,53
996,38	1644,52
996,55	1558,50
996,72	1535,98
996,88	1662,95
997,05	2656,22
997,22	1587,18
997,39	1515,50
997,55	1607,66
997,72	1599,46
997,89	1578,98
998,06	1574,89
998,22	1554,41
998,39	1540,07
998,56	1558,50
998,73	1581,03
998,89	1529,83
999,06	1503,21
999,23	1595,37
999,39	1581,03
999,56	1705,96
999,73	1560,55
999,90	1560,55
1000,06	1613,80
1000,23	1595,37
1000,40	1621,99
1000,56	1660,90
1000,73	1542,12
1000,90	1587,18
1001,06	1654,76
1001,23	1540,07
1001,40	1527,78
1001,57	1658,85
1001,73	1540,07
1001,90	1564,65
1002,07	1613,80
1002,23	1519,59
1002,40	1570,79
1002,57	1560,55
1002,73	1591,27
1002,90	1531,88
1003,07	1556,46
1003,23	1581,03
1003,40	1486,83
1003,57	1531,88
1003,73	1566,70
1003,90	1632,23
1004,07	1548,26
1004,23	1538,02
1004,40	1615,85
1004,57	1511,40
1004,73	1480,68
1004,90	1662,95
1005,07	1626,09
1005,23	1568,74
1005,40	1560,55
1005,57	1552,36
1005,73	1626,09
1005,90	1515,50
1006,07	1681,38
1006,23	1671,14
1006,40	1529,83
1006,57	1501,16
1006,73	1574,89
1006,90	1581,03
1007,06	1572,84
1007,23	1552,36
1007,40	1474,54
1007,56	1615,85
1007,73	1697,77
1007,90	1628,14
1008,06	1589,22
1008,23	1624,04
1008,40	1638,38
1008,56	1593,32
1008,73	1531,88
1008,89	1572,84
1009,06	1724,39
1009,23	1613,80
1009,39	1605,61
1009,56	1490,92
1009,72	1669,09
1009,89	1595,37
1010,06	1574,89
1010,22	1542,12
1010,39	1527,78
1010,55	1589,22
1010,72	1615,85
1010,89	1513,45
1011,05	1624,04
1011,22	1581,03
1011,38	1540,07
1011,55	1562,60
1011,72	1488,87
1011,88	1576,94
1012,05	1613,80
1012,21	1574,89
1012,38	1564,65
1012,55	1605,61
1012,71	1488,87
1012,88	1581,03
1013,04	1626,09
1013,21	1548,26
1013,37	1521,64
1013,54	1566,70
1013,71	1566,70
1013,87	1585,13
1014,04	1613,80
1014,20	1607,66
1014,37	1521,64
1014,53	1576,94
1014,70	1538,02
1014,87	1562,60
1015,03	1667,05
1015,20	1578,98
1015,36	1665,00
1015,53	1576,94
1015,69	1583,08
1015,86	1564,65
1016,02	1681,38
1016,19	1648,61
1016,36	1533,93
1016,52	1599,46
1016,69	1611,75
1016,85	1628,14
1017,02	1572,84
1017,18	1556,46
1017,35	1540,07
1017,51	1589,22
1017,68	1701,86
1017,84	1552,36
1018,01	1531,88
1018,17	1615,85
1018,34	1728,49
1018,50	1591,27
1018,67	1449,96
1018,84	1648,61
1019,00	1581,03
1019,17	1603,56
1019,33	1619,94
1019,50	1607,66
1019,66	1597,42
1019,83	1497,07
1019,99	1671,14
1020,16	1449,96
1020,32	1587,18
1020,49	1591,27
1020,65	1597,42
1020,82	1652,71
1020,98	1585,13
1021,15	1503,21
1021,31	1599,46
1021,48	1578,98
1021,64	1669,09
1021,81	1621,99
1021,97	1585,13
1022,14	1572,84
1022,30	1589,22
1022,47	1603,56
1022,63	1564,65
1022,79	1597,42
1022,96	1562,60
1023,12	1613,80
1023,29	1540,07
1023,45	1697,77
1023,62	1615,85
1023,78	1540,07
1023,95	1621,99
1024,11	1599,46
1024,28	1552,36
1024,44	1538,02
1024,61	1490,92
1024,77	1609,70
1024,94	1593,32
1025,10	1574,89
1025,26	1527,78
1025,43	1601,51
1025,59	1615,85
1025,76	1593,32
1025,92	1497,07
1026,09	1550,31
1026,25	1632,23
1026,42	1562,60
1026,58	1560,55
1026,74	1646,57
1026,91	1638,38
1027,07	1566,70
1027,24	1650,66
1027,40	1472,49
1027,57	1654,76
1027,73	1572,84
1027,90	1609,70
1028,06	1630,18
1028,22	1599,46
1028,39	1562,60
1028,55	1624,04
1028,72	1538,02
1028,88	1687,53
1029,04	1529,83
1029,21	1572,84
1029,37	1566,70
1029,54	1605,61
1029,70	1589,22
1029,87	1540,07
1030,03	1462,25
1030,19	1699,81
1030,36	1585,13
1030,52	1583,08
1030,69	1507,30
1030,85	1492,97
1031,01	1634,28
1031,18	1599,46
1031,34	1660,90
1031,50	1564,65
1031,67	1601,51
1031,83	1624,04
1032,00	1525,74
1032,16	1640,42
1032,32	1578,98
1032,49	1619,94
1032,65	1644,52
1032,82	1617,90
1032,98	1656,81
1033,14	1533,93
1033,31	1621,99
1033,47	1611,75
1033,63	1546,22
1033,80	1626,09
1033,96	1529,83
1034,13	1611,75
1034,29	1642,47
1034,45	1583,08
1034,62	1583,08
1034,78	1689,57
1034,94	1640,42
1035,11	1605,61
1035,27	1433,58
1035,43	1613,80
1035,60	1671,14
1035,76	1554,41
1035,92	1566,70
1036,09	1517,54
1036,25	1630,18
1036,41	1599,46
1036,58	1683,43
1036,74	1636,33
1036,90	1486,83
1037,07	1474,54
1037,23	1630,18
1037,39	1558,50
1037,56	1542,12
1037,72	1574,89
1037,88	1521,64
1038,05	1507,30
1038,21	1597,42
1038,37	1599,46
1038,54	1570,79
1038,70	1642,47
1038,86	1634,28
1039,03	1609,70
1039,19	1578,98
1039,35	1566,70
1039,52	1527,78
1039,68	1568,74
1039,84	1593,32
1040,00	1611,75
1040,17	1626,09
1040,33	1593,32
1040,49	1578,98
1040,66	1587,18
1040,82	1556,46
1040,98	1533,93
1041,15	1568,74
1041,31	1603,56
1041,47	1578,98
1041,63	1501,16
1041,80	1521,64
1041,96	1665,00
1042,12	1546,22
1042,29	1640,42
1042,45	1607,66
1042,61	1501,16
1042,77	1560,55
1042,94	1583,08
1043,10	1726,44
1043,26	1552,36
1043,42	1646,57
1043,59	1624,04
1043,75	1585,13
1043,91	1589,22
1044,07	1556,46
1044,24	1540,07
1044,40	1626,09
