345,22	1366,00
345,44	1366,00
345,66	1366,00
345,88	1376,24
346,10	1411,05
346,32	1544,17
346,54	1636,33
346,75	1535,98
346,97	1495,02
347,19	1562,60
347,41	1607,66
347,63	1572,84
347,85	1554,41
348,07	1546,22
348,29	1683,43
348,51	1560,55
348,73	1597,42
348,95	1544,17
349,16	1615,85
349,38	1527,78
349,60	1595,37
349,82	1562,60
350,04	1521,64
350,26	1636,33
350,48	1630,18
350,70	1605,61
350,92	1601,51
351,14	1677,29
351,35	1638,38
351,57	1589,22
351,79	1634,28
352,01	1478,63
352,23	1574,89
352,45	1611,75
352,67	1630,18
352,89	1619,94
353,10	1595,37
353,32	1548,26
353,54	1613,80
353,76	1617,90
353,98	1687,53
354,20	1677,29
354,42	1505,26
354,64	1574,89
354,85	1687,53
355,07	1603,56
355,29	1632,23
355,51	1544,17
355,73	1578,98
355,95	1535,98
356,17	1617,90
356,38	1501,16
356,60	1542,12
356,82	1589,22
357,04	1538,02
357,26	1538,02
357,48	1675,24
357,69	1624,04
357,91	1599,46
358,13	1642,47
358,35	1644,52
358,57	1632,23
358,79	1652,71
359,01	1603,56
359,22	1611,75
359,44	1677,29
359,66	1628,14
359,88	1564,65
360,10	1544,17
360,32	1480,68
360,53	1570,79
360,75	1693,67
360,97	1638,38
361,19	1583,08
361,41	1581,03
361,62	1695,72
361,84	1609,70
362,06	1544,17
362,28	1552,36
362,50	1605,61
362,72	1572,84
362,93	1529,83
363,15	1542,12
363,37	1646,57
363,59	1566,70
363,81	1488,87
364,02	1654,76
364,24	1511,40
364,46	1720,29
364,68	1552,36
364,90	1699,81
365,11	1638,38
365,33	1626,09
365,55	1570,79
365,77	1587,18
365,99	1525,74
366,20	1681,38
366,42	1535,98
366,64	1595,37
366,86	1640,42
367,07	1654,76
367,29	1556,46
367,51	1529,83
367,73	1472,49
367,95	1632,23
368,16	1607,66
368,38	1667,05
368,60	1624,04
368,82	1568,74
369,03	1665,00
369,25	1720,29
369,47	1509,35
369,69	1578,98
369,91	1585,13
370,12	1619,94
370,34	1552,36
370,56	1570,79
370,78	1621,99
370,99	1703,91
371,21	1617,90
371,43	1572,84
371,65	1587,18
371,86	1558,50
372,08	1626,09
372,30	1638,38
372,52	1654,76
372,73	1568,74
372,95	1585,13
373,17	1576,94
373,39	1593,32
373,60	1556,46
373,82	1578,98
374,04	1548,26
374,26	1578,98
374,47	1640,42
374,69	1601,51
374,91	1654,76
375,12	1554,41
375,34	1589,22
375,56	1576,94
375,78	1587,18
375,99	1550,31
376,21	1734,63
376,43	1621,99
376,65	1652,71
376,86	1634,28
377,08	1562,60
377,30	1626,09
377,51	1615,85
377,73	1587,18
377,95	1626,09
378,17	1601,51
378,38	1499,11
378,60	1593,32
378,82	1660,90
379,03	1683,43
379,25	1589,22
379,47	1736,68
379,68	1466,35
379,90	1533,93
380,12	1642,47
380,34	1578,98
380,55	1589,22
380,77	1578,98
380,99	1566,70
381,20	1691,62
381,42	1552,36
381,64	1562,60
381,85	1556,46
382,07	1611,75
382,29	1648,61
382,50	1595,37
382,72	1525,74
382,94	1619,94
383,15	1544,17
383,37	1523,69
383,59	1640,42
383,80	1492,97
384,02	1617,90
384,24	1576,94
384,45	1685,48
384,67	1642,47
384,89	1509,35
385,10	1562,60
385,32	1646,57
385,54	1587,18
385,75	1562,60
385,97	1677,29
386,19	1656,81
386,40	1693,67
386,62	1615,85
386,84	1621,99
387,05	1540,07
387,27	1570,79
387,49	1632,23
387,70	1595,37
387,92	1681,38
388,14	1556,46
388,35	1591,27
388,57	1605,61
388,79	1585,13
389,00	1574,89
389,22	1603,56
389,43	1634,28
389,65	1619,94
389,87	1533,93
390,08	1499,11
390,30	1632,23
390,52	1595,37
390,73	1673,19
390,95	1566,70
391,17	1548,26
391,38	1621,99
391,60	1710,05
391,81	1669,09
392,03	1511,40
392,25	1546,22
392,46	1568,74
392,68	1691,62
392,89	1683,43
393,11	1492,97
393,33	1607,66
393,54	1634,28
393,76	1593,32
393,98	1609,70
394,19	1503,21
394,41	1519,59
394,62	1515,50
394,84	1632,23
395,06	1497,07
395,27	1621,99
395,49	1572,84
395,70	1687,53
395,92	1589,22
396,13	1540,07
396,35	1601,51
396,57	1593,32
396,78	1617,90
397,00	1554,41
397,21	1626,09
397,43	1751,01
397,65	1595,37
397,86	1662,95
398,08	1572,84
398,29	1791,97
398,51	1519,59
398,72	1697,77
398,94	1667,05
399,16	1599,46
399,37	1603,56
399,59	1658,85
399,80	1576,94
400,02	1611,75
400,23	1603,56
400,45	1636,33
400,67	1716,20
400,88	1689,57
401,10	1611,75
401,31	1535,98
401,53	1550,31
401,74	1654,76
401,96	1527,78
402,17	1613,80
402,39	1642,47
402,61	1595,37
402,82	1644,52
403,04	1667,05
403,25	1607,66
403,47	1642,47
403,68	1589,22
403,90	1761,25
404,11	1583,08
404,33	1593,32
404,54	1697,77
404,76	1652,71
404,97	1568,74
405,19	1765,35
405,41	1624,04
405,62	1699,81
405,84	1556,46
406,05	1677,29
406,27	1574,89
406,48	1626,09
406,70	1611,75
406,91	1597,42
407,13	1621,99
407,34	1540,07
407,56	1787,88
407,77	1611,75
407,99	1628,14
408,20	1753,06
408,42	1581,03
408,63	1583,08
408,85	1611,75
409,06	1615,85
409,28	1751,01
409,49	1576,94
409,71	1630,18
409,92	1648,61
410,14	1626,09
410,35	1759,21
410,57	1585,13
410,78	1533,93
411,00	1646,57
411,21	1613,80
411,43	1605,61
411,64	1617,90
411,86	1677,29
412,07	1642,47
412,29	1703,91
412,50	1695,72
412,72	1705,96
412,93	1697,77
413,15	1642,47
413,36	1558,50
413,58	1808,36
413,79	1656,81
414,01	1691,62
414,22	1658,85
414,43	1740,77
414,65	1646,57
414,86	1695,72
415,08	1632,23
415,29	1728,49
415,51	1589,22
415,72	1675,24
415,94	1632,23
416,15	1726,44
416,37	1710,05
416,58	1503,21
416,80	1716,20
417,01	1617,90
417,22	1632,23
417,44	1724,39
417,65	1646,57
417,87	1652,71
418,08	1796,07
418,30	1667,05
418,51	1677,29
418,73	1650,66
418,94	1677,29
419,15	1748,97
419,37	1677,29
419,58	1658,85
419,80	1693,67
420,01	1695,72
420,23	1720,29
420,44	1705,96
420,65	1658,85
420,87	1687,53
421,08	1724,39
421,30	1783,78
421,51	1677,29
421,73	1718,25
421,94	1617,90
422,15	1716,20
422,37	1601,51
422,58	1581,03
422,80	1636,33
423,01	1726,44
423,22	1650,66
423,44	1638,38
423,65	1691,62
423,87	1648,61
424,08	1746,92
424,29	1646,57
424,51	1697,77
424,72	1695,72
424,94	1652,71
425,15	1669,09
425,36	1742,82
425,58	1751,01
425,79	1834,98
426,01	1724,39
426,22	1777,64
426,43	1806,31
426,65	1628,14
426,86	1675,24
427,08	1802,21
427,29	1701,86
427,50	1703,91
427,72	1730,53
427,93	1720,29
428,14	1687,53
428,36	1755,11
428,57	1724,39
428,79	1746,92
429,00	1746,92
429,21	1685,48
429,43	1738,73
429,64	1781,73
429,85	1824,74
430,07	1796,07
430,28	1810,40
430,49	1800,16
430,71	1789,92
430,92	1800,16
431,14	1820,64
431,35	1839,08
431,56	1791,97
431,78	1814,50
431,99	1826,79
432,20	1898,47
432,42	1755,11
432,63	1839,08
432,84	1779,68
433,06	1927,14
433,27	1861,60
433,48	1888,23
433,70	1814,50
433,91	1935,33
434,12	1777,64
434,34	1900,52
434,55	1861,60
434,76	1888,23
434,98	1818,60
435,19	1890,28
435,40	1808,36
435,62	1902,56
435,83	2060,26
436,04	1918,95
436,26	2047,97
436,47	2002,91
436,68	1902,56
436,90	1834,98
437,11	1984,48
437,32	1978,34
437,54	2013,15
437,75	1951,71
437,96	2072,54
438,17	2037,73
438,39	1978,34
438,60	2015,20
438,81	2035,68
439,03	2140,13
439,24	2064,35
439,45	2140,13
439,67	2037,73
439,88	2105,31
440,09	2017,25
440,30	2105,31
440,52	2021,35
440,73	2117,60
440,94	1986,53
441,16	2103,26
441,37	2095,07
441,58	2131,94
441,80	2101,22
442,01	2113,50
442,22	2215,90
442,43	2056,16
442,65	2289,63
442,86	2181,09
443,07	2099,17
443,28	2074,59
443,50	2254,81
443,71	2148,32
443,92	2121,70
444,14	2121,70
444,35	2312,16
444,56	2154,46
444,77	2140,13
444,99	2246,62
445,20	2189,28
445,41	2183,13
445,62	2279,39
445,84	2254,81
446,05	2267,10
446,26	2328,54
446,47	2293,72
446,69	2142,18
446,90	2287,58
447,11	2248,67
447,32	2148,32
447,54	2189,28
447,75	2127,84
447,96	2181,09
448,17	2199,52
448,39	2265,05
448,60	2146,27
448,81	2275,29
449,02	2172,89
449,23	2269,15
449,45	2240,48
449,66	2228,19
449,87	2193,37
450,08	2222,05
450,30	2183,13
450,51	2195,42
450,72	2189,28
450,93	2234,33
451,15	2299,87
451,36	2230,24
451,57	2232,29
451,78	2172,89
451,99	2207,71
452,21	2222,05
452,42	2189,28
452,63	2248,67
452,84	2076,64
453,05	2101,22
453,27	2162,66
453,48	2248,67
453,69	2152,42
453,90	2310,11
454,11	2156,51
454,33	2062,30
454,54	2109,41
454,75	2154,46
454,96	2080,74
455,17	2146,27
455,39	2140,13
455,60	2101,22
455,81	2133,98
456,02	2168,80
456,23	2064,35
456,45	2127,84
456,66	2293,72
456,87	2099,17
457,08	2168,80
457,29	2164,70
457,50	2117,60
457,72	2117,60
457,93	2002,91
458,14	2066,40
458,35	2142,18
458,56	2129,89
458,77	2054,11
458,99	2166,75
459,20	2107,36
459,41	1994,72
459,62	2121,70
459,83	2148,32
460,04	2045,92
460,26	2140,13
460,47	2037,73
460,68	2103,26
460,89	2123,74
461,10	2105,31
461,31	2142,18
461,52	2095,07
461,74	2168,80
461,95	2002,91
462,16	2060,26
462,37	2060,26
462,58	2052,06
462,79	2084,83
463,00	2076,64
463,22	2197,47
463,43	2070,50
463,64	2097,12
463,85	2070,50
464,06	2095,07
464,27	2109,41
464,48	2121,70
464,70	2023,39
464,91	2047,97
465,12	2160,61
465,33	2172,89
465,54	2250,72
465,75	2160,61
465,96	2267,10
466,17	2109,41
466,38	2097,12
466,60	2107,36
466,81	2203,61
467,02	2226,14
467,23	2133,98
467,44	2158,56
467,65	2131,94
467,86	2174,94
468,07	2156,51
468,28	2215,90
468,50	2035,68
468,71	2285,53
468,92	2205,66
469,13	2211,81
469,34	2222,05
469,55	2248,67
469,76	2181,09
469,97	2312,16
470,18	2230,24
470,39	2312,16
470,60	2176,99
470,82	2244,57
471,03	2156,51
471,24	2291,68
471,45	2297,82
471,66	2246,62
471,87	2265,05
472,08	2252,77
472,29	2308,06
472,50	2381,79
472,71	2295,77
472,92	2324,44
473,13	2279,39
473,34	2385,88
473,55	2359,26
473,77	2412,51
473,98	2473,95
474,19	2430,94
474,40	2279,39
474,61	2373,60
474,82	2449,37
475,03	2369,50
475,24	2420,70
475,45	2473,95
475,66	2586,58
475,87	2572,25
476,08	2566,10
476,29	2633,69
476,50	2594,78
476,71	2779,09
476,92	2643,93
477,13	2736,09
477,34	2654,17
477,55	2656,22
477,76	2805,72
477,97	2787,29
478,18	2815,96
478,40	2703,32
478,61	2809,81
478,82	2861,01
479,03	2828,24
479,24	2908,12
479,45	2998,23
479,66	2981,84
479,87	3026,90
480,08	3082,19
480,29	3086,29
480,50	3178,45
480,71	3149,78
480,92	3268,56
481,13	3227,60
481,34	3231,69
481,55	3315,66
481,76	3387,34
481,97	3268,56
482,18	3530,70
482,39	3416,01
482,60	3635,14
482,81	3616,71
483,02	3790,79
483,23	3692,49
483,44	3786,69
483,65	3778,50
483,86	3882,95
484,07	3872,71
484,28	3960,77
484,49	4022,21
484,70	4202,43
484,91	4261,82
485,12	4300,73
485,33	4186,05
485,54	4378,56
485,75	4376,51
485,96	4599,74
486,17	4597,69
486,38	4677,56
486,59	4888,50
486,80	4990,90
487,01	4882,36
487,21	5001,14
487,42	5103,54
487,63	5281,71
487,84	5308,34
488,05	5314,48
488,26	5687,21
488,47	5752,74
488,68	5660,59
488,89	5859,24
489,10	5849,00
489,31	6029,22
489,52	6115,23
489,73	6180,77
489,94	6473,63
490,15	6535,07
490,36	6641,56
490,57	6711,19
490,78	6834,07
490,99	7075,73
491,20	7126,93
491,41	7317,39
491,61	7667,60
491,82	7755,66
492,03	7935,88
492,24	8040,33
492,45	7972,74
492,66	8265,60
492,87	8605,56
493,08	8460,16
493,29	8816,51
493,50	8955,77
493,71	9072,50
493,92	9353,07
494,13	9451,38
494,34	9707,37
494,54	10012,52
494,75	10149,73
494,96	10674,01
495,17	10633,05
495,38	10665,82
495,59	11054,94
495,80	11145,05
496,01	11491,15
496,22	11489,10
496,43	11857,74
496,64	12050,25
496,84	12486,47
497,05	12545,86
497,26	13084,47
497,47	13260,60
497,68	13471,54
497,89	13565,74
498,10	13981,48
498,31	14429,99
498,52	14546,72
498,72	14946,08
498,93	15114,01
499,14	15474,45
499,35	15935,24
499,56	15935,24
499,77	16357,13
499,98	16660,23
500,19	17075,96
500,40	17108,73
500,60	17645,30
500,81	18345,70
501,02	18216,68
501,23	18667,24
501,44	19250,91
501,65	19574,49
501,86	19693,27
502,06	20139,72
502,27	20266,70
502,48	20993,73
502,69	21307,07
502,90	21614,26
503,11	21880,50
503,32	22191,79
503,53	22595,24
503,73	22828,71
503,94	23553,69
504,15	24012,43
504,36	24274,57
504,57	24673,93
504,78	24675,98
504,98	25499,26
505,19	25722,49
505,40	26310,25
505,61	26424,94
505,82	26668,65
506,03	26889,83
506,23	27637,34
506,44	27944,53
506,65	28261,97
506,86	28474,96
507,07	28735,05
507,28	29462,08
507,48	29836,86
507,69	30246,45
507,90	30447,15
508,11	30797,35
508,32	31421,98
508,53	31112,74
508,73	31827,48
508,94	31772,19
509,15	32400,91
509,36	32728,59
509,57	32984,58
509,77	33820,16
509,98	33840,64
510,19	33936,89
510,40	34196,98
510,61	34754,03
510,81	34883,05
511,02	35585,50
511,23	35833,31
511,44	35692,00
511,65	35827,17
511,85	36685,26
512,06	36595,15
512,27	36701,65
512,48	37299,65
512,69	37014,99
512,89	37918,14
513,10	37236,17
513,31	37551,56
513,52	37696,96
513,73	38153,66
513,93	38524,34
514,14	38266,30
514,35	38993,32
514,56	38428,09
514,76	38784,43
514,97	39181,74
515,18	38921,65
515,39	39304,62
515,60	39390,63
515,80	38829,49
516,01	38520,24
516,22	39261,61
516,43	39130,54
516,63	39310,76
516,84	39175,59
517,05	38835,63
517,26	39415,21
517,46	38829,49
517,67	39370,15
517,88	38849,97
518,09	38542,77
518,29	39181,74
518,50	38833,58
518,71	38643,12
518,92	38663,60
519,12	38800,82
519,33	38759,86
519,54	38550,96
519,75	38782,38
519,95	38163,90
520,16	38114,75
520,37	37531,08
520,57	38020,54
520,78	37922,24
520,99	37551,56
521,20	37404,10
521,40	37365,19
521,61	36894,16
521,82	36902,35
522,03	36693,46
522,23	36277,72
522,44	36668,88
522,65	35968,48
522,85	35909,08
523,06	35775,97
523,27	35554,79
523,48	35300,84
523,68	35132,90
523,89	35005,93
524,10	34751,98
524,30	34561,52
524,51	34412,02
524,72	34323,96
524,93	33814,01
525,13	33566,21
525,34	33504,77
525,55	33365,51
525,75	32859,66
525,96	32804,36
526,17	31962,65
526,37	32200,21
526,58	32357,91
526,79	31659,55
526,99	31544,86
527,20	31669,79
527,41	30666,28
527,62	30674,48
527,82	30559,79
528,03	29695,55
528,24	30133,81
528,44	30176,82
528,65	29587,00
528,86	29451,84
529,06	28958,28
529,27	28747,34
529,48	28778,06
529,68	28257,87
529,89	28315,22
530,10	27737,69
530,30	27833,94
530,51	27706,97
530,72	27563,61
530,92	27094,63
531,13	27082,34
531,34	27176,55
531,54	26637,93
531,75	26203,76
531,96	26351,21
532,16	25646,71
532,37	25728,63
532,57	25431,68
532,78	25204,35
532,99	25099,90
533,19	24858,24
533,40	24798,85
533,61	24303,25
533,81	24135,31
534,02	23611,03
534,23	23672,47
534,43	23502,49
534,64	23469,72
534,84	23019,17
535,05	22759,08
535,26	22693,54
535,46	22394,54
535,67	22156,97
535,88	22165,17
536,08	22087,34
536,29	21669,56
536,49	21280,44
536,70	21388,99
536,91	21044,93
537,11	20569,80
537,32	20684,48
537,53	20641,48
537,73	20633,29
537,94	20262,60
538,14	19711,70
538,35	19750,61
538,56	19627,73
538,76	19486,42
538,97	19209,95
539,17	19265,24
539,38	18982,62
539,59	18851,55
539,79	18568,93
540,00	18480,87
540,20	18175,72
540,41	17862,38
540,62	18026,22
540,82	17661,68
541,03	17547,00
541,23	17329,91
541,44	17098,49
541,64	17082,11
541,85	16977,66
542,06	16895,74
542,26	16666,37
542,47	16602,88
542,67	16350,98
542,88	15949,58
543,08	15992,59
543,29	16058,12
543,50	15816,46
543,70	15634,19
543,91	15492,88
544,11	15421,20
544,32	15509,27
544,52	14984,99
544,73	14765,85
544,94	14645,02
545,14	14581,54
545,35	14348,07
545,55	14663,46
545,76	14051,11
545,96	14161,70
546,17	13940,52
546,37	13879,08
546,58	13694,77
546,78	13520,69
546,99	13440,82
547,20	13342,52
547,40	13088,57
547,61	12973,88
547,81	12918,59
548,02	12816,19
548,22	12689,21
548,43	12672,83
548,63	12441,41
548,84	12386,12
549,04	12220,23
549,25	12068,68
549,45	12027,72
549,66	11880,27
549,86	11863,88
550,07	11681,61
550,27	11427,67
550,48	11419,47
550,69	11302,74
550,89	11317,08
551,10	11198,29
551,30	11083,61
551,51	10800,99
551,71	10950,49
551,92	10706,78
552,12	10727,26
552,33	10780,51
552,53	10667,87
552,74	10467,17
552,94	10430,30
553,15	10340,19
553,35	10211,17
553,56	10223,46
553,76	10000,23
553,97	10096,49
554,17	9891,69
554,38	9869,16
554,58	9695,08
554,79	9492,34
554,99	9459,57
555,19	9492,34
555,40	9527,15
555,60	9398,13
555,81	9285,49
556,01	9334,64
556,22	9226,10
556,42	9224,05
556,63	8933,24
556,83	8781,69
557,04	8767,35
557,24	8998,77
557,45	8724,35
557,65	8671,10
557,86	8730,49
558,06	8583,04
558,27	8574,85
558,47	8353,66
558,67	8599,42
558,88	8437,63
559,08	8175,49
559,29	8318,85
559,49	8437,63
559,70	8144,77
559,90	8007,56
560,11	7901,06
560,31	7913,35
560,52	7710,60
560,72	7749,51
560,92	7921,54
561,13	7786,38
561,33	7522,19
561,54	7769,99
561,74	7622,54
561,95	7655,31
562,15	7454,61
562,35	7448,46
562,56	7366,54
562,76	7184,27
562,97	7116,69
563,17	7120,79
563,38	7274,38
563,58	7176,08
563,78	6985,62
563,99	7051,16
564,19	7042,96
564,40	6979,48
564,60	6995,86
564,80	6815,64
565,01	6823,83
565,21	6809,50
565,42	6791,06
565,62	6721,43
565,83	6795,16
566,03	6723,48
566,23	6571,93
566,44	6606,75
566,64	6514,59
566,85	6434,72
567,05	6463,39
567,25	6262,69
567,46	6559,64
567,66	6326,18
567,86	6291,36
568,07	6170,53
568,27	6373,28
568,48	6119,33
568,68	6070,18
568,88	6317,98
569,09	6016,93
569,29	6197,15
569,50	5955,49
569,70	6035,36
569,90	5928,87
570,11	5967,78
570,31	5838,76
570,51	5965,73
570,72	5736,36
570,92	5969,83
571,13	5955,49
571,33	5787,56
571,53	5969,83
571,74	5781,42
571,94	5851,05
572,14	5795,75
572,35	5531,56
572,55	5648,30
572,75	5689,26
572,96	5654,44
573,16	5570,48
573,36	5554,09
573,57	5449,64
573,77	5476,27
573,97	5443,50
574,18	5416,88
574,38	5410,73
574,59	5398,45
574,79	5330,86
574,99	5277,62
575,20	5324,72
575,40	5390,25
575,60	5355,44
575,81	5277,62
576,01	5277,62
576,21	5236,66
576,42	5218,22
576,62	5171,12
576,82	5113,78
577,02	5191,60
577,23	5056,43
577,43	5099,44
577,63	5021,62
577,84	5005,24
578,04	4941,75
578,24	4939,70
578,45	4951,99
578,65	4904,89
578,85	4876,21
579,06	4999,09
579,26	4941,75
579,46	4990,90
579,67	4669,37
579,87	4935,60
580,07	4927,41
580,27	4800,44
580,48	4831,16
580,68	4812,73
580,88	4802,49
581,09	4857,78
581,29	4745,14
581,49	4810,68
581,69	4585,40
581,90	4693,94
582,10	4546,49
582,30	4655,03
582,51	4792,25
582,71	4677,56
582,91	4628,41
583,11	4708,28
583,32	4589,50
583,52	4468,67
583,72	4616,12
583,93	4612,03
584,13	4517,82
584,33	4605,88
584,53	4677,56
584,74	4532,15
584,94	4376,51
585,14	4403,13
585,34	4540,35
585,55	4472,76
585,75	4437,95
585,95	4415,42
586,15	4396,99
586,36	4370,37
586,56	4470,72
586,76	4356,03
586,96	4290,49
587,17	4278,21
587,37	4388,80
587,57	4366,27
587,77	4386,75
587,98	4302,78
588,18	4257,73
588,38	4286,40
588,58	4241,34
588,79	4267,97
588,99	4095,94
589,19	4227,01
589,39	4188,10
589,60	4177,86
589,80	4278,21
590,00	4108,23
590,20	4175,81
590,40	4145,09
590,61	4097,99
590,81	4290,49
591,01	4028,35
591,21	4198,34
591,42	4173,76
591,62	4003,78
591,82	4032,45
592,02	4136,90
592,22	4091,84
592,43	4054,98
592,63	4110,27
592,83	4145,09
593,03	4116,42
593,23	3993,54
593,44	4057,03
593,64	3882,95
593,84	4087,75
594,04	4018,11
594,24	3975,11
594,45	3932,10
594,65	3995,59
594,85	4050,88
595,05	3862,47
595,25	3956,68
595,46	3938,24
595,66	3807,17
595,86	3850,18
596,06	3854,28
596,26	3952,58
596,46	3934,15
596,67	3739,59
596,87	3856,33
597,07	3811,27
597,27	3882,95
597,47	3835,85
597,67	3841,99
597,88	3901,38
598,08	3831,75
598,28	3866,56
598,48	3852,23
598,68	3796,93
598,88	3844,04
599,09	3917,76
599,29	3798,98
599,49	3737,54
599,69	3862,47
599,89	3637,19
600,09	3704,78
600,30	3827,65
600,50	3807,17
600,70	3760,07
600,90	3798,98
601,10	3780,55
601,30	3872,71
601,50	3667,91
601,71	3844,04
601,91	3780,55
602,11	3743,69
602,31	3682,25
602,51	3594,19
602,71	3626,95
602,91	3688,39
603,11	3735,50
603,32	3688,39
603,52	3622,86
603,72	3700,68
603,92	3585,99
604,12	3606,47
604,32	3696,58
604,52	3665,86
604,72	3674,06
604,93	3653,58
605,13	3565,51
605,33	3626,95
605,53	3530,70
605,73	3547,08
605,93	3717,06
606,13	3590,09
606,33	3549,13
606,53	3583,95
606,74	3526,60
606,94	3616,71
607,14	3596,23
607,34	3540,94
607,54	3461,07
607,74	3497,93
607,94	3563,47
608,14	3573,71
608,34	3440,59
608,54	3604,42
608,74	3538,89
608,95	3452,88
609,15	3481,55
609,35	3383,24
609,55	3473,36
609,75	3551,18
609,95	3483,59
610,15	3463,12
610,35	3461,07
610,55	3450,83
610,75	3413,96
610,95	3461,07
611,15	3479,50
611,35	3483,59
611,55	3434,44
611,76	3563,47
611,96	3293,13
612,16	3493,83
612,36	3471,31
612,56	3506,12
612,76	3502,03
612,96	3485,64
613,16	3430,35
613,36	3444,68
613,56	3434,44
613,76	3424,20
613,96	3483,59
614,16	3432,40
614,36	3297,23
614,56	3332,05
614,76	3348,43
614,96	3420,11
615,16	3387,34
615,36	3274,70
615,56	3254,22
615,76	3409,87
615,97	3217,36
616,17	3239,89
616,37	3377,10
616,57	3393,48
616,77	3278,80
616,97	3424,20
617,17	3340,24
617,37	3403,72
617,57	3368,91
617,77	3397,58
617,97	3375,05
618,17	3280,85
618,37	3313,61
618,57	3348,43
618,77	3352,52
618,97	3319,76
619,17	3309,52
619,37	3248,08
619,57	3280,85
619,77	3272,65
619,97	3280,85
620,17	3243,98
620,37	3190,74
620,57	3117,01
620,77	3172,30
620,97	3301,33
621,17	3338,19
621,37	3196,88
621,57	3231,69
621,77	3276,75
621,97	3266,51
622,17	3198,93
622,37	3264,46
622,57	3262,41
622,77	3153,87
622,97	3131,34
623,17	3168,21
623,37	3180,50
623,57	3131,34
623,77	3164,11
623,97	3223,50
624,16	3047,38
624,36	3194,83
624,56	3190,74
624,76	3133,39
624,96	3086,29
625,16	3221,45
625,36	3153,87
625,56	3102,67
625,76	3074,00
625,96	3088,34
626,16	3129,30
626,36	3133,39
626,56	3260,37
626,76	3035,09
626,96	3149,78
627,16	3188,69
627,36	3076,05
627,56	3227,60
627,76	3114,96
627,96	3008,47
628,16	3143,63
628,35	3014,61
628,55	3028,95
628,75	3137,49
628,95	3076,05
629,15	3055,57
629,35	2973,65
629,55	3162,06
629,75	3063,76
629,95	3018,71
630,15	3096,53
630,35	3030,99
630,55	3033,04
630,75	3049,43
630,95	3069,91
631,14	2891,73
631,34	2971,60
631,54	3030,99
631,74	3010,51
631,94	3008,47
632,14	2881,49
632,34	2985,94
632,54	2858,96
632,74	2977,75
632,94	2873,30
633,14	3055,57
633,33	2949,08
633,53	2893,78
633,73	3121,10
633,93	2981,84
634,13	2934,74
634,33	2932,69
634,53	2887,64
634,73	2920,40
634,93	2832,34
635,12	2908,12
635,32	3074,00
635,52	2906,07
635,72	2924,50
635,92	2977,75
636,12	2975,70
636,32	2944,98
636,52	2899,92
636,71	2936,79
636,91	2897,88
637,11	2918,36
637,31	2916,31
637,51	2891,73
637,71	3069,91
637,91	2932,69
638,11	2965,46
638,30	2879,44
638,50	2848,72
638,70	2899,92
638,90	2805,72
639,10	2887,64
639,30	2875,35
639,50	2826,20
639,69	2779,09
639,89	2799,57
640,09	2691,03
640,29	2934,74
640,49	2707,41
640,69	2721,75
640,88	2830,29
641,08	2803,67
641,28	2928,60
641,48	2861,01
641,68	2826,20
641,88	2836,44
642,07	2729,94
642,27	2832,34
642,47	2770,90
642,67	2908,12
642,87	2824,15
643,07	2805,72
643,26	2703,32
643,46	2756,57
643,66	2783,19
643,86	2789,33
644,06	2744,28
644,26	2729,94
644,45	2805,72
644,65	2672,60
644,85	2783,19
645,05	2830,29
645,25	2709,46
645,44	2691,03
645,64	2736,09
645,84	2682,84
646,04	2553,82
646,24	2703,32
646,43	2803,67
646,63	2770,90
646,83	2703,32
647,03	2725,85
647,23	2576,34
647,42	2772,95
647,62	2719,70
647,82	2766,81
648,02	2676,70
648,22	2713,56
648,41	2707,41
648,61	2600,92
648,81	2723,80
649,01	2695,13
649,20	2719,70
649,40	2555,86
649,60	2811,86
649,80	2654,17
650,00	2639,83
650,19	2590,68
650,39	2631,64
650,59	2703,32
650,79	2521,05
650,98	2537,43
651,18	2541,53
651,38	2682,84
651,58	2652,12
651,77	2523,10
651,97	2639,83
652,17	2467,80
652,37	2535,39
652,56	2529,24
652,76	2533,34
652,96	2592,73
653,16	2582,49
653,35	2504,67
653,55	2500,57
653,75	2512,86
653,95	2611,16
654,14	2531,29
654,34	2482,14
654,54	2521,05
654,74	2514,91
654,93	2516,95
655,13	2588,63
655,33	2426,84
655,52	2510,81
655,72	2570,20
655,92	2500,57
656,12	2619,35
656,31	2643,93
656,51	2439,13
656,71	2519,00
656,91	2543,58
657,10	2408,41
657,30	2451,42
657,50	2420,70
657,69	2555,86
657,89	2506,71
658,09	2437,08
658,29	2539,48
658,48	2541,53
658,68	2455,51
658,88	2498,52
659,07	2478,04
659,27	2465,75
659,47	2375,64
659,66	2424,80
659,86	2465,75
660,06	2486,23
660,26	2465,75
660,45	2473,95
660,65	2537,43
660,85	2500,57
661,04	2475,99
661,24	2451,42
661,44	2340,83
661,63	2365,40
661,83	2537,43
662,03	2359,26
662,22	2469,85
662,42	2465,75
662,62	2400,22
662,81	2359,26
663,01	2396,12
663,21	2451,42
663,40	2455,51
663,60	2449,37
663,80	2367,45
663,99	2541,53
664,19	2326,49
664,39	2496,47
664,58	2426,84
664,78	2394,08
664,98	2318,30
665,17	2320,35
665,37	2404,32
665,57	2484,19
665,76	2353,12
665,96	2346,97
666,16	2385,88
666,35	2373,60
666,55	2480,09
666,74	2439,13
666,94	2490,33
667,14	2381,79
667,33	2363,36
667,53	2297,82
667,73	2361,31
667,92	2373,60
668,12	2412,51
668,32	2424,80
668,51	2297,82
668,71	2297,82
668,90	2316,25
669,10	2316,25
669,30	2312,16
669,49	2402,27
669,69	2398,17
669,89	2330,59
670,08	2273,25
670,28	2543,58
670,47	2349,02
670,67	2342,88
670,87	2310,11
671,06	2324,44
671,26	2301,92
671,45	2217,95
671,65	2377,69
671,85	2236,38
672,04	2303,96
672,24	2271,20
672,43	2306,01
672,63	2363,36
672,83	2277,34
673,02	2240,48
673,22	2197,47
673,41	2222,05
673,61	2189,28
673,81	2283,49
674,00	2402,27
674,20	2258,91
674,39	2213,85
674,59	2183,13
674,78	2179,04
674,98	2375,64
675,18	2267,10
675,37	2164,70
675,57	2293,72
675,76	2301,92
675,96	2293,72
676,15	2244,57
676,35	2201,57
676,55	2244,57
676,74	2236,38
676,94	2158,56
677,13	2246,62
677,33	2269,15
677,52	2316,25
677,72	2146,27
677,91	2156,51
678,11	2131,94
678,31	2197,47
678,50	2215,90
678,70	2166,75
678,89	2256,86
679,09	2207,71
679,28	2236,38
679,48	2306,01
679,67	2097,12
679,87	2181,09
680,06	2285,53
680,26	2232,29
680,46	2224,09
680,65	2170,85
680,85	2224,09
681,04	2240,48
681,24	2207,71
681,43	2136,03
681,63	2213,85
681,82	2281,44
682,02	2152,42
682,21	2220,00
682,41	2129,89
682,60	2271,20
682,80	2189,28
682,99	2256,86
683,19	2140,13
683,38	2263,01
683,58	2230,24
683,77	2136,03
683,97	2195,42
684,16	2338,78
684,36	2105,31
684,55	2152,42
684,75	2119,65
684,94	2222,05
685,14	2176,99
685,33	2136,03
685,53	2121,70
685,72	2119,65
685,92	2058,21
686,11	2138,08
686,31	2189,28
686,50	2189,28
686,70	2125,79
686,89	2029,54
687,09	2086,88
687,28	2113,50
687,48	2119,65
687,67	2129,89
687,87	2113,50
688,06	2076,64
688,26	2082,78
688,45	2084,83
688,65	2242,53
688,84	2199,52
689,03	2066,40
689,23	2072,54
689,42	2158,56
689,62	2109,41
689,81	2142,18
690,01	2043,87
690,20	2086,88
690,40	2115,55
690,59	2195,42
690,79	2101,22
690,98	2220,00
691,17	2160,61
691,37	2111,46
691,56	2113,50
691,76	2142,18
691,95	2148,32
692,15	2011,11
692,34	2072,54
692,54	2179,04
692,73	2158,56
692,92	2172,89
693,12	2041,82
693,31	2062,30
693,51	2129,89
693,70	2105,31
693,90	2101,22
694,09	2213,85
694,28	2148,32
694,48	2133,98
694,67	2086,88
694,87	2205,66
695,06	2109,41
695,26	2109,41
695,45	2066,40
695,64	2121,70
695,84	2119,65
696,03	1992,67
696,23	2115,55
696,42	2082,78
696,61	2166,75
696,81	2101,22
697,00	2066,40
697,20	2109,41
697,39	2123,74
697,58	2064,35
697,78	2107,36
697,97	2115,55
698,17	2082,78
698,36	2105,31
698,55	2070,50
698,75	2265,05
698,94	2162,66
699,14	2037,73
699,33	2033,63
699,52	2068,45
699,72	2115,55
699,91	2084,83
700,10	2029,54
700,30	2019,30
700,49	2080,74
700,69	2121,70
700,88	1974,24
701,07	1972,19
701,27	2084,83
701,46	2197,47
701,65	2101,22
701,85	2103,26
702,04	2246,62
702,23	2058,21
702,43	2050,02
702,62	2101,22
702,82	2086,88
703,01	2224,09
703,20	2164,70
703,40	2148,32
703,59	2086,88
703,78	2107,36
703,98	2150,37
704,17	2109,41
704,36	2158,56
704,56	2197,47
704,75	1941,47
704,94	2111,46
705,14	2140,13
705,33	2090,98
705,52	2138,08
705,72	2097,12
705,91	2097,12
706,10	2068,45
706,30	2009,06
706,49	2101,22
706,68	2160,61
706,88	2105,31
707,07	2097,12
707,26	2056,16
707,46	2193,37
707,65	2131,94
707,84	2050,02
708,04	2023,39
708,23	2217,95
708,42	2031,58
708,62	2088,93
708,81	2066,40
709,00	2164,70
709,19	2011,11
709,39	2105,31
709,58	2129,89
709,77	2101,22
709,97	2170,85
710,16	2052,06
710,35	2148,32
710,55	2109,41
710,74	2156,51
710,93	2068,45
711,12	2146,27
711,32	2131,94
711,51	2154,46
711,70	2045,92
711,90	2115,55
712,09	2031,58
712,28	2097,12
712,47	2064,35
712,67	2168,80
712,86	2074,59
713,05	2078,69
713,24	2019,30
713,44	2004,96
713,63	2099,17
713,82	2093,02
714,02	2072,54
714,21	2158,56
714,40	2011,11
714,59	2107,36
714,79	2007,01
714,98	2078,69
715,17	2197,47
715,36	2052,06
715,56	2209,76
715,75	2045,92
715,94	2129,89
716,13	2023,39
716,33	2090,98
716,52	2043,87
716,71	2050,02
716,90	2047,97
717,10	2033,63
717,29	1996,77
717,48	2133,98
717,67	1990,63
717,87	2035,68
718,06	2097,12
718,25	2037,73
718,44	2031,58
718,63	2109,41
718,83	1986,53
719,02	1976,29
719,21	2101,22
719,40	1998,82
719,60	1880,04
719,79	2007,01
719,98	2021,35
720,17	2015,20
720,36	2017,25
720,56	1982,43
720,75	1890,28
720,94	2002,91
721,13	2023,39
721,33	2058,21
721,52	1916,90
721,71	2101,22
721,90	2043,87
722,09	1941,47
722,29	2017,25
722,48	1937,38
722,67	2039,78
722,86	2172,89
723,05	2052,06
723,24	2111,46
723,44	1964,00
723,63	2000,87
723,82	2035,68
724,01	1996,77
724,20	2101,22
724,40	1953,76
724,59	2013,15
724,78	1912,80
724,97	2013,15
725,16	2045,92
725,35	2011,11
725,55	2056,16
725,74	2039,78
725,93	2107,36
726,12	1992,67
726,31	2082,78
726,51	2121,70
726,70	2058,21
726,89	1986,53
727,08	1927,14
727,27	2101,22
727,46	2017,25
727,65	1959,91
727,85	1992,67
728,04	1974,24
728,23	1867,75
728,42	2004,96
728,61	1980,39
728,80	1980,39
729,00	2060,26
729,19	2039,78
729,38	2101,22
729,57	1988,58
729,76	1990,63
729,95	2074,59
730,14	2002,91
730,33	1972,19
730,53	2062,30
730,72	2023,39
730,91	1964,00
731,10	2152,42
731,29	2121,70
731,48	2097,12
731,67	1959,91
731,86	2019,30
732,06	1994,72
732,25	1966,05
732,44	2101,22
732,63	1996,77
732,82	2066,40
733,01	2179,04
733,20	2043,87
733,39	2004,96
733,59	1957,86
733,78	2035,68
733,97	2152,42
734,16	2058,21
734,35	2080,74
734,54	2127,84
734,73	2015,20
734,92	2025,44
735,11	2021,35
735,30	2056,16
735,49	2054,11
735,69	2123,74
735,88	2054,11
736,07	2066,40
736,26	2029,54
736,45	2070,50
736,64	2021,35
736,83	2101,22
737,02	2113,50
737,21	2023,39
737,40	1986,53
737,59	2263,01
737,78	2072,54
737,98	2002,91
738,17	2039,78
738,36	2176,99
738,55	2064,35
738,74	2043,87
738,93	2052,06
739,12	1939,43
739,31	1955,81
739,50	2031,58
739,69	2115,55
739,88	2142,18
740,07	2142,18
740,26	2052,06
740,45	2095,07
740,64	2111,46
740,83	1998,82
741,02	1933,28
741,22	2068,45
741,41	2058,21
741,60	2119,65
741,79	2035,68
741,98	2117,60
742,17	2037,73
742,36	2146,27
742,55	2047,97
742,74	2174,94
742,93	2131,94
743,12	2095,07
743,31	2029,54
743,50	2121,70
743,69	2041,82
743,88	2066,40
744,07	2115,55
744,26	2207,71
744,45	1996,77
744,64	2236,38
744,83	2095,07
745,02	2064,35
745,21	2037,73
745,40	2156,51
745,59	2113,50
745,78	2017,25
745,97	2105,31
746,16	2144,22
746,35	2088,93
746,54	2025,44
746,73	2009,06
746,92	2113,50
747,11	2031,58
747,30	2000,87
747,49	2082,78
747,68	2068,45
747,87	2023,39
748,06	2197,47
748,25	2119,65
748,44	2062,30
748,63	2045,92
748,82	2002,91
749,01	2047,97
749,20	2117,60
749,39	1996,77
749,58	1984,48
749,77	2088,93
749,96	2017,25
750,15	1992,67
750,34	2021,35
750,53	2101,22
750,72	2090,98
750,91	2035,68
751,10	2037,73
751,29	2017,25
751,48	2021,35
751,67	2023,39
751,86	2076,64
752,04	2103,26
752,23	2064,35
752,42	2027,49
752,61	2088,93
752,80	2015,20
752,99	2037,73
753,18	1986,53
753,37	2000,87
753,56	1966,05
753,75	2050,02
753,94	1910,75
754,13	2082,78
754,32	1990,63
754,51	1933,28
754,70	2072,54
754,89	2076,64
755,08	2025,44
755,27	1908,71
755,45	1980,39
755,64	1978,34
755,83	2002,91
756,02	2084,83
756,21	2015,20
756,40	2047,97
756,59	1896,42
756,78	1947,62
756,97	2033,63
757,16	1875,94
757,35	2090,98
757,54	1847,27
757,72	1931,23
757,91	1884,13
758,10	1877,99
758,29	1886,18
758,48	2050,02
758,67	1910,75
758,86	1812,45
759,05	1886,18
759,24	1855,46
759,43	1904,61
759,61	1839,08
759,80	1890,28
759,99	1896,42
760,18	1902,56
760,37	1873,89
760,56	1832,93
760,75	1880,04
760,94	1882,08
761,13	1959,91
761,31	1877,99
761,50	1845,22
761,69	1863,65
761,88	1757,16
762,07	1738,73
762,26	1830,88
762,45	1896,42
762,64	1890,28
762,82	1814,50
763,01	1863,65
763,20	1855,46
763,39	1765,35
763,58	1886,18
763,77	1791,97
763,96	1880,04
764,14	1886,18
764,33	1824,74
764,52	1869,80
764,71	1929,19
764,90	1869,80
765,09	1968,10
765,27	1916,90
765,46	1798,12
765,65	1839,08
765,84	1832,93
766,03	1929,19
766,22	1882,08
766,41	1871,84
766,59	1867,75
766,78	1865,70
766,97	1910,75
767,16	1953,76
767,35	1941,47
767,54	1992,67
767,72	2013,15
767,91	2002,91
768,10	1853,41
768,29	1910,75
768,48	1972,19
768,66	1937,38
768,85	2000,87
769,04	1906,66
769,23	1949,67
769,42	1970,15
769,61	1966,05
769,79	2033,63
769,98	1974,24
770,17	1898,47
770,36	1996,77
770,55	1890,28
770,73	2025,44
770,92	2004,96
771,11	1978,34
771,30	1925,09
771,49	1990,63
771,67	2107,36
771,86	2074,59
772,05	1877,99
772,24	1929,19
772,42	1957,86
772,61	2033,63
772,80	1933,28
772,99	1884,13
773,18	1978,34
773,36	1920,99
773,55	1931,23
773,74	1933,28
773,93	2015,20
774,11	1845,22
774,30	2013,15
774,49	1935,33
774,68	1933,28
774,87	2002,91
775,05	1871,84
775,24	1908,71
775,43	2117,60
775,62	1964,00
775,80	1931,23
775,99	1970,15
776,18	2054,11
776,37	1951,71
776,55	1986,53
776,74	1990,63
776,93	1990,63
777,12	1998,82
777,30	1951,71
777,49	1855,46
777,68	1964,00
777,87	1949,67
778,05	1912,80
778,24	1890,28
778,43	1933,28
778,62	1851,36
778,80	1929,19
778,99	2027,49
779,18	1968,10
779,36	1900,52
779,55	1925,09
779,74	1927,14
779,93	2009,06
780,11	2002,91
780,30	1828,84
780,49	1998,82
780,68	1920,99
780,86	2047,97
781,05	1882,08
781,24	1982,43
781,42	1988,58
781,61	1886,18
781,80	1789,92
781,98	1916,90
782,17	1949,67
782,36	1863,65
782,55	1992,67
782,73	1834,98
782,92	2035,68
783,11	1906,66
783,29	1925,09
783,48	2013,15
783,67	1964,00
783,85	1888,23
784,04	1923,04
784,23	2025,44
784,42	1941,47
784,60	1900,52
784,79	2007,01
784,98	1964,00
785,16	1910,75
785,35	1791,97
785,54	1988,58
785,72	2037,73
785,91	1918,95
786,10	1849,32
786,28	1959,91
786,47	1916,90
786,66	1847,27
786,84	1968,10
787,03	1880,04
787,22	1945,57
787,40	1843,17
787,59	1972,19
787,78	1920,99
787,96	1877,99
788,15	1888,23
788,34	1873,89
788,52	1961,95
788,71	1880,04
788,89	1982,43
789,08	1888,23
789,27	1953,76
789,45	1959,91
789,64	1863,65
789,83	1830,88
790,01	1824,74
790,20	1906,66
790,39	1816,55
790,57	1908,71
790,76	1900,52
790,95	1918,95
791,13	1855,46
791,32	1828,84
791,50	1943,52
791,69	1855,46
791,88	1837,03
792,06	2021,35
792,25	1875,94
792,43	1886,18
792,62	1886,18
792,81	1804,26
792,99	1853,41
793,18	1906,66
793,37	1918,95
793,55	1859,56
793,74	1914,85
793,92	1847,27
794,11	1892,32
794,30	1875,94
794,48	1974,24
794,67	1853,41
794,85	1810,40
795,04	1875,94
795,23	1910,75
795,41	1902,56
795,60	1914,85
795,78	1834,98
795,97	1990,63
796,15	1931,23
796,34	1902,56
796,53	1857,51
796,71	1912,80
796,90	1927,14
797,08	1843,17
797,27	1877,99
797,46	1755,11
797,64	1839,08
797,83	1863,65
798,01	1892,32
798,20	1857,51
798,38	1923,04
798,57	1806,31
798,76	1748,97
798,94	1828,84
799,13	1873,89
799,31	1814,50
799,50	1857,51
799,68	1884,13
799,87	1796,07
800,05	1902,56
800,24	1841,12
800,43	1761,25
800,61	1939,43
800,80	1925,09
800,98	1744,87
801,17	1853,41
801,35	1839,08
801,54	1837,03
801,72	1814,50
801,91	1863,65
802,09	1847,27
802,28	1808,36
802,46	1945,57
802,65	1914,85
802,84	1886,18
803,02	1847,27
803,21	1910,75
803,39	1886,18
803,58	1945,57
803,76	1822,69
803,95	1994,72
804,13	1826,79
804,32	1796,07
804,50	1908,71
804,69	1804,26
804,87	1839,08
805,06	1933,28
805,24	1996,77
805,43	1875,94
805,61	1933,28
805,80	1910,75
805,98	1890,28
806,17	1841,12
806,35	1826,79
806,54	1896,42
806,72	1818,60
806,91	1824,74
807,09	1861,60
807,28	1894,37
807,46	1904,61
807,65	1957,86
807,83	1826,79
808,02	1779,68
808,20	1828,84
808,39	1886,18
808,57	1785,83
808,76	1853,41
808,94	1888,23
809,13	1845,22
809,31	1880,04
809,49	1933,28
809,68	1834,98
809,86	1875,94
810,05	1767,40
810,23	1853,41
810,42	1882,08
810,60	1798,12
810,79	1781,73
810,97	1742,82
811,16	1826,79
811,34	1847,27
811,53	1767,40
811,71	1787,88
811,89	1894,37
812,08	1849,32
812,26	1828,84
812,45	1820,64
812,63	1806,31
812,82	1875,94
813,00	1830,88
813,19	1773,54
813,37	1877,99
813,55	1773,54
813,74	1816,55
813,92	1898,47
814,11	1787,88
814,29	1650,66
814,48	1873,89
814,66	1806,31
814,84	1855,46
815,03	1822,69
815,21	1824,74
815,40	1853,41
815,58	1732,58
815,77	1812,45
815,95	1804,26
816,13	1705,96
816,32	1888,23
816,50	1888,23
816,69	1806,31
816,87	1759,21
817,05	1785,83
817,24	1800,16
817,42	1724,39
817,61	1777,64
817,79	1794,02
817,97	1822,69
818,16	1701,86
818,34	1865,70
818,53	1693,67
818,71	1849,32
818,89	1755,11
819,08	1865,70
819,26	1857,51
819,45	1816,55
819,63	1769,44
819,81	1777,64
820,00	1900,52
820,18	1742,82
820,36	1853,41
820,55	1699,81
820,73	1681,38
820,92	1740,77
821,10	1738,73
821,28	1789,92
821,47	1861,60
821,65	1763,30
821,83	1886,18
822,02	1789,92
822,20	1687,53
822,39	1736,68
822,57	1716,20
822,75	1767,40
822,94	1746,92
823,12	1773,54
823,30	1726,44
823,49	1863,65
823,67	1839,08
823,85	1877,99
824,04	1765,35
824,22	1757,16
824,40	1865,70
824,59	1851,36
824,77	1789,92
824,95	1726,44
825,14	1791,97
825,32	1732,58
825,50	1781,73
825,69	1765,35
825,87	1871,84
826,05	1769,44
826,24	1849,32
826,42	1826,79
826,60	1808,36
826,79	1822,69
826,97	1814,50
827,15	1775,59
827,34	1820,64
827,52	1689,57
827,70	1718,25
827,89	1699,81
828,07	1722,34
828,25	1814,50
828,44	1775,59
828,62	1748,97
828,80	1828,84
828,98	1820,64
829,17	1746,92
829,35	1832,93
829,53	1775,59
829,72	1755,11
829,90	1742,82
830,08	1740,77
830,27	1837,03
830,45	1804,26
830,63	1845,22
830,81	1763,30
831,00	1800,16
831,18	1759,21
831,36	1814,50
831,55	1734,63
831,73	1665,00
831,91	1716,20
832,09	1826,79
832,28	1839,08
832,46	1753,06
832,64	1834,98
832,82	1683,43
833,01	1775,59
833,19	1763,30
833,37	1763,30
833,55	1738,73
833,74	1845,22
833,92	1765,35
834,10	1763,30
834,29	1695,72
834,47	1773,54
834,65	1736,68
834,83	1689,57
835,02	1724,39
835,20	1773,54
835,38	1736,68
835,56	1771,49
835,75	1841,12
835,93	1888,23
836,11	1828,84
836,29	1660,90
836,47	1791,97
836,66	1681,38
836,84	1769,44
837,02	1673,19
837,20	1796,07
837,39	1822,69
837,57	1771,49
837,75	1755,11
837,93	1773,54
838,12	1718,25
838,30	1753,06
838,48	1798,12
838,66	1812,45
838,84	1722,34
839,03	1802,21
839,21	1763,30
839,39	1759,21
839,57	1843,17
839,75	1775,59
839,94	1753,06
840,12	1703,91
840,30	1740,77
840,48	1843,17
840,66	1761,25
840,85	1759,21
841,03	1781,73
841,21	1800,16
841,39	1826,79
841,57	1720,29
841,76	1798,12
841,94	1859,56
842,12	1798,12
842,30	1746,92
842,48	1791,97
842,67	1775,59
842,85	1710,05
843,03	1765,35
843,21	1738,73
843,39	1832,93
843,57	1753,06
843,76	1834,98
843,94	1710,05
844,12	1812,45
844,30	1677,29
844,48	1730,53
844,66	1775,59
844,85	1751,01
845,03	1751,01
845,21	1677,29
845,39	1791,97
845,57	1699,81
845,75	1781,73
845,94	1789,92
846,12	1689,57
846,30	1798,12
846,48	1742,82
846,66	1789,92
846,84	1685,48
847,02	1773,54
847,21	1769,44
847,39	1728,49
847,57	1759,21
847,75	1705,96
847,93	1697,77
848,11	1693,67
848,29	1734,63
848,48	1677,29
848,66	1675,24
848,84	1763,30
849,02	1744,87
849,20	1710,05
849,38	1716,20
849,56	1779,68
849,74	1804,26
849,93	1904,61
850,11	1806,31
850,29	1718,25
850,47	1740,77
850,65	1681,38
850,83	1705,96
851,01	1673,19
851,19	1773,54
851,37	1662,95
851,56	1675,24
851,74	1779,68
851,92	1683,43
852,10	1777,64
852,28	1796,07
852,46	1710,05
852,64	1765,35
852,82	1714,15
853,00	1718,25
853,18	1726,44
853,37	1781,73
853,55	1703,91
853,73	1781,73
853,91	1703,91
854,09	1742,82
854,27	1773,54
854,45	1894,37
854,63	1779,68
854,81	1697,77
854,99	1736,68
855,17	1638,38
855,35	1761,25
855,53	1699,81
855,72	1712,10
855,90	1728,49
856,08	1816,55
856,26	1636,33
856,44	1810,40
856,62	1626,09
856,80	1689,57
856,98	1675,24
857,16	1687,53
857,34	1705,96
857,52	1753,06
857,70	1828,84
857,88	1685,48
858,06	1687,53
858,24	1824,74
858,42	1824,74
858,60	1810,40
858,78	1728,49
858,96	1746,92
859,15	1699,81
859,33	1673,19
859,51	1734,63
859,69	1734,63
859,87	1624,04
860,05	1671,14
860,23	1753,06
860,41	1734,63
860,59	1718,25
860,77	1710,05
860,95	1779,68
861,13	1636,33
861,31	1699,81
861,49	1705,96
861,67	1705,96
861,85	1810,40
862,03	1794,02
862,21	1761,25
862,39	1634,28
862,57	1806,31
862,75	1687,53
862,93	1679,33
863,11	1794,02
863,29	1558,50
863,47	1701,86
863,65	1724,39
863,83	1705,96
864,01	1740,77
864,19	1699,81
864,37	1630,18
864,55	1669,09
864,73	1705,96
864,91	1679,33
865,09	1730,53
865,27	1773,54
865,45	1599,46
865,63	1724,39
865,81	1722,34
865,99	1642,47
866,17	1744,87
866,35	1722,34
866,53	1789,92
866,71	1681,38
866,89	1683,43
867,07	1634,28
867,24	1703,91
867,42	1730,53
867,60	1779,68
867,78	1675,24
867,96	1673,19
868,14	1732,58
868,32	1789,92
868,50	1763,30
868,68	1724,39
868,86	1769,44
869,04	1738,73
869,22	1689,57
869,40	1646,57
869,58	1730,53
869,76	1665,00
869,94	1630,18
870,12	1703,91
870,30	1658,85
870,48	1759,21
870,66	1703,91
870,83	1687,53
871,01	1671,14
871,19	1665,00
871,37	1671,14
871,55	1665,00
871,73	1615,85
871,91	1791,97
872,09	1660,90
872,27	1624,04
872,45	1654,76
872,63	1587,18
872,81	1677,29
872,98	1761,25
873,16	1738,73
873,34	1703,91
873,52	1642,47
873,70	1738,73
873,88	1626,09
874,06	1628,14
874,24	1744,87
874,42	1581,03
874,60	1658,85
874,78	1634,28
874,95	1665,00
875,13	1648,61
875,31	1697,77
875,49	1761,25
875,67	1671,14
875,85	1640,42
876,03	1697,77
876,21	1697,77
876,39	1699,81
876,56	1705,96
876,74	1599,46
876,92	1685,48
877,10	1718,25
877,28	1730,53
877,46	1677,29
877,64	1736,68
877,82	1728,49
877,99	1613,80
878,17	1681,38
878,35	1617,90
878,53	1714,15
878,71	1722,34
878,89	1630,18
879,07	1798,12
879,24	1732,58
879,42	1787,88
879,60	1712,10
879,78	1773,54
879,96	1677,29
880,14	1796,07
880,32	1613,80
880,49	1662,95
880,67	1714,15
880,85	1650,66
881,03	1634,28
881,21	1656,81
881,39	1646,57
881,56	1689,57
881,74	1679,33
881,92	1685,48
882,10	1617,90
882,28	1740,77
882,46	1693,67
882,63	1681,38
882,81	1646,57
882,99	1650,66
883,17	1679,33
883,35	1710,05
883,52	1787,88
883,70	1712,10
883,88	1656,81
884,06	1720,29
884,24	1726,44
884,42	1767,40
884,59	1662,95
884,77	1732,58
884,95	1572,84
885,13	1716,20
885,31	1712,10
885,48	1574,89
885,66	1765,35
885,84	1673,19
886,02	1689,57
886,20	1767,40
886,37	1728,49
886,55	1744,87
886,73	1757,16
886,91	1615,85
887,08	1662,95
887,26	1714,15
887,44	1693,67
887,62	1593,32
887,80	1714,15
887,97	1695,72
888,15	1744,87
888,33	1685,48
888,51	1689,57
888,68	1667,05
888,86	1728,49
889,04	1632,23
889,22	1677,29
889,40	1617,90
889,57	1669,09
889,75	1742,82
889,93	1726,44
890,11	1708,01
890,28	1693,67
890,46	1642,47
890,64	1730,53
890,82	1736,68
890,99	1753,06
891,17	1589,22
891,35	1615,85
891,53	1658,85
891,70	1605,61
891,88	1662,95
892,06	1630,18
892,24	1693,67
892,41	1671,14
892,59	1595,37
892,77	1650,66
892,94	1673,19
893,12	1640,42
893,30	1556,46
893,48	1671,14
893,65	1808,36
893,83	1646,57
894,01	1697,77
894,19	1671,14
894,36	1753,06
894,54	1624,04
894,72	1624,04
894,89	1591,27
895,07	1591,27
895,25	1630,18
895,43	1591,27
895,60	1630,18
895,78	1656,81
895,96	1677,29
896,13	1658,85
896,31	1675,24
896,49	1673,19
896,66	1599,46
896,84	1697,77
897,02	1699,81
897,20	1630,18
897,37	1642,47
897,55	1583,08
897,73	1662,95
897,90	1687,53
898,08	1695,72
898,26	1685,48
898,43	1722,34
898,61	1712,10
898,79	1605,61
898,96	1601,51
899,14	1660,90
899,32	1695,72
899,49	1621,99
899,67	1681,38
899,85	1748,97
900,02	1673,19
900,20	1689,57
900,38	1673,19
900,55	1757,16
900,73	1779,68
900,91	1607,66
901,08	1738,73
901,26	1617,90
901,44	1632,23
901,61	1595,37
901,79	1644,52
901,97	1681,38
902,14	1597,42
902,32	1718,25
902,50	1640,42
902,67	1656,81
902,85	1703,91
903,02	1648,61
903,20	1671,14
903,38	1681,38
903,55	1544,17
903,73	1642,47
903,91	1675,24
904,08	1777,64
904,26	1628,14
904,44	1751,01
904,61	1640,42
904,79	1656,81
904,96	1769,44
905,14	1671,14
905,32	1681,38
905,49	1599,46
905,67	1640,42
905,84	1665,00
906,02	1669,09
906,20	1667,05
906,37	1779,68
906,55	1662,95
906,73	1628,14
906,90	1671,14
907,08	1720,29
907,25	1583,08
907,43	1738,73
907,61	1550,31
907,78	1656,81
907,96	1484,78
908,13	1652,71
908,31	1662,95
908,48	1656,81
908,66	1644,52
908,84	1714,15
909,01	1716,20
909,19	1744,87
909,36	1615,85
909,54	1591,27
909,72	1691,62
909,89	1603,56
910,07	1529,83
910,24	1695,72
910,42	1675,24
910,59	1570,79
910,77	1691,62
910,95	1548,26
911,12	1607,66
911,30	1595,37
911,47	1605,61
911,65	1636,33
911,82	1679,33
912,00	1705,96
912,17	1597,42
912,35	1646,57
912,53	1681,38
912,70	1687,53
912,88	1642,47
913,05	1644,52
913,23	1665,00
913,40	1634,28
913,58	1538,02
913,75	1650,66
913,93	1562,60
914,10	1650,66
914,28	1576,94
914,46	1621,99
914,63	1619,94
914,81	1742,82
914,98	1628,14
915,16	1656,81
915,33	1609,70
915,51	1703,91
915,68	1751,01
915,86	1615,85
916,03	1578,98
916,21	1609,70
916,38	1683,43
916,56	1646,57
916,73	1724,39
916,91	1599,46
917,08	1585,13
917,26	1683,43
917,43	1570,79
917,61	1613,80
917,78	1714,15
917,96	1519,59
918,13	1607,66
918,31	1519,59
918,48	1613,80
918,66	1515,50
918,83	1773,54
919,01	1613,80
919,18	1677,29
919,36	1542,12
919,53	1650,66
919,71	1742,82
919,88	1665,00
920,06	1587,18
920,23	1540,07
920,41	1615,85
920,58	1624,04
920,76	1542,12
920,93	1652,71
921,11	1642,47
921,28	1578,98
921,45	1716,20
921,63	1648,61
921,80	1660,90
921,98	1591,27
922,15	1564,65
922,33	1544,17
922,50	1650,66
922,68	1634,28
922,85	1597,42
923,03	1617,90
923,20	1757,16
923,38	1640,42
923,55	1679,33
923,72	1589,22
923,90	1761,25
924,07	1597,42
924,25	1601,51
924,42	1716,20
924,60	1597,42
924,77	1660,90
924,95	1636,33
925,12	1652,71
925,29	1748,97
925,47	1619,94
925,64	1521,64
925,82	1595,37
925,99	1607,66
926,17	1615,85
926,34	1642,47
926,51	1667,05
926,69	1650,66
926,86	1669,09
927,04	1595,37
927,21	1662,95
927,38	1550,31
927,56	1644,52
927,73	1615,85
927,91	1654,76
928,08	1748,97
928,25	1652,71
928,43	1677,29
928,60	1595,37
928,78	1638,38
928,95	1587,18
929,12	1630,18
929,30	1654,76
929,47	1640,42
929,65	1533,93
929,82	1517,54
929,99	1615,85
930,17	1501,16
930,34	1675,24
930,52	1658,85
930,69	1597,42
930,86	1550,31
931,04	1609,70
931,21	1570,79
931,38	1566,70
931,56	1601,51
931,73	1671,14
931,91	1621,99
932,08	1615,85
932,25	1648,61
932,43	1570,79
932,60	1548,26
932,77	1552,36
932,95	1640,42
933,12	1591,27
933,29	1572,84
933,47	1630,18
933,64	1591,27
933,82	1609,70
933,99	1529,83
934,16	1605,61
934,34	1691,62
934,51	1515,50
934,68	1578,98
934,86	1611,75
935,03	1566,70
935,20	1515,50
935,38	1474,54
935,55	1527,78
935,72	1581,03
935,90	1566,70
936,07	1585,13
936,24	1546,22
936,42	1685,48
936,59	1665,00
936,76	1687,53
936,94	1527,78
937,11	1656,81
937,28	1533,93
937,46	1603,56
937,63	1581,03
937,80	1652,71
937,97	1634,28
938,15	1564,65
938,32	1593,32
938,49	1650,66
938,67	1564,65
938,84	1689,57
939,01	1605,61
939,19	1607,66
939,36	1642,47
939,53	1628,14
939,70	1578,98
939,88	1574,89
940,05	1669,09
940,22	1701,86
940,40	1677,29
940,57	1671,14
940,74	1548,26
940,92	1509,35
941,09	1581,03
941,26	1523,69
941,43	1654,76
941,61	1548,26
941,78	1603,56
941,95	1662,95
942,12	1515,50
942,30	1576,94
942,47	1593,32
942,64	1466,35
942,82	1679,33
942,99	1679,33
943,16	1535,98
943,33	1609,70
943,51	1558,50
943,68	1595,37
943,85	1548,26
944,02	1552,36
944,20	1648,61
944,37	1605,61
944,54	1587,18
944,71	1691,62
944,89	1624,04
945,06	1540,07
945,23	1560,55
945,40	1648,61
945,58	1570,79
945,75	1509,35
945,92	1644,52
946,09	1554,41
946,27	1605,61
946,44	1568,74
946,61	1753,06
946,78	1615,85
946,95	1517,54
947,13	1583,08
947,30	1581,03
947,47	1556,46
947,64	1576,94
947,82	1652,71
947,99	1578,98
948,16	1609,70
948,33	1683,43
948,50	1554,41
948,68	1624,04
948,85	1589,22
949,02	1626,09
949,19	1566,70
949,36	1581,03
949,54	1640,42
949,71	1665,00
949,88	1581,03
950,05	1558,50
950,22	1636,33
950,40	1628,14
950,57	1535,98
950,74	1687,53
950,91	1718,25
951,08	1576,94
951,26	1597,42
951,43	1556,46
951,60	1548,26
951,77	1652,71
951,94	1662,95
952,11	1609,70
952,29	1644,52
952,46	1519,59
952,63	1656,81
952,80	1621,99
952,97	1560,55
953,15	1605,61
953,32	1572,84
953,49	1490,92
953,66	1566,70
953,83	1523,69
954,00	1611,75
954,17	1632,23
954,35	1712,10
954,52	1591,27
954,69	1656,81
954,86	1716,20
955,03	1656,81
955,20	1589,22
955,38	1648,61
955,55	1558,50
955,72	1585,13
955,89	1533,93
956,06	1564,65
956,23	1576,94
956,40	1597,42
956,58	1546,22
956,75	1607,66
956,92	1589,22
957,09	1581,03
957,26	1556,46
957,43	1556,46
957,60	1613,80
957,77	1556,46
957,95	1636,33
958,12	1621,99
958,29	1597,42
958,46	1699,81
958,63	1482,73
958,80	1648,61
958,97	1669,09
959,14	1552,36
959,31	1566,70
959,49	1624,04
959,66	1576,94
959,83	1630,18
960,00	1568,74
960,17	1638,38
960,34	1589,22
960,51	1562,60
960,68	1611,75
960,85	1669,09
961,02	1544,17
961,20	1490,92
961,37	1572,84
961,54	1611,75
961,71	1617,90
961,88	1662,95
962,05	1564,65
962,22	1662,95
962,39	1603,56
962,56	1542,12
962,73	1572,84
962,90	1587,18
963,07	1636,33
963,24	1587,18
963,42	1554,41
963,59	1673,19
963,76	1607,66
963,93	1703,91
964,10	1533,93
964,27	1578,98
964,44	1640,42
964,61	1658,85
964,78	1630,18
964,95	1601,51
965,12	1568,74
965,29	1650,66
965,46	1599,46
965,63	1634,28
965,80	1562,60
965,97	1546,22
966,14	1544,17
966,31	1538,02
966,48	1675,24
966,66	1671,14
966,83	1607,66
967,00	1615,85
967,17	1634,28
967,34	1611,75
967,51	1593,32
967,68	1650,66
967,85	1497,07
968,02	1701,86
968,19	1525,74
968,36	1675,24
968,53	1523,69
968,70	1527,78
968,87	1603,56
969,04	1605,61
969,21	1566,70
969,38	1705,96
969,55	1501,16
969,72	1564,65
969,89	1646,57
970,06	1654,76
970,23	1513,45
970,40	1595,37
970,57	1568,74
970,74	1562,60
970,91	1519,59
971,08	1515,50
971,25	1515,50
971,42	1662,95
971,59	1607,66
971,76	1531,88
971,93	1605,61
972,10	1519,59
972,27	1550,31
972,44	1576,94
972,61	1617,90
972,78	1554,41
972,95	1619,94
973,12	1724,39
973,29	1626,09
973,46	1585,13
973,63	1648,61
973,80	1640,42
973,97	1597,42
974,14	1597,42
974,30	1593,32
974,47	1642,47
974,64	1658,85
974,81	1607,66
974,98	1650,66
975,15	1603,56
975,32	1619,94
975,49	1603,56
975,66	1617,90
975,83	1679,33
976,00	1669,09
976,17	1513,45
976,34	1619,94
976,51	1566,70
976,68	1578,98
976,85	1693,67
977,02	1605,61
977,19	1538,02
977,36	1513,45
977,52	1669,09
977,69	1619,94
977,86	1650,66
978,03	1554,41
978,20	1667,05
978,37	1554,41
978,54	1638,38
978,71	1638,38
978,88	1742,82
979,05	1570,79
979,22	1535,98
979,39	1648,61
979,56	1617,90
979,72	1550,31
979,89	1667,05
980,06	1642,47
980,23	1660,90
980,40	1576,94
980,57	1624,04
980,74	1599,46
980,91	1552,36
981,08	1552,36
981,25	1640,42
981,41	1617,90
981,58	1540,07
981,75	1544,17
981,92	1601,51
982,09	1613,80
982,26	1538,02
982,43	1492,97
982,60	1691,62
982,77	1507,30
982,93	1613,80
983,10	1509,35
983,27	1583,08
983,44	1576,94
983,61	1705,96
983,78	1542,12
983,95	1458,15
984,11	1533,93
984,28	1636,33
984,45	1468,39
984,62	1531,88
984,79	1630,18
984,96	1644,52
985,13	1589,22
985,30	1705,96
985,46	1490,92
985,63	1581,03
985,80	1710,05
985,97	1517,54
986,14	1527,78
986,31	1673,19
986,47	1554,41
986,64	1542,12
986,81	1581,03
986,98	1566,70
987,15	1572,84
987,32	1689,57
987,48	1568,74
987,65	1570,79
987,82	1540,07
987,99	1634,28
988,16	1966,05
988,33	1675,24
988,49	1550,31
988,66	1654,76
988,83	1574,89
989,00	1640,42
989,17	1546,22
989,34	1665,00
989,50	1597,42
989,67	1562,60
989,84	1507,30
990,01	1542,12
990,18	1615,85
990,34	1644,52
990,51	1533,93
990,68	1570,79
990,85	1683,43
991,02	1587,18
991,18	1581,03
991,35	1552,36
991,52	1697,77
991,69	1576,94
991,86	1630,18
992,02	1605,61
992,19	1523,69
992,36	1660,90
992,53	1562,60
992,69	1607,66
992,86	1630,18
993,03	1679,33
993,20	1484,78
993,37	1630,18
993,53	1679,33
993,70	1597,42
993,87	1556,46
994,04	1597,42
994,20	1636,33
994,37	1585,13
994,54	1626,09
994,71	1531,88
994,87	1628,14
995,04	1642,47
995,21	1589,22
995,38	1538,02
995,55	1538,02
995,71	1626,09
995,88	1583,08
996,05	1564,65
996,22	1603,56
996,38	1587,18
996,55	1535,98
996,72	1546,22
996,88	1730,53
997,05	2596,82
997,22	1540,07
997,39	1566,70
997,55	1576,94
997,72	1499,11
997,89	1607,66
998,06	1538,02
998,22	1654,76
998,39	1554,41
998,56	1585,13
998,73	1650,66
998,89	1570,79
999,06	1605,61
999,23	1568,74
999,39	1613,80
999,56	1601,51
999,73	1611,75
999,90	1554,41
1000,06	1628,14
1000,23	1642,47
1000,40	1665,00
1000,56	1550,31
1000,73	1601,51
1000,90	1572,84
1001,06	1550,31
1001,23	1558,50
1001,40	1630,18
1001,57	1583,08
1001,73	1564,65
1001,90	1492,97
1002,07	1523,69
1002,23	1648,61
1002,40	1597,42
1002,57	1628,14
1002,73	1585,13
1002,90	1533,93
1003,07	1626,09
1003,23	1497,07
1003,40	1486,83
1003,57	1564,65
1003,73	1544,17
1003,90	1583,08
1004,07	1445,87
1004,23	1552,36
1004,40	1658,85
1004,57	1591,27
1004,73	1509,35
1004,90	1574,89
1005,07	1589,22
1005,23	1648,61
1005,40	1562,60
1005,57	1562,60
1005,73	1517,54
1005,90	1560,55
1006,07	1648,61
1006,23	1593,32
1006,40	1591,27
1006,57	1521,64
1006,73	1617,90
1006,90	1585,13
1007,06	1554,41
1007,23	1501,16
1007,40	1568,74
1007,56	1636,33
1007,73	1572,84
1007,90	1525,74
1008,06	1634,28
1008,23	1599,46
1008,40	1662,95
1008,56	1576,94
1008,73	1587,18
1008,89	1609,70
1009,06	1703,91
1009,23	1585,13
1009,39	1652,71
1009,56	1574,89
1009,72	1665,00
1009,89	1658,85
1010,06	1578,98
1010,22	1562,60
1010,39	1515,50
1010,55	1593,32
1010,72	1656,81
1010,89	1603,56
1011,05	1609,70
1011,22	1595,37
1011,38	1589,22
1011,55	1472,49
1011,72	1497,07
1011,88	1544,17
1012,05	1589,22
1012,21	1570,79
1012,38	1640,42
1012,55	1646,57
1012,71	1529,83
1012,88	1597,42
1013,04	1621,99
1013,21	1515,50
1013,37	1615,85
1013,54	1556,46
1013,71	1558,50
1013,87	1640,42
1014,04	1572,84
1014,20	1671,14
1014,37	1581,03
1014,53	1593,32
1014,70	1529,83
1014,87	1583,08
1015,03	1642,47
1015,20	1511,40
1015,36	1574,89
1015,53	1515,50
1015,69	1621,99
1015,86	1585,13
1016,02	1583,08
1016,19	1714,15
1016,36	1613,80
1016,52	1523,69
1016,69	1581,03
1016,85	1617,90
1017,02	1634,28
1017,18	1544,17
1017,35	1595,37
1017,51	1560,55
1017,68	1560,55
1017,84	1464,30
1018,01	1533,93
1018,17	1648,61
1018,34	1730,53
1018,50	1511,40
1018,67	1609,70
1018,84	1699,81
1019,00	1556,46
1019,17	1591,27
1019,33	1581,03
1019,50	1648,61
1019,66	1615,85
1019,83	1525,74
1019,99	1644,52
1020,16	1511,40
1020,32	1538,02
1020,49	1589,22
1020,65	1621,99
1020,82	1679,33
1020,98	1644,52
1021,15	1535,98
1021,31	1671,14
1021,48	1624,04
1021,64	1587,18
1021,81	1578,98
1021,97	1527,78
1022,14	1648,61
1022,30	1617,90
1022,47	1574,89
1022,63	1570,79
1022,79	1613,80
1022,96	1605,61
1023,12	1538,02
1023,29	1638,38
1023,45	1716,20
1023,62	1671,14
1023,78	1587,18
1023,95	1548,26
1024,11	1601,51
1024,28	1544,17
1024,44	1603,56
1024,61	1581,03
1024,77	1550,31
1024,94	1576,94
1025,10	1632,23
1025,26	1564,65
1025,43	1581,03
1025,59	1599,46
1025,76	1654,76
1025,92	1574,89
1026,09	1583,08
1026,25	1710,05
1026,42	1511,40
1026,58	1564,65
1026,74	1554,41
1026,91	1628,14
1027,07	1570,79
1027,24	1720,29
1027,40	1531,88
1027,57	1638,38
1027,73	1517,54
1027,90	1662,95
1028,06	1523,69
1028,22	1574,89
1028,39	1591,27
1028,55	1621,99
1028,72	1609,70
1028,88	1665,00
1029,04	1619,94
1029,21	1650,66
1029,37	1617,90
1029,54	1683,43
1029,70	1529,83
1029,87	1570,79
1030,03	1570,79
1030,19	1710,05
1030,36	1589,22
1030,52	1578,98
1030,69	1449,96
1030,85	1546,22
1031,01	1660,90
1031,18	1525,74
1031,34	1550,31
1031,50	1574,89
1031,67	1542,12
1031,83	1601,51
1032,00	1568,74
1032,16	1609,70
1032,32	1519,59
1032,49	1593,32
1032,65	1685,48
1032,82	1638,38
1032,98	1558,50
1033,14	1535,98
1033,31	1630,18
1033,47	1669,09
1033,63	1544,17
1033,80	1578,98
1033,96	1564,65
1034,13	1572,84
1034,29	1519,59
1034,45	1515,50
1034,62	1609,70
1034,78	1687,53
1034,94	1507,30
1035,11	1632,23
1035,27	1470,44
1035,43	1613,80
1035,60	1624,04
1035,76	1476,59
1035,92	1576,94
1036,09	1611,75
1036,25	1603,56
1036,41	1585,13
1036,58	1531,88
1036,74	1705,96
1036,90	1464,30
1037,07	1554,41
1037,23	1626,09
1037,39	1662,95
1037,56	1503,21
1037,72	1708,01
1037,88	1605,61
1038,05	1548,26
1038,21	1595,37
1038,37	1638,38
1038,54	1638,38
1038,70	1626,09
1038,86	1554,41
1039,03	1597,42
1039,19	1619,94
1039,35	1511,40
1039,52	1497,07
1039,68	1480,68
1039,84	1497,07
1040,00	1601,51
1040,17	1568,74
1040,33	1605,61
1040,49	1556,46
1040,66	1566,70
1040,82	1552,36
1040,98	1587,18
1041,15	1574,89
1041,31	1572,84
1041,47	1560,55
1041,63	1583,08
1041,80	1578,98
1041,96	1656,81
1042,12	1527,78
1042,29	1593,32
1042,45	1599,46
1042,61	1507,30
1042,77	1570,79
1042,94	1628,14
1043,10	1705,96
1043,26	1572,84
1043,42	1556,46
1043,59	1609,70
1043,75	1564,65
1043,91	1613,80
1044,07	1558,50
1044,24	1576,94
1044,40	1603,56
