345,22	1193,97
345,44	1193,97
345,66	1193,97
345,88	1232,88
346,10	1230,83
346,32	1447,91
346,54	1466,35
346,75	1431,53
346,97	1351,66
347,19	1372,14
347,41	1378,28
347,63	1409,00
347,85	1388,52
348,07	1378,28
348,29	1482,73
348,51	1423,34
348,73	1441,77
348,95	1394,67
349,16	1374,19
349,38	1343,47
349,60	1363,95
349,82	1423,34
350,04	1306,60
350,26	1429,48
350,48	1421,29
350,70	1513,45
350,92	1413,10
351,14	1398,76
351,35	1486,83
351,57	1402,86
351,79	1419,24
352,01	1351,66
352,23	1368,04
352,45	1447,91
352,67	1366,00
352,89	1415,15
353,10	1368,04
353,32	1431,53
353,54	1396,71
353,76	1409,00
353,98	1449,96
354,20	1443,82
354,42	1421,29
354,64	1441,77
354,85	1435,63
355,07	1398,76
355,29	1366,00
355,51	1284,08
355,73	1411,05
355,95	1353,71
356,17	1429,48
356,38	1392,62
356,60	1402,86
356,82	1429,48
357,04	1378,28
357,26	1439,72
357,48	1456,11
357,69	1368,04
357,91	1394,67
358,13	1411,05
358,35	1515,50
358,57	1431,53
358,79	1472,49
359,01	1421,29
359,22	1443,82
359,44	1427,43
359,66	1456,11
359,88	1423,34
360,10	1374,19
360,32	1368,04
360,53	1394,67
360,75	1400,81
360,97	1511,40
361,19	1404,91
361,41	1456,11
361,62	1484,78
361,84	1384,43
362,06	1415,15
362,28	1423,34
362,50	1495,02
362,72	1302,51
362,93	1347,56
363,15	1361,90
363,37	1318,89
363,59	1378,28
363,81	1331,18
364,02	1452,01
364,24	1404,91
364,46	1378,28
364,68	1368,04
364,90	1404,91
365,11	1456,11
365,33	1507,30
365,55	1327,08
365,77	1353,71
365,99	1396,71
366,20	1515,50
366,42	1411,05
366,64	1331,18
366,86	1421,29
367,07	1458,15
367,29	1302,51
367,51	1415,15
367,73	1409,00
367,95	1452,01
368,16	1462,25
368,38	1458,15
368,60	1409,00
368,82	1417,19
369,03	1515,50
369,25	1468,39
369,47	1406,95
369,69	1312,75
369,91	1425,39
370,12	1347,56
370,34	1294,32
370,56	1380,33
370,78	1462,25
370,99	1429,48
371,21	1419,24
371,43	1435,63
371,65	1368,04
371,86	1347,56
372,08	1452,01
372,30	1390,57
372,52	1415,15
372,73	1441,77
372,95	1427,43
373,17	1409,00
373,39	1449,96
373,60	1376,24
373,82	1353,71
374,04	1370,09
374,26	1456,11
374,47	1464,30
374,69	1423,34
374,91	1413,10
375,12	1488,87
375,34	1454,06
375,56	1368,04
375,78	1376,24
375,99	1376,24
376,21	1488,87
376,43	1411,05
376,65	1433,58
376,86	1417,19
377,08	1415,15
377,30	1449,96
377,51	1409,00
377,73	1370,09
377,95	1370,09
378,17	1425,39
378,38	1400,81
378,60	1447,91
378,82	1441,77
379,03	1447,91
379,25	1437,67
379,47	1515,50
379,68	1366,00
379,90	1302,51
380,12	1419,24
380,34	1370,09
380,55	1390,57
380,77	1447,91
380,99	1339,37
381,20	1439,72
381,42	1366,00
381,64	1331,18
381,85	1425,39
382,07	1468,39
382,29	1404,91
382,50	1472,49
382,72	1400,81
382,94	1398,76
383,15	1368,04
383,37	1452,01
383,59	1425,39
383,80	1359,85
384,02	1443,82
384,24	1384,43
384,45	1329,13
384,67	1357,80
384,89	1398,76
385,10	1398,76
385,32	1427,43
385,54	1419,24
385,75	1431,53
385,97	1474,54
386,19	1523,69
386,40	1452,01
386,62	1335,28
386,84	1439,72
387,05	1392,62
387,27	1396,71
387,49	1458,15
387,70	1390,57
387,92	1437,67
388,14	1370,09
388,35	1413,10
388,57	1388,52
388,79	1511,40
389,00	1388,52
389,22	1404,91
389,43	1400,81
389,65	1490,92
389,87	1488,87
390,08	1314,80
390,30	1425,39
390,52	1458,15
390,73	1398,76
390,95	1447,91
391,17	1415,15
391,38	1355,76
391,60	1433,58
391,81	1423,34
392,03	1388,52
392,25	1419,24
392,46	1294,32
392,68	1406,95
392,89	1417,19
393,11	1347,56
393,33	1456,11
393,54	1388,52
393,76	1409,00
393,98	1474,54
394,19	1355,76
394,41	1390,57
394,62	1355,76
394,84	1456,11
395,06	1384,43
395,27	1392,62
395,49	1419,24
395,70	1466,35
395,92	1388,52
396,13	1415,15
396,35	1425,39
396,57	1400,81
396,78	1394,67
397,00	1368,04
397,21	1378,28
397,43	1425,39
397,65	1488,87
397,86	1533,93
398,08	1378,28
398,29	1482,73
398,51	1359,85
398,72	1443,82
398,94	1521,64
399,16	1388,52
399,37	1392,62
399,59	1445,87
399,80	1466,35
400,02	1400,81
400,23	1482,73
400,45	1464,30
400,67	1456,11
400,88	1366,00
401,10	1423,34
401,31	1368,04
401,53	1376,24
401,74	1429,48
401,96	1447,91
402,17	1368,04
402,39	1413,10
402,61	1374,19
402,82	1349,61
403,04	1421,29
403,25	1435,63
403,47	1452,01
403,68	1441,77
403,90	1499,11
404,11	1372,14
404,33	1351,66
404,54	1472,49
404,76	1437,67
404,97	1404,91
405,19	1540,07
405,41	1460,20
405,62	1474,54
405,84	1308,65
406,05	1458,15
406,27	1366,00
406,48	1462,25
406,70	1429,48
406,91	1374,19
407,13	1402,86
407,34	1380,33
407,56	1466,35
407,77	1449,96
407,99	1398,76
408,20	1458,15
408,42	1404,91
408,63	1425,39
408,85	1339,37
409,06	1382,38
409,28	1464,30
409,49	1402,86
409,71	1384,43
409,92	1462,25
410,14	1419,24
410,35	1503,21
410,57	1437,67
410,78	1402,86
411,00	1431,53
411,21	1449,96
411,43	1454,06
411,64	1484,78
411,86	1384,43
412,07	1517,54
412,29	1437,67
412,50	1419,24
412,72	1466,35
412,93	1556,46
413,15	1499,11
413,36	1413,10
413,58	1470,44
413,79	1443,82
414,01	1482,73
414,22	1495,02
414,43	1449,96
414,65	1445,87
414,86	1392,62
415,08	1441,77
415,29	1495,02
415,51	1505,26
415,72	1366,00
415,94	1427,43
416,15	1421,29
416,37	1449,96
416,58	1374,19
416,80	1366,00
417,01	1398,76
417,22	1370,09
417,44	1466,35
417,65	1390,57
417,87	1439,72
418,08	1531,88
418,30	1368,04
418,51	1441,77
418,73	1386,47
418,94	1415,15
419,15	1458,15
419,37	1435,63
419,58	1331,18
419,80	1431,53
420,01	1533,93
420,23	1488,87
420,44	1404,91
420,65	1423,34
420,87	1546,22
421,08	1474,54
421,30	1490,92
421,51	1433,58
421,73	1413,10
421,94	1427,43
422,15	1429,48
422,37	1411,05
422,58	1363,95
422,80	1400,81
423,01	1404,91
423,22	1355,76
423,44	1382,38
423,65	1396,71
423,87	1353,71
424,08	1460,20
424,29	1421,29
424,51	1372,14
424,72	1519,59
424,94	1449,96
425,15	1415,15
425,36	1476,59
425,58	1437,67
425,79	1456,11
426,01	1417,19
426,22	1472,49
426,43	1456,11
426,65	1329,13
426,86	1441,77
427,08	1447,91
427,29	1349,61
427,50	1458,15
427,72	1454,06
427,93	1396,71
428,14	1382,38
428,36	1353,71
428,57	1495,02
428,79	1382,38
429,00	1452,01
429,21	1394,67
429,43	1445,87
429,64	1449,96
429,85	1392,62
430,07	1472,49
430,28	1458,15
430,49	1417,19
430,71	1427,43
430,92	1419,24
431,14	1396,71
431,35	1490,92
431,56	1464,30
431,78	1402,86
431,99	1529,83
432,20	1462,25
432,42	1322,99
432,63	1390,57
432,84	1413,10
433,06	1392,62
433,27	1376,24
433,48	1495,02
433,70	1443,82
433,91	1550,31
434,12	1325,04
434,34	1437,67
434,55	1501,16
434,76	1382,38
434,98	1474,54
435,19	1339,37
435,40	1382,38
435,62	1425,39
435,83	1466,35
436,04	1439,72
436,26	1458,15
436,47	1402,86
436,68	1361,90
436,90	1419,24
437,11	1366,00
437,32	1443,82
437,54	1443,82
437,75	1413,10
437,96	1507,30
438,17	1470,44
438,39	1386,47
438,60	1458,15
438,81	1394,67
439,03	1468,39
439,24	1382,38
439,45	1458,15
439,67	1384,43
439,88	1517,54
440,09	1452,01
440,30	1456,11
440,52	1398,76
440,73	1353,71
440,94	1402,86
441,16	1366,00
441,37	1406,95
441,58	1419,24
441,80	1374,19
442,01	1384,43
442,22	1462,25
442,43	1476,59
442,65	1488,87
442,86	1419,24
443,07	1425,39
443,28	1378,28
443,50	1400,81
443,71	1460,20
443,92	1445,87
444,14	1413,10
444,35	1462,25
444,56	1386,47
444,77	1388,52
444,99	1462,25
445,20	1437,67
445,41	1476,59
445,62	1374,19
445,84	1429,48
446,05	1376,24
446,26	1439,72
446,47	1413,10
446,69	1443,82
446,90	1449,96
447,11	1478,63
447,32	1394,67
447,54	1439,72
447,75	1361,90
447,96	1435,63
448,17	1388,52
448,39	1413,10
448,60	1347,56
448,81	1484,78
449,02	1507,30
449,23	1419,24
449,45	1462,25
449,66	1460,20
449,87	1423,34
450,08	1411,05
450,30	1394,67
450,51	1388,52
450,72	1464,30
450,93	1380,33
451,15	1394,67
451,36	1445,87
451,57	1468,39
451,78	1372,14
451,99	1376,24
452,21	1366,00
452,42	1380,33
452,63	1452,01
452,84	1314,80
453,05	1413,10
453,27	1394,67
453,48	1527,78
453,69	1378,28
453,90	1419,24
454,11	1396,71
454,33	1390,57
454,54	1435,63
454,75	1454,06
454,96	1433,58
455,17	1376,24
455,39	1441,77
455,60	1376,24
455,81	1419,24
456,02	1437,67
456,23	1509,35
456,45	1398,76
456,66	1456,11
456,87	1449,96
457,08	1435,63
457,29	1550,31
457,50	1411,05
457,72	1474,54
457,93	1372,14
458,14	1417,19
458,35	1486,83
458,56	1464,30
458,77	1441,77
458,99	1398,76
459,20	1396,71
459,41	1366,00
459,62	1470,44
459,83	1376,24
460,04	1402,86
460,26	1390,57
460,47	1533,93
460,68	1480,68
460,89	1452,01
461,10	1433,58
461,31	1353,71
461,52	1320,94
461,74	1449,96
461,95	1396,71
462,16	1433,58
462,37	1478,63
462,58	1376,24
462,79	1437,67
463,00	1417,19
463,22	1429,48
463,43	1437,67
463,64	1447,91
463,85	1441,77
464,06	1433,58
464,27	1437,67
464,48	1486,83
464,70	1437,67
464,91	1468,39
465,12	1499,11
465,33	1449,96
465,54	1566,70
465,75	1406,95
465,96	1499,11
466,17	1445,87
466,38	1413,10
466,60	1392,62
466,81	1368,04
467,02	1507,30
467,23	1435,63
467,44	1464,30
467,65	1417,19
467,86	1531,88
468,07	1437,67
468,28	1425,39
468,50	1433,58
468,71	1509,35
468,92	1462,25
469,13	1417,19
469,34	1507,30
469,55	1421,29
469,76	1404,91
469,97	1480,68
470,18	1398,76
470,39	1505,26
470,60	1449,96
470,82	1454,06
471,03	1349,61
471,24	1404,91
471,45	1454,06
471,66	1509,35
471,87	1452,01
472,08	1404,91
472,29	1402,86
472,50	1413,10
472,71	1447,91
472,92	1458,15
473,13	1492,97
473,34	1445,87
473,55	1482,73
473,77	1544,17
473,98	1486,83
474,19	1454,06
474,40	1435,63
474,61	1445,87
474,82	1413,10
475,03	1513,45
475,24	1359,85
475,45	1486,83
475,66	1509,35
475,87	1456,11
476,08	1411,05
476,29	1519,59
476,50	1501,16
476,71	1454,06
476,92	1466,35
477,13	1488,87
477,34	1466,35
477,55	1431,53
477,76	1462,25
477,97	1472,49
478,18	1464,30
478,40	1499,11
478,61	1384,43
478,82	1333,23
479,03	1527,78
479,24	1443,82
479,45	1447,91
479,66	1419,24
479,87	1523,69
480,08	1372,14
480,29	1445,87
480,50	1519,59
480,71	1449,96
480,92	1486,83
481,13	1468,39
481,34	1370,09
481,55	1386,47
481,76	1447,91
481,97	1540,07
482,18	1374,19
482,39	1370,09
482,60	1421,29
482,81	1413,10
483,02	1511,40
483,23	1495,02
483,44	1533,93
483,65	1390,57
483,86	1480,68
484,07	1501,16
484,28	1431,53
484,49	1525,74
484,70	1488,87
484,91	1425,39
485,12	1417,19
485,33	1433,58
485,54	1456,11
485,75	1443,82
485,96	1503,21
486,17	1388,52
486,38	1488,87
486,59	1474,54
486,80	1515,50
487,01	1497,07
487,21	1460,20
487,42	1458,15
487,63	1560,55
487,84	1484,78
488,05	1486,83
488,26	1669,09
488,47	1497,07
488,68	1478,63
488,89	1640,42
489,10	1501,16
489,31	1437,67
489,52	1372,14
489,73	1486,83
489,94	1570,79
490,15	1402,86
490,36	1482,73
490,57	1511,40
490,78	1411,05
490,99	1452,01
491,20	1445,87
491,41	1513,45
491,61	1529,83
491,82	1548,26
492,03	1456,11
492,24	1544,17
492,45	1478,63
492,66	1535,98
492,87	1456,11
493,08	1585,13
493,29	1431,53
493,50	1478,63
493,71	1523,69
493,92	1488,87
494,13	1503,21
494,34	1413,10
494,54	1497,07
494,75	1492,97
494,96	1597,42
495,17	1488,87
495,38	1507,30
495,59	1492,97
495,80	1540,07
496,01	1617,90
496,22	1470,44
496,43	1484,78
496,64	1509,35
496,84	1421,29
497,05	1540,07
497,26	1626,09
497,47	1568,74
497,68	1523,69
497,89	1501,16
498,10	1566,70
498,31	1624,04
498,52	1529,83
498,72	1492,97
498,93	1484,78
499,14	1486,83
499,35	1441,77
499,56	1497,07
499,77	1462,25
499,98	1513,45
500,19	1546,22
500,40	1484,78
500,60	1427,43
500,81	1581,03
501,02	1552,36
501,23	1603,56
501,44	1495,02
501,65	1607,66
501,86	1441,77
502,06	1495,02
502,27	1578,98
502,48	1585,13
502,69	1597,42
502,90	1658,85
503,11	1492,97
503,32	1597,42
503,53	1585,13
503,73	1589,22
503,94	1462,25
504,15	1568,74
504,36	1519,59
504,57	1490,92
504,78	1556,46
504,98	1585,13
505,19	1562,60
505,40	1460,20
505,61	1560,55
505,82	1474,54
506,03	1630,18
506,23	1554,41
506,44	1533,93
506,65	1566,70
506,86	1550,31
507,07	1607,66
507,28	1540,07
507,48	1525,74
507,69	1548,26
507,90	1544,17
508,11	1525,74
508,32	1550,31
508,53	1595,37
508,73	1562,60
508,94	1488,87
509,15	1578,98
509,36	1499,11
509,57	1550,31
509,77	1556,46
509,98	1441,77
510,19	1609,70
510,40	1615,85
510,61	1542,12
510,81	1624,04
511,02	1730,53
511,23	1636,33
511,44	1535,98
511,65	1617,90
511,85	1669,09
512,06	1583,08
512,27	1601,51
512,48	1603,56
512,69	1710,05
512,89	1589,22
513,10	1544,17
513,31	1552,36
513,52	1607,66
513,73	1665,00
513,93	1669,09
514,14	1611,75
514,35	1650,66
514,56	1599,46
514,76	1685,48
514,97	1712,10
515,18	1658,85
515,39	1570,79
515,60	1693,67
515,80	1685,48
516,01	1675,24
516,22	1656,81
516,43	1665,00
516,63	1679,33
516,84	1712,10
517,05	1630,18
517,26	1728,49
517,46	1679,33
517,67	1693,67
517,88	1644,52
518,09	1710,05
518,29	1607,66
518,50	1773,54
518,71	1660,90
518,92	1820,64
519,12	1710,05
519,33	1695,72
519,54	1714,15
519,75	1767,40
519,95	1775,59
520,16	1722,34
520,37	1665,00
520,57	1691,62
520,78	1814,50
520,99	1761,25
521,20	1757,16
521,40	1744,87
521,61	1898,47
521,82	1757,16
522,03	1769,44
522,23	1761,25
522,44	1769,44
522,65	1837,03
522,85	1794,02
523,06	1767,40
523,27	1820,64
523,48	1882,08
523,68	1769,44
523,89	1751,01
524,10	1798,12
524,30	1818,60
524,51	1910,75
524,72	1896,42
524,93	1882,08
525,13	1800,16
525,34	1888,23
525,55	1892,32
525,75	1884,13
525,96	1959,91
526,17	1931,23
526,37	1972,19
526,58	1966,05
526,79	1947,62
526,99	1947,62
527,20	2017,25
527,41	1978,34
527,62	1964,00
527,82	1974,24
528,03	1927,14
528,24	2072,54
528,44	2222,05
528,65	2045,92
528,86	1998,82
529,06	2060,26
529,27	1996,77
529,48	2097,12
529,68	2181,09
529,89	2160,61
530,10	2168,80
530,30	2158,56
530,51	2189,28
530,72	2176,99
530,92	2191,33
531,13	2226,14
531,34	2306,01
531,54	2267,10
531,75	2328,54
531,96	2359,26
532,16	2394,08
532,37	2316,25
532,57	2451,42
532,78	2322,40
532,99	2516,95
533,19	2529,24
533,40	2568,15
533,61	2410,46
533,81	2555,86
534,02	2535,39
534,23	2588,63
534,43	2584,54
534,64	2676,70
534,84	2686,94
535,05	2758,61
535,26	2703,32
535,46	2682,84
535,67	2805,72
535,88	2752,47
536,08	2834,39
536,29	2926,55
536,49	2781,14
536,70	2924,50
536,91	2877,40
537,11	2994,13
537,32	3041,23
537,53	2959,31
537,73	3145,68
537,94	3022,80
538,14	3139,54
538,35	3200,98
538,56	3289,04
538,76	3303,37
538,97	3198,93
539,17	3319,76
539,38	3549,13
539,59	3487,69
539,79	3508,17
540,00	3622,86
540,20	3690,44
540,41	3661,77
540,62	3856,33
540,82	3612,62
541,03	3841,99
541,23	3866,56
541,44	3925,96
541,64	3936,20
541,85	4036,55
542,06	4057,03
542,26	4097,99
542,47	4130,75
542,67	4376,51
542,88	4280,25
543,08	4276,16
543,29	4399,04
543,50	4589,50
543,70	4620,22
543,91	4601,79
544,11	4628,41
544,32	4810,68
544,52	5052,34
544,73	4919,22
544,94	5052,34
545,14	5130,16
545,35	5312,43
545,55	5478,32
545,76	5492,65
545,96	5490,60
546,17	5582,76
546,37	5756,84
546,58	5838,76
546,78	5844,90
546,99	5969,83
547,20	6162,34
547,40	6330,27
547,61	6373,28
547,81	6422,43
548,02	6528,92
548,22	6727,58
548,43	6842,26
548,63	6991,77
548,84	6885,27
549,04	7229,33
549,25	7278,48
549,45	7356,30
549,66	7339,92
549,86	7647,12
550,07	7647,12
550,27	7905,16
550,48	8202,11
550,69	8249,22
550,89	8384,38
551,10	8513,41
551,30	8744,83
551,51	8818,55
551,71	9037,69
551,92	9348,98
552,12	9377,65
552,33	9848,68
552,53	9830,25
552,74	9975,66
552,94	10463,07
553,15	10325,86
553,35	10624,86
553,56	10907,48
553,76	10938,20
553,97	11224,92
554,17	11550,54
554,38	11626,32
554,58	12031,82
554,79	12177,22
554,99	12314,44
555,19	12650,30
555,40	12994,36
555,60	13395,76
555,81	13330,23
556,01	14073,64
556,22	14198,57
556,42	14642,98
556,63	14612,26
556,83	15144,73
557,04	15142,68
557,24	15886,09
557,45	16170,76
557,65	16207,62
557,86	16805,63
558,06	17223,42
558,27	17247,99
558,47	17573,62
558,67	18247,40
558,88	18196,20
559,08	18683,62
559,29	19386,07
559,49	19549,91
559,70	20149,96
559,90	20539,08
560,11	20938,43
560,31	21302,97
560,52	21900,98
560,72	22152,88
560,92	22507,18
561,13	23025,31
561,33	23500,44
561,54	23975,57
561,74	24417,93
561,95	24946,31
562,15	25300,61
562,35	25974,39
562,56	26359,41
562,76	26216,05
562,97	27289,18
563,17	27592,28
563,38	28231,25
563,58	28474,96
563,78	29097,54
563,99	29079,11
564,19	29654,59
564,40	30283,31
564,60	30936,62
564,80	30944,81
565,01	32017,94
565,21	31866,39
565,42	32652,81
565,62	32906,76
565,83	33668,61
566,03	34002,43
566,23	33955,32
566,44	34397,68
566,64	34911,72
566,85	35296,74
567,05	35794,40
567,25	35624,42
567,46	36560,34
567,66	36769,23
567,86	37064,14
568,07	37313,99
568,27	37760,45
568,48	37973,44
568,68	38223,29
568,88	38557,11
569,09	38647,22
569,29	39357,86
569,50	39316,90
569,70	39488,93
569,90	39611,81
570,11	39867,81
570,31	40242,59
570,51	40553,88
570,72	40615,32
570,92	41004,43
571,13	40687,00
571,33	40947,09
571,53	41072,01
571,74	41252,23
571,94	41530,76
572,14	41567,62
572,35	41866,63
572,55	41463,18
572,75	41686,40
572,96	41819,52
573,16	41874,82
573,36	41821,57
573,57	41878,91
573,77	41790,85
573,97	42104,19
574,18	42552,69
574,38	41870,72
574,59	41887,10
574,79	42038,65
574,99	41923,97
575,20	41704,84
575,40	41848,19
575,60	42018,17
575,81	41633,16
576,01	41682,31
576,21	41600,39
576,42	42018,17
576,62	41647,49
576,82	41442,70
577,02	41231,75
577,23	41067,92
577,43	41405,83
577,63	41299,34
577,84	40893,84
578,04	40680,85
578,24	40410,52
578,45	40476,05
578,65	40177,05
578,85	39931,29
579,06	39718,31
579,26	39577,00
579,46	39617,96
579,67	38809,01
579,87	38718,90
580,07	38712,75
580,27	37713,34
580,48	38458,81
580,68	38112,70
580,88	37203,40
581,09	37727,68
581,29	36892,11
581,49	36908,49
581,69	36783,57
581,90	36265,43
582,10	35984,86
582,30	35788,25
582,51	35577,31
582,71	34938,35
582,91	34686,45
583,11	34676,21
583,32	34313,72
583,52	33592,83
583,72	33527,30
583,93	33256,96
584,13	32859,66
584,33	32521,74
584,53	32054,81
584,74	31514,14
584,94	31473,18
585,14	30770,73
585,34	30838,31
585,55	30301,75
585,75	30242,35
585,95	29709,88
586,15	29443,65
586,36	29294,14
586,56	28649,03
586,76	28401,23
586,96	28436,05
587,17	27893,33
587,37	27811,42
587,57	27541,08
587,77	27215,46
587,98	26932,84
588,18	26429,04
588,38	26320,49
588,58	25888,37
588,79	25702,01
588,99	24954,50
589,19	24956,55
589,39	24489,61
589,60	24233,61
589,80	24153,74
590,00	23660,18
590,20	23424,67
590,40	23264,92
590,61	22478,50
590,81	22802,08
591,01	22326,96
591,21	21804,72
591,42	21632,69
591,62	21708,47
591,82	21085,89
592,02	21290,68
592,22	20883,14
592,43	20717,25
592,63	20223,69
592,83	20012,75
593,03	19900,11
593,23	19756,75
593,44	19341,02
593,64	19042,01
593,84	19027,68
594,04	18804,45
594,24	18284,26
594,45	18419,43
594,65	17882,86
594,85	17778,42
595,05	17506,04
595,25	17215,23
595,46	16948,99
595,66	16772,86
595,86	16703,23
596,06	16387,85
596,26	16293,64
596,46	16008,97
596,67	15785,74
596,87	15576,85
597,07	15370,01
597,27	15132,44
597,47	15146,78
597,67	14765,85
597,88	14747,42
598,08	14544,67
598,28	14397,22
598,48	13981,48
598,68	13891,37
598,88	14004,01
599,09	13616,94
599,29	13195,06
599,49	13133,62
599,69	13092,66
599,89	12805,95
600,09	12668,73
600,30	12674,88
600,50	12711,74
600,70	12197,70
600,90	12166,98
601,10	12128,07
601,30	11691,85
601,50	11675,47
601,71	11360,08
601,91	11333,46
602,11	11194,20
602,31	10975,06
602,51	10819,42
602,71	10747,74
602,91	10590,05
603,11	10473,31
603,32	10395,49
603,52	10162,02
603,72	10162,02
603,92	9912,17
604,12	9918,31
604,32	9623,41
604,52	9635,69
604,72	9494,38
604,93	9299,83
605,13	9224,05
605,33	9058,17
605,53	8863,61
605,73	8748,92
605,93	9011,06
606,13	8644,48
606,33	8537,98
606,53	8507,26
606,74	8368,00
606,94	8284,03
607,14	8087,43
607,34	8105,86
607,54	7944,07
607,74	7995,27
607,94	7729,03
608,14	7808,90
608,34	7540,62
608,54	7522,19
608,74	7559,05
608,95	7339,92
609,15	7206,80
609,35	6989,72
609,55	6938,52
609,75	6928,28
609,95	6901,65
610,15	6789,02
610,35	6731,67
610,55	6569,88
610,75	6457,25
610,95	6346,66
611,15	6412,19
611,35	6414,24
611,55	6270,88
611,76	6336,42
611,96	6119,33
612,16	6041,51
612,36	6121,38
612,56	5830,57
612,76	5892,01
612,96	5892,01
613,16	5738,41
613,36	5703,59
613,56	5681,07
613,76	5695,40
613,96	5509,04
614,16	5367,73
614,36	5367,73
614,56	5146,55
614,76	5355,44
614,96	5261,23
615,16	5226,42
615,36	4956,08
615,56	5060,53
615,76	4913,08
615,97	4956,08
616,17	4995,00
616,37	4822,97
616,57	4741,05
616,77	4751,29
616,97	4765,62
617,17	4450,24
617,37	4753,34
617,57	4569,02
617,77	4513,72
617,97	4493,24
618,17	4526,01
618,37	4396,99
618,57	4427,71
618,77	4270,01
618,97	4192,19
619,17	4280,25
619,37	4143,04
619,57	4130,75
619,77	4143,04
619,97	4204,48
620,17	3973,06
620,37	3993,54
620,57	3940,29
620,77	3905,48
620,97	3917,76
621,17	3897,28
621,37	3710,92
621,57	3827,65
621,77	3645,38
621,97	3864,52
622,17	3688,39
622,37	3815,37
622,57	3698,63
622,77	3692,49
622,97	3567,56
623,17	3600,33
623,37	3545,03
623,57	3573,71
623,77	3381,20
623,97	3348,43
624,16	3266,51
624,36	3375,05
624,56	3323,85
624,76	3397,58
624,96	3188,69
625,16	3342,28
625,36	3198,93
625,56	3336,14
625,76	3286,99
625,96	3180,50
626,16	3215,31
626,36	3180,50
626,56	3147,73
626,76	3080,14
626,96	3096,53
627,16	3168,21
627,36	3045,33
627,56	3186,64
627,76	2981,84
627,96	3012,56
628,16	3012,56
628,35	3006,42
628,55	2928,60
628,75	3117,01
628,95	2822,10
629,15	2912,21
629,35	2811,86
629,55	2815,96
629,75	2846,68
629,95	2799,57
630,15	2922,45
630,35	2813,91
630,55	2795,48
630,75	2807,77
630,95	2930,64
631,14	2768,85
631,34	2815,96
631,54	2750,42
631,74	2703,32
631,94	2658,26
632,14	2645,98
632,34	2660,31
632,54	2756,57
632,74	2830,29
632,94	2537,43
633,14	2703,32
633,33	2584,54
633,53	2547,67
633,73	2723,80
633,93	2600,92
634,13	2465,75
634,33	2568,15
634,53	2596,82
634,73	2576,34
634,93	2578,39
635,12	2432,99
635,32	2484,19
635,52	2424,80
635,72	2381,79
635,92	2447,32
636,12	2529,24
636,32	2490,33
636,52	2439,13
636,71	2461,66
636,91	2504,67
637,11	2447,32
637,31	2389,98
637,51	2361,31
637,71	2559,96
637,91	2377,69
638,11	2402,27
638,30	2371,55
638,50	2363,36
638,70	2451,42
638,90	2422,75
639,10	2367,45
639,30	2254,81
639,50	2338,78
639,69	2351,07
639,89	2416,60
640,09	2234,33
640,29	2295,77
640,49	2318,30
640,69	2267,10
640,88	2279,39
641,08	2205,66
641,28	2324,44
641,48	2322,40
641,68	2279,39
641,88	2230,24
642,07	2228,19
642,27	2242,53
642,47	2230,24
642,67	2201,57
642,87	2232,29
643,07	2260,96
643,26	2312,16
643,46	2156,51
643,66	2191,33
643,86	2267,10
644,06	2207,71
644,26	2179,04
644,45	2207,71
644,65	2201,57
644,85	2101,22
645,05	2191,33
645,25	2060,26
645,44	2109,41
645,64	2080,74
645,84	2195,42
646,04	2115,55
646,24	2179,04
646,43	2152,42
646,63	2172,89
646,83	2164,70
647,03	2217,95
647,23	2052,06
647,42	2119,65
647,62	2107,36
647,82	2103,26
648,02	2086,88
648,22	2170,85
648,41	2158,56
648,61	2097,12
648,81	2076,64
649,01	1992,67
649,20	2123,74
649,40	2084,83
649,60	2183,13
649,80	2084,83
650,00	2129,89
650,19	2025,44
650,39	2084,83
650,59	2093,02
650,79	2056,16
650,98	1980,39
651,18	1937,38
651,38	2119,65
651,58	2058,21
651,77	2066,40
651,97	2004,96
652,17	2035,68
652,37	2000,87
652,56	1923,04
652,76	1970,15
652,96	2060,26
653,16	2002,91
653,35	2039,78
653,55	2007,01
653,75	1927,14
653,95	2086,88
654,14	1959,91
654,34	1890,28
654,54	1972,19
654,74	1984,48
654,93	1982,43
655,13	1964,00
655,33	1908,71
655,52	1976,29
655,72	2025,44
655,92	1935,33
656,12	1955,81
656,31	1955,81
656,51	1877,99
656,71	1945,57
656,91	1935,33
657,10	1910,75
657,30	1923,04
657,50	1949,67
657,69	1959,91
657,89	1906,66
658,09	2074,59
658,29	1982,43
658,48	1990,63
658,68	1964,00
658,88	1996,77
659,07	1918,95
659,27	2021,35
659,47	1959,91
659,66	1875,94
659,86	1888,23
660,06	1904,61
660,26	1910,75
660,45	1957,86
660,65	1947,62
660,85	1912,80
661,04	1900,52
661,24	2015,20
661,44	1859,56
661,63	1923,04
661,83	1918,95
662,03	1904,61
662,22	1972,19
662,42	1906,66
662,62	1976,29
662,81	1867,75
663,01	1884,13
663,21	1933,28
663,40	1904,61
663,60	1968,10
663,80	1914,85
663,99	1964,00
664,19	1896,42
664,39	1900,52
664,58	1959,91
664,78	1863,65
664,98	1818,60
665,17	1884,13
665,37	1886,18
665,57	1990,63
665,76	1847,27
665,96	1902,56
666,16	1843,17
666,35	1916,90
666,55	1914,85
666,74	1906,66
666,94	1951,71
667,14	1894,37
667,33	1810,40
667,53	1837,03
667,73	1910,75
667,92	1802,21
668,12	1890,28
668,32	1904,61
668,51	1796,07
668,71	1861,60
668,90	1761,25
669,10	1812,45
669,30	1837,03
669,49	1865,70
669,69	1892,32
669,89	1732,58
670,08	1855,46
670,28	2086,88
670,47	1869,80
670,67	1865,70
670,87	1779,68
671,06	1853,41
671,26	1837,03
671,45	1787,88
671,65	1935,33
671,85	1765,35
672,04	1785,83
672,24	1812,45
672,43	1843,17
672,63	1808,36
672,83	1744,87
673,02	1755,11
673,22	1753,06
673,41	1822,69
673,61	1691,62
673,81	1873,89
674,00	1828,84
674,20	1755,11
674,39	1853,41
674,59	1775,59
674,78	1728,49
674,98	1861,60
675,18	1781,73
675,37	1730,53
675,57	1880,04
675,76	1843,17
675,96	1832,93
676,15	1812,45
676,35	1730,53
676,55	1800,16
676,74	1765,35
676,94	1730,53
677,13	1802,21
677,33	1794,02
677,52	1744,87
677,72	1826,79
677,91	1683,43
678,11	1794,02
678,31	1718,25
678,50	1777,64
678,70	1751,01
678,89	1775,59
679,09	1812,45
679,28	1826,79
679,48	1839,08
679,67	1753,06
679,87	1769,44
680,06	1953,76
680,26	1828,84
680,46	1841,12
680,65	1800,16
680,85	1804,26
681,04	1775,59
681,24	1761,25
681,43	1753,06
681,63	1832,93
681,82	1757,16
682,02	1724,39
682,21	1814,50
682,41	1798,12
682,60	1865,70
682,80	1787,88
682,99	1806,31
683,19	1806,31
683,38	1865,70
683,58	1724,39
683,77	1785,83
683,97	1720,29
684,16	1892,32
684,36	1791,97
684,55	1800,16
684,75	1746,92
684,94	1748,97
685,14	1718,25
685,33	1712,10
685,53	1755,11
685,72	1759,21
685,92	1779,68
686,11	1660,90
686,31	1849,32
686,50	1724,39
686,70	1818,60
686,89	1671,14
687,09	1751,01
687,28	1824,74
687,48	1671,14
687,67	1736,68
687,87	1736,68
688,06	1787,88
688,26	1720,29
688,45	1730,53
688,65	1746,92
688,84	1826,79
689,03	1708,01
689,23	1640,42
689,42	1771,49
689,62	1789,92
689,81	1779,68
690,01	1722,34
690,20	1689,57
690,40	1798,12
690,59	1839,08
690,79	1693,67
690,98	1755,11
691,17	1642,47
691,37	1738,73
691,56	1734,63
691,76	1794,02
691,95	1765,35
692,15	1759,21
692,34	1761,25
692,54	1679,33
692,73	1828,84
692,92	1761,25
693,12	1753,06
693,31	1714,15
693,51	1789,92
693,70	1722,34
693,90	1779,68
694,09	1808,36
694,28	1708,01
694,48	1748,97
694,67	1771,49
694,87	1753,06
695,06	1789,92
695,26	1748,97
695,45	1753,06
695,64	1806,31
695,84	1691,62
696,03	1794,02
696,23	1808,36
696,42	1746,92
696,61	1847,27
696,81	1728,49
697,00	1763,30
697,20	1791,97
697,39	1798,12
697,58	1748,97
697,78	1769,44
697,97	1761,25
698,17	1667,05
698,36	1759,21
698,55	1703,91
698,75	1869,80
698,94	1785,83
699,14	1708,01
699,33	1787,88
699,52	1699,81
699,72	1763,30
699,91	1763,30
700,10	1753,06
700,30	1775,59
700,49	1699,81
700,69	1761,25
700,88	1808,36
701,07	1742,82
701,27	1734,63
701,46	1908,71
701,65	1767,40
701,85	1646,57
702,04	1781,73
702,23	1757,16
702,43	1703,91
702,62	1742,82
702,82	1802,21
703,01	1888,23
703,20	1757,16
703,40	1820,64
703,59	1839,08
703,78	1781,73
703,98	1740,77
704,17	1769,44
704,36	1855,46
704,56	1896,42
704,75	1744,87
704,94	1775,59
705,14	1779,68
705,33	1863,65
705,52	1834,98
705,72	1767,40
705,91	1755,11
706,10	1875,94
706,30	1810,40
706,49	1732,58
706,68	1853,41
706,88	1763,30
707,07	1779,68
707,26	1824,74
707,46	1863,65
707,65	1832,93
707,84	1820,64
708,04	1740,77
708,23	1859,56
708,42	1837,03
708,62	1769,44
708,81	1699,81
709,00	1892,32
709,19	1822,69
709,39	1796,07
709,58	1841,12
709,77	1826,79
709,97	1902,56
710,16	1773,54
710,35	1851,36
710,55	1841,12
710,74	1837,03
710,93	1820,64
711,12	1839,08
711,32	1802,21
711,51	1804,26
711,70	1791,97
711,90	1785,83
712,09	1824,74
712,28	1794,02
712,47	1789,92
712,67	1882,08
712,86	1802,21
713,05	1824,74
713,24	1802,21
713,44	1781,73
713,63	1806,31
713,82	1832,93
714,02	1859,56
714,21	1859,56
714,40	1843,17
714,59	1808,36
714,79	1781,73
714,98	1845,22
715,17	1941,47
715,36	1785,83
715,56	1837,03
715,75	1828,84
715,94	1839,08
716,13	1834,98
716,33	1816,55
716,52	1804,26
716,71	1730,53
716,90	1826,79
717,10	1779,68
717,29	1839,08
717,48	1837,03
717,67	1802,21
717,87	1748,97
718,06	1818,60
718,25	1791,97
718,44	1789,92
718,63	1796,07
718,83	1748,97
719,02	1812,45
719,21	1753,06
719,40	1845,22
719,60	1740,77
719,79	1933,28
719,98	1769,44
720,17	1712,10
720,36	1789,92
720,56	1855,46
720,75	1828,84
720,94	1787,88
721,13	1877,99
721,33	1832,93
721,52	1810,40
721,71	1816,55
721,90	1828,84
722,09	1808,36
722,29	1861,60
722,48	1789,92
722,67	1830,88
722,86	1994,72
723,05	1816,55
723,24	1826,79
723,44	1857,51
723,63	1886,18
723,82	1851,36
724,01	1798,12
724,20	1849,32
724,40	1859,56
724,59	1810,40
724,78	1765,35
724,97	1742,82
725,16	1779,68
725,35	1900,52
725,55	1865,70
725,74	1837,03
725,93	1877,99
726,12	1867,75
726,31	1886,18
726,51	1896,42
726,70	1810,40
726,89	1839,08
727,08	1816,55
727,27	1834,98
727,46	1861,60
727,65	1871,84
727,85	1839,08
728,04	1894,37
728,23	1755,11
728,42	1789,92
728,61	1902,56
728,80	1912,80
729,00	1906,66
729,19	1929,19
729,38	2035,68
729,57	1812,45
729,76	1830,88
729,95	1974,24
730,14	1914,85
730,33	1859,56
730,53	1900,52
730,72	1849,32
730,91	1826,79
731,10	1970,15
731,29	1931,23
731,48	1933,28
731,67	1970,15
731,86	1890,28
732,06	1873,89
732,25	1871,84
732,44	1957,86
732,63	1929,19
732,82	2000,87
733,01	1884,13
733,20	1886,18
733,39	1900,52
733,59	1810,40
733,78	1839,08
733,97	1980,39
734,16	2002,91
734,35	1966,05
734,54	2007,01
734,73	1914,85
734,92	1980,39
735,11	1884,13
735,30	1869,80
735,49	1923,04
735,69	1959,91
735,88	1955,81
736,07	1998,82
736,26	1865,70
736,45	1970,15
736,64	1949,67
736,83	1945,57
737,02	1976,29
737,21	1978,34
737,40	1904,61
737,59	2058,21
737,78	1927,14
737,98	1845,22
738,17	1886,18
738,36	1984,48
738,55	1964,00
738,74	1914,85
738,93	1875,94
739,12	1935,33
739,31	1941,47
739,50	1853,41
739,69	2000,87
739,88	1929,19
740,07	1943,52
740,26	2009,06
740,45	2015,20
740,64	1957,86
740,83	1880,04
741,02	1906,66
741,22	1961,95
741,41	2031,58
741,60	2023,39
741,79	2007,01
741,98	1990,63
742,17	1968,10
742,36	2039,78
742,55	1914,85
742,74	2029,54
742,93	1949,67
743,12	1970,15
743,31	2011,11
743,50	2070,50
743,69	1945,57
743,88	1992,67
744,07	1943,52
744,26	2129,89
744,45	1990,63
744,64	2021,35
744,83	1988,58
745,02	1959,91
745,21	1982,43
745,40	2062,30
745,59	2072,54
745,78	2007,01
745,97	1986,53
746,16	2056,16
746,35	2023,39
746,54	1925,09
746,73	2009,06
746,92	2015,20
747,11	1978,34
747,30	1976,29
747,49	2009,06
747,68	1982,43
747,87	1959,91
748,06	2004,96
748,25	2056,16
748,44	1945,57
748,63	1908,71
748,82	1976,29
749,01	1918,95
749,20	1990,63
749,39	1925,09
749,58	1982,43
749,77	2050,02
749,96	2029,54
750,15	1988,58
750,34	1888,23
750,53	2043,87
750,72	2054,11
750,91	1920,99
751,10	2050,02
751,29	2009,06
751,48	1939,43
751,67	2017,25
751,86	2033,63
752,04	2007,01
752,23	2017,25
752,42	2093,02
752,61	1906,66
752,80	2084,83
752,99	1990,63
753,18	1988,58
753,37	2013,15
753,56	1902,56
753,75	2031,58
753,94	1943,52
754,13	2033,63
754,32	2009,06
754,51	1955,81
754,70	1945,57
754,89	2041,82
755,08	2023,39
755,27	1986,53
755,45	1974,24
755,64	1974,24
755,83	2009,06
756,02	2093,02
756,21	2052,06
756,40	2054,11
756,59	2009,06
756,78	1861,60
756,97	1927,14
757,16	1912,80
757,35	1959,91
757,54	1877,99
757,72	1927,14
757,91	1873,89
758,10	1871,84
758,29	1814,50
758,48	1966,05
758,67	1896,42
758,86	1775,59
759,05	1837,03
759,24	1849,32
759,43	1826,79
759,61	1759,21
759,80	1779,68
759,99	1837,03
760,18	1861,60
760,37	1824,74
760,56	1794,02
760,75	1826,79
760,94	1806,31
761,13	1880,04
761,31	1865,70
761,50	1851,36
761,69	1791,97
761,88	1761,25
762,07	1714,15
762,26	1771,49
762,45	1746,92
762,64	1853,41
762,82	1753,06
763,01	1818,60
763,20	1720,29
763,39	1853,41
763,58	1794,02
763,77	1701,86
763,96	1736,68
764,14	1843,17
764,33	1736,68
764,52	1779,68
764,71	1839,08
764,90	1771,49
765,09	1814,50
765,27	1861,60
765,46	1822,69
765,65	1791,97
765,84	1810,40
766,03	1871,84
766,22	1845,22
766,41	1824,74
766,59	1810,40
766,78	1916,90
766,97	1777,64
767,16	1873,89
767,35	1867,75
767,54	1906,66
767,72	1939,43
767,91	1945,57
768,10	1945,57
768,29	1812,45
768,48	1966,05
768,66	1843,17
768,85	1880,04
769,04	1902,56
769,23	1896,42
769,42	1933,28
769,61	1953,76
769,79	1990,63
769,98	1986,53
770,17	1966,05
770,36	1978,34
770,55	1884,13
770,73	1984,48
770,92	1902,56
771,11	1925,09
771,30	1896,42
771,49	1990,63
771,67	1974,24
771,86	1970,15
772,05	1972,19
772,24	1925,09
772,42	1980,39
772,61	1916,90
772,80	1957,86
772,99	1947,62
773,18	2052,06
773,36	1968,10
773,55	1943,52
773,74	1884,13
773,93	1910,75
774,11	1884,13
774,30	2007,01
774,49	1923,04
774,68	1955,81
774,87	2009,06
775,05	1937,38
775,24	1859,56
775,43	1927,14
775,62	1972,19
775,80	1988,58
775,99	1896,42
776,18	2052,06
776,37	1935,33
776,55	2035,68
776,74	1974,24
776,93	1984,48
777,12	1931,23
777,30	2019,30
777,49	1914,85
777,68	1955,81
777,87	1892,32
778,05	1920,99
778,24	1931,23
778,43	1933,28
778,62	1906,66
778,80	1925,09
778,99	2062,30
779,18	1994,72
779,36	2052,06
779,55	1937,38
779,74	1978,34
779,93	1994,72
780,11	2007,01
780,30	1867,75
780,49	1964,00
780,68	1964,00
780,86	2011,11
781,05	1986,53
781,24	1933,28
781,42	1947,62
781,61	1994,72
781,80	1818,60
781,98	1970,15
782,17	1935,33
782,36	1951,71
782,55	1951,71
782,73	1906,66
782,92	2058,21
783,11	1994,72
783,29	1947,62
783,48	1937,38
783,67	1877,99
783,85	1937,38
784,04	1943,52
784,23	1951,71
784,42	1935,33
784,60	1896,42
784,79	2000,87
784,98	1898,47
785,16	2019,30
785,35	1849,32
785,54	1939,43
785,72	2035,68
785,91	1929,19
786,10	1984,48
786,28	1978,34
786,47	1882,08
786,66	1918,95
786,84	2031,58
787,03	1970,15
787,22	1849,32
787,40	1882,08
787,59	2084,83
787,78	1886,18
787,96	1892,32
788,15	1937,38
788,34	1920,99
788,52	1888,23
788,71	1972,19
788,89	1920,99
789,08	1861,60
789,27	2015,20
789,45	1941,47
789,64	1931,23
789,83	1890,28
790,01	1837,03
790,20	1920,99
790,39	1945,57
790,57	1902,56
790,76	1867,75
790,95	1945,57
791,13	1968,10
791,32	1939,43
791,50	1994,72
791,69	1945,57
791,88	1861,60
792,06	1908,71
792,25	1898,47
792,43	1873,89
792,62	1853,41
792,81	1871,84
792,99	1837,03
793,18	1865,70
793,37	1988,58
793,55	1875,94
793,74	1957,86
793,92	1873,89
794,11	1857,51
794,30	1875,94
794,48	1943,52
794,67	1857,51
794,85	1810,40
795,04	1855,46
795,23	1871,84
795,41	1896,42
795,60	1927,14
795,78	1906,66
795,97	1966,05
796,15	1900,52
796,34	1925,09
796,53	1877,99
796,71	1896,42
796,90	1875,94
797,08	1847,27
797,27	1978,34
797,46	1884,13
797,64	1847,27
797,83	1925,09
798,01	1843,17
798,20	1871,84
798,38	1892,32
798,57	1808,36
798,76	1718,25
798,94	1888,23
799,13	1920,99
799,31	1877,99
799,50	1830,88
799,68	1851,36
799,87	1837,03
800,05	1920,99
800,24	1904,61
800,43	1806,31
800,61	1900,52
800,80	2009,06
800,98	1927,14
801,17	1853,41
801,35	1828,84
801,54	1877,99
801,72	1912,80
801,91	1892,32
802,09	1834,98
802,28	1931,23
802,46	1904,61
802,65	1873,89
802,84	1941,47
803,02	1855,46
803,21	1820,64
803,39	1832,93
803,58	1851,36
803,76	2033,63
803,95	1931,23
804,13	1867,75
804,32	1857,51
804,50	1943,52
804,69	1916,90
804,87	1867,75
805,06	1996,77
805,24	1863,65
805,43	1904,61
805,61	1890,28
805,80	1894,37
805,98	1880,04
806,17	1834,98
806,35	1877,99
806,54	1830,88
806,72	1839,08
806,91	1873,89
807,09	1832,93
807,28	1882,08
807,46	1900,52
807,65	1857,51
807,83	1767,40
808,02	1839,08
808,20	1871,84
808,39	1832,93
808,57	1877,99
808,76	1816,55
808,94	1933,28
809,13	1802,21
809,31	1834,98
809,49	1863,65
809,68	1732,58
809,86	1812,45
810,05	1892,32
810,23	1839,08
810,42	1851,36
810,60	1882,08
810,79	1834,98
810,97	1867,75
811,16	1748,97
811,34	1869,80
811,53	1851,36
811,71	1779,68
811,89	1861,60
812,08	1828,84
812,26	1834,98
812,45	1847,27
812,63	1791,97
812,82	1818,60
813,00	1732,58
813,19	1765,35
813,37	1839,08
813,55	1832,93
813,74	1777,64
813,92	1900,52
814,11	1800,16
814,29	1736,68
814,48	1818,60
814,66	1759,21
814,84	1841,12
815,03	1818,60
815,21	1802,21
815,40	1812,45
815,58	1755,11
815,77	1777,64
815,95	1824,74
816,13	1808,36
816,32	1875,94
816,50	1898,47
816,69	1781,73
816,87	1787,88
817,05	1767,40
817,24	1798,12
817,42	1841,12
817,61	1761,25
817,79	1789,92
817,97	1755,11
818,16	1736,68
818,34	1863,65
818,53	1699,81
818,71	1873,89
818,89	1705,96
819,08	1820,64
819,26	1748,97
819,45	1763,30
819,63	1732,58
819,81	1789,92
820,00	1904,61
820,18	1769,44
820,36	1773,54
820,55	1791,97
820,73	1740,77
820,92	1755,11
821,10	1761,25
821,28	1746,92
821,47	1886,18
821,65	1740,77
821,83	1873,89
822,02	1677,29
822,20	1824,74
822,39	1744,87
822,57	1761,25
822,75	1785,83
822,94	1720,29
823,12	1675,24
823,30	1675,24
823,49	1865,70
823,67	1812,45
823,85	1794,02
824,04	1738,73
824,22	1777,64
824,40	1912,80
824,59	1759,21
824,77	1767,40
824,95	1744,87
825,14	1877,99
825,32	1853,41
825,50	1808,36
825,69	1740,77
825,87	1802,21
826,05	1777,64
826,24	1720,29
826,42	1837,03
826,60	1767,40
826,79	1794,02
826,97	1691,62
827,15	1742,82
827,34	1773,54
827,52	1718,25
827,70	1695,72
827,89	1734,63
828,07	1763,30
828,25	1730,53
828,44	1812,45
828,62	1763,30
828,80	1896,42
828,98	1804,26
829,17	1673,19
829,35	1777,64
829,53	1781,73
829,72	1810,40
829,90	1714,15
830,08	1748,97
830,27	1851,36
830,45	1851,36
830,63	1875,94
830,81	1728,49
831,00	1736,68
831,18	1761,25
831,36	1726,44
831,55	1671,14
831,73	1697,77
831,91	1730,53
832,09	1800,16
832,28	1773,54
832,46	1656,81
832,64	1785,83
832,82	1703,91
833,01	1765,35
833,19	1761,25
833,37	1642,47
833,55	1658,85
833,74	1804,26
833,92	1697,77
834,10	1716,20
834,29	1828,84
834,47	1650,66
834,65	1753,06
834,83	1687,53
835,02	1693,67
835,20	1621,99
835,38	1753,06
835,56	1759,21
835,75	1722,34
835,93	1753,06
836,11	1695,72
836,29	1687,53
836,47	1773,54
836,66	1759,21
836,84	1755,11
837,02	1685,48
837,20	1818,60
837,39	1808,36
837,57	1705,96
837,75	1675,24
837,93	1740,77
838,12	1748,97
838,30	1691,62
838,48	1771,49
838,66	1779,68
838,84	1734,63
839,03	1808,36
839,21	1675,24
839,39	1744,87
839,57	1855,46
839,75	1746,92
839,94	1724,39
840,12	1699,81
840,30	1650,66
840,48	1695,72
840,66	1665,00
840,85	1753,06
841,03	1669,09
841,21	1740,77
841,39	1724,39
841,57	1714,15
841,76	1779,68
841,94	1884,13
842,12	1712,10
842,30	1738,73
842,48	1732,58
842,67	1716,20
842,85	1726,44
843,03	1714,15
843,21	1767,40
843,39	1691,62
843,57	1677,29
843,76	1689,57
843,94	1705,96
844,12	1734,63
844,30	1646,57
844,48	1720,29
844,66	1730,53
844,85	1746,92
845,03	1783,78
845,21	1734,63
845,39	1789,92
845,57	1763,30
845,75	1761,25
845,94	1691,62
846,12	1779,68
846,30	1718,25
846,48	1687,53
846,66	1761,25
846,84	1708,01
847,02	1654,76
847,21	1708,01
847,39	1632,23
847,57	1794,02
847,75	1697,77
847,93	1685,48
848,11	1685,48
848,29	1654,76
848,48	1652,71
848,66	1681,38
848,84	1744,87
849,02	1685,48
849,20	1712,10
849,38	1697,77
849,56	1718,25
849,74	1716,20
849,93	1746,92
850,11	1691,62
850,29	1662,95
850,47	1728,49
850,65	1636,33
850,83	1595,37
851,01	1683,43
851,19	1685,48
851,37	1683,43
851,56	1640,42
851,74	1619,94
851,92	1662,95
852,10	1677,29
852,28	1695,72
852,46	1658,85
852,64	1673,19
852,82	1611,75
853,00	1718,25
853,18	1669,09
853,37	1644,52
853,55	1679,33
853,73	1673,19
853,91	1656,81
854,09	1624,04
854,27	1636,33
854,45	1662,95
854,63	1720,29
854,81	1621,99
854,99	1759,21
855,17	1601,51
855,35	1693,67
855,53	1687,53
855,72	1636,33
855,90	1662,95
856,08	1650,66
856,26	1501,16
856,44	1685,48
856,62	1568,74
856,80	1605,61
856,98	1589,22
857,16	1589,22
857,34	1634,28
857,52	1605,61
857,70	1671,14
857,88	1615,85
858,06	1691,62
858,24	1675,24
858,42	1714,15
858,60	1648,61
858,78	1597,42
858,96	1673,19
859,15	1576,94
859,33	1646,57
859,51	1681,38
859,69	1667,05
859,87	1710,05
860,05	1646,57
860,23	1595,37
860,41	1656,81
860,59	1742,82
860,77	1671,14
860,95	1605,61
861,13	1615,85
861,31	1675,24
861,49	1642,47
861,67	1611,75
861,85	1632,23
862,03	1648,61
862,21	1583,08
862,39	1650,66
862,57	1699,81
862,75	1599,46
862,93	1621,99
863,11	1656,81
863,29	1556,46
863,47	1669,09
863,65	1673,19
863,83	1556,46
864,01	1646,57
864,19	1675,24
864,37	1658,85
864,55	1691,62
864,73	1646,57
864,91	1667,05
865,09	1722,34
865,27	1609,70
865,45	1605,61
865,63	1642,47
865,81	1613,80
865,99	1613,80
866,17	1681,38
866,35	1619,94
866,53	1599,46
866,71	1617,90
866,89	1652,71
867,07	1628,14
867,24	1607,66
867,42	1607,66
867,60	1665,00
867,78	1683,43
867,96	1585,13
868,14	1597,42
868,32	1736,68
868,50	1581,03
868,68	1595,37
868,86	1697,77
869,04	1638,38
869,22	1583,08
869,40	1595,37
869,58	1652,71
869,76	1574,89
869,94	1552,36
870,12	1636,33
870,30	1564,65
870,48	1566,70
870,66	1568,74
870,83	1550,31
871,01	1597,42
871,19	1607,66
871,37	1538,02
871,55	1560,55
871,73	1644,52
871,91	1648,61
872,09	1652,71
872,27	1538,02
872,45	1531,88
872,63	1517,54
872,81	1595,37
872,98	1654,76
873,16	1693,67
873,34	1607,66
873,52	1632,23
873,70	1638,38
873,88	1560,55
874,06	1501,16
874,24	1650,66
874,42	1546,22
874,60	1562,60
874,78	1548,26
874,95	1605,61
875,13	1572,84
875,31	1591,27
875,49	1609,70
875,67	1564,65
875,85	1624,04
876,03	1544,17
876,21	1552,36
876,39	1499,11
876,56	1654,76
876,74	1474,54
876,92	1640,42
877,10	1644,52
877,28	1515,50
877,46	1517,54
877,64	1671,14
877,82	1630,18
877,99	1628,14
878,17	1609,70
878,35	1601,51
878,53	1568,74
878,71	1595,37
878,89	1630,18
879,07	1669,09
879,24	1597,42
879,42	1609,70
879,60	1599,46
879,78	1701,86
879,96	1546,22
880,14	1560,55
880,32	1556,46
880,49	1578,98
880,67	1634,28
880,85	1628,14
881,03	1531,88
881,21	1648,61
881,39	1566,70
881,56	1564,65
881,74	1525,74
881,92	1550,31
882,10	1607,66
882,28	1613,80
882,46	1550,31
882,63	1568,74
882,81	1540,07
882,99	1640,42
883,17	1632,23
883,35	1624,04
883,52	1507,30
883,70	1574,89
883,88	1558,50
884,06	1558,50
884,24	1634,28
884,42	1609,70
884,59	1640,42
884,77	1609,70
884,95	1568,74
885,13	1646,57
885,31	1624,04
885,48	1603,56
885,66	1712,10
885,84	1566,70
886,02	1634,28
886,20	1703,91
886,37	1662,95
886,55	1624,04
886,73	1701,86
886,91	1658,85
887,08	1550,31
887,26	1568,74
887,44	1595,37
887,62	1546,22
887,80	1632,23
887,97	1632,23
888,15	1603,56
888,33	1583,08
888,51	1648,61
888,68	1560,55
888,86	1531,88
889,04	1566,70
889,22	1603,56
889,40	1472,49
889,57	1521,64
889,75	1677,29
889,93	1544,17
890,11	1642,47
890,28	1656,81
890,46	1556,46
890,64	1611,75
890,82	1665,00
890,99	1593,32
891,17	1509,35
891,35	1576,94
891,53	1570,79
891,70	1583,08
891,88	1611,75
892,06	1599,46
892,24	1513,45
892,41	1583,08
892,59	1533,93
892,77	1599,46
892,94	1572,84
893,12	1538,02
893,30	1540,07
893,48	1605,61
893,65	1613,80
893,83	1601,51
894,01	1535,98
894,19	1556,46
894,36	1660,90
894,54	1515,50
894,72	1531,88
894,89	1576,94
895,07	1525,74
895,25	1513,45
895,43	1544,17
895,60	1538,02
895,78	1578,98
895,96	1466,35
896,13	1626,09
896,31	1542,12
896,49	1605,61
896,66	1576,94
896,84	1599,46
897,02	1574,89
897,20	1511,40
897,37	1562,60
897,55	1593,32
897,73	1644,52
897,90	1587,18
898,08	1613,80
898,26	1511,40
898,43	1505,26
898,61	1501,16
898,79	1605,61
898,96	1490,92
899,14	1486,83
899,32	1499,11
899,49	1527,78
899,67	1572,84
899,85	1630,18
900,02	1560,55
900,20	1529,83
900,38	1509,35
900,55	1613,80
900,73	1617,90
900,91	1492,97
901,08	1548,26
901,26	1531,88
901,44	1492,97
901,61	1591,27
901,79	1533,93
901,97	1581,03
902,14	1576,94
902,32	1621,99
902,50	1566,70
902,67	1509,35
902,85	1554,41
903,02	1484,78
903,20	1523,69
903,38	1488,87
903,55	1447,91
903,73	1521,64
903,91	1550,31
904,08	1581,03
904,26	1509,35
904,44	1685,48
904,61	1515,50
904,79	1581,03
904,96	1554,41
905,14	1503,21
905,32	1570,79
905,49	1558,50
905,67	1513,45
905,84	1449,96
906,02	1538,02
906,20	1560,55
906,37	1650,66
906,55	1474,54
906,73	1495,02
906,90	1581,03
907,08	1482,73
907,25	1464,30
907,43	1548,26
907,61	1443,82
907,78	1521,64
907,96	1574,89
908,13	1558,50
908,31	1603,56
908,48	1519,59
908,66	1593,32
908,84	1470,44
909,01	1550,31
909,19	1572,84
909,36	1468,39
909,54	1404,91
909,72	1574,89
909,89	1482,73
910,07	1394,67
910,24	1683,43
910,42	1527,78
910,59	1540,07
910,77	1511,40
910,95	1409,00
911,12	1527,78
911,30	1583,08
911,47	1478,63
911,65	1452,01
911,82	1472,49
912,00	1470,44
912,17	1527,78
912,35	1527,78
912,53	1568,74
912,70	1597,42
912,88	1503,21
913,05	1525,74
913,23	1525,74
913,40	1605,61
913,58	1480,68
913,75	1482,73
913,93	1419,24
914,10	1476,59
914,28	1505,26
914,46	1492,97
914,63	1505,26
914,81	1531,88
914,98	1429,48
915,16	1585,13
915,33	1505,26
915,51	1501,16
915,68	1587,18
915,86	1566,70
916,03	1513,45
916,21	1435,63
916,38	1599,46
916,56	1492,97
916,73	1527,78
916,91	1486,83
917,08	1462,25
917,26	1546,22
917,43	1609,70
917,61	1566,70
917,78	1521,64
917,96	1400,81
918,13	1482,73
918,31	1488,87
918,48	1484,78
918,66	1411,05
918,83	1642,47
919,01	1562,60
919,18	1509,35
919,36	1482,73
919,53	1587,18
919,71	1525,74
919,88	1445,87
920,06	1472,49
920,23	1470,44
920,41	1564,65
920,58	1515,50
920,76	1454,06
920,93	1570,79
921,11	1452,01
921,28	1472,49
921,45	1562,60
921,63	1490,92
921,80	1513,45
921,98	1556,46
922,15	1388,52
922,33	1474,54
922,50	1574,89
922,68	1449,96
922,85	1468,39
923,03	1476,59
923,20	1613,80
923,38	1499,11
923,55	1578,98
923,72	1394,67
923,90	1665,00
924,07	1468,39
924,25	1505,26
924,42	1556,46
924,60	1523,69
924,77	1544,17
924,95	1566,70
925,12	1474,54
925,29	1517,54
925,47	1497,07
925,64	1443,82
925,82	1503,21
925,99	1419,24
926,17	1535,98
926,34	1486,83
926,51	1458,15
926,69	1558,50
926,86	1499,11
927,04	1519,59
927,21	1497,07
927,38	1406,95
927,56	1490,92
927,73	1517,54
927,91	1519,59
928,08	1581,03
928,25	1486,83
928,43	1542,12
928,60	1462,25
928,78	1497,07
928,95	1460,20
929,12	1542,12
929,30	1486,83
929,47	1458,15
929,65	1470,44
929,82	1439,72
929,99	1445,87
930,17	1351,66
930,34	1556,46
930,52	1474,54
930,69	1460,20
930,86	1517,54
931,04	1509,35
931,21	1462,25
931,38	1468,39
931,56	1396,71
931,73	1480,68
931,91	1378,28
932,08	1386,47
932,25	1540,07
932,43	1511,40
932,60	1499,11
932,77	1357,80
932,95	1378,28
933,12	1427,43
933,29	1425,39
933,47	1519,59
933,64	1363,95
933,82	1329,13
933,99	1501,16
934,16	1468,39
934,34	1449,96
934,51	1480,68
934,68	1447,91
934,86	1519,59
935,03	1441,77
935,20	1363,95
935,38	1415,15
935,55	1429,48
935,72	1484,78
935,90	1445,87
936,07	1333,23
936,24	1419,24
936,42	1462,25
936,59	1458,15
936,76	1425,39
936,94	1425,39
937,11	1486,83
937,28	1445,87
937,46	1409,00
937,63	1400,81
937,80	1415,15
937,97	1548,26
938,15	1368,04
938,32	1339,37
938,49	1478,63
938,67	1384,43
938,84	1441,77
939,01	1396,71
939,19	1370,09
939,36	1497,07
939,53	1425,39
939,70	1349,61
939,88	1439,72
940,05	1478,63
940,22	1435,63
940,40	1486,83
940,57	1462,25
940,74	1458,15
940,92	1376,24
941,09	1474,54
941,26	1421,29
941,43	1464,30
941,61	1464,30
941,78	1376,24
941,95	1441,77
942,12	1447,91
942,30	1433,58
942,47	1431,53
942,64	1427,43
942,82	1474,54
942,99	1503,21
943,16	1429,48
943,33	1423,34
943,51	1355,76
943,68	1429,48
943,85	1419,24
944,02	1421,29
944,20	1525,74
944,37	1359,85
944,54	1439,72
944,71	1492,97
944,89	1433,58
945,06	1406,95
945,23	1400,81
945,40	1433,58
945,58	1484,78
945,75	1406,95
945,92	1515,50
946,09	1423,34
946,27	1413,10
946,44	1392,62
946,61	1468,39
946,78	1413,10
946,95	1396,71
947,13	1409,00
947,30	1425,39
947,47	1413,10
947,64	1339,37
947,82	1425,39
947,99	1374,19
948,16	1466,35
948,33	1433,58
948,50	1363,95
948,68	1525,74
948,85	1488,87
949,02	1511,40
949,19	1421,29
949,36	1460,20
949,54	1376,24
949,71	1490,92
949,88	1378,28
950,05	1415,15
950,22	1449,96
950,40	1431,53
950,57	1353,71
950,74	1449,96
950,91	1449,96
951,08	1464,30
951,26	1490,92
951,43	1409,00
951,60	1449,96
951,77	1415,15
951,94	1435,63
952,11	1398,76
952,29	1531,88
952,46	1404,91
952,63	1540,07
952,80	1433,58
952,97	1505,26
953,15	1388,52
953,32	1384,43
953,49	1370,09
953,66	1439,72
953,83	1394,67
954,00	1429,48
954,17	1417,19
954,35	1472,49
954,52	1439,72
954,69	1445,87
954,86	1439,72
955,03	1429,48
955,20	1447,91
955,38	1382,38
955,55	1427,43
955,72	1425,39
955,89	1378,28
956,06	1359,85
956,23	1433,58
956,40	1419,24
956,58	1404,91
956,75	1368,04
956,92	1417,19
957,09	1409,00
957,26	1556,46
957,43	1474,54
957,60	1413,10
957,77	1431,53
957,95	1400,81
958,12	1452,01
958,29	1460,20
958,46	1527,78
958,63	1421,29
958,80	1454,06
958,97	1521,64
959,14	1351,66
959,31	1415,15
959,49	1441,77
959,66	1429,48
959,83	1437,67
960,00	1394,67
960,17	1470,44
960,34	1515,50
960,51	1490,92
960,68	1513,45
960,85	1456,11
961,02	1357,80
961,20	1388,52
961,37	1404,91
961,54	1417,19
961,71	1458,15
961,88	1417,19
962,05	1374,19
962,22	1445,87
962,39	1484,78
962,56	1374,19
962,73	1366,00
962,90	1417,19
963,07	1370,09
963,24	1460,20
963,42	1429,48
963,59	1474,54
963,76	1529,83
963,93	1484,78
964,10	1462,25
964,27	1439,72
964,44	1456,11
964,61	1511,40
964,78	1431,53
964,95	1445,87
965,12	1376,24
965,29	1435,63
965,46	1351,66
965,63	1472,49
965,80	1464,30
965,97	1275,88
966,14	1441,77
966,31	1456,11
966,48	1474,54
966,66	1411,05
966,83	1499,11
967,00	1474,54
967,17	1431,53
967,34	1490,92
967,51	1425,39
967,68	1470,44
967,85	1359,85
968,02	1523,69
968,19	1392,62
968,36	1484,78
968,53	1390,57
968,70	1490,92
968,87	1521,64
969,04	1458,15
969,21	1449,96
969,38	1476,59
969,55	1376,24
969,72	1458,15
969,89	1501,16
970,06	1464,30
970,23	1329,13
970,40	1544,17
970,57	1413,10
970,74	1492,97
970,91	1423,34
971,08	1376,24
971,25	1402,86
971,42	1462,25
971,59	1419,24
971,76	1421,29
971,93	1456,11
972,10	1439,72
972,27	1441,77
972,44	1492,97
972,61	1437,67
972,78	1388,52
972,95	1439,72
973,12	1511,40
973,29	1454,06
973,46	1484,78
973,63	1458,15
973,80	1357,80
973,97	1320,94
974,14	1497,07
974,30	1490,92
974,47	1413,10
974,64	1460,20
974,81	1492,97
974,98	1462,25
975,15	1439,72
975,32	1495,02
975,49	1466,35
975,66	1452,01
975,83	1458,15
976,00	1486,83
976,17	1396,71
976,34	1392,62
976,51	1409,00
976,68	1427,43
976,85	1454,06
977,02	1433,58
977,19	1423,34
977,36	1322,99
977,52	1433,58
977,69	1458,15
977,86	1484,78
978,03	1417,19
978,20	1427,43
978,37	1468,39
978,54	1462,25
978,71	1415,15
978,88	1523,69
979,05	1409,00
979,22	1456,11
979,39	1425,39
979,56	1370,09
979,72	1409,00
979,89	1474,54
980,06	1492,97
980,23	1509,35
980,40	1419,24
980,57	1372,14
980,74	1456,11
980,91	1409,00
981,08	1376,24
981,25	1384,43
981,41	1445,87
981,58	1361,90
981,75	1355,76
981,92	1472,49
982,09	1464,30
982,26	1425,39
982,43	1366,00
982,60	1482,73
982,77	1409,00
982,93	1433,58
983,10	1357,80
983,27	1419,24
983,44	1474,54
983,61	1521,64
983,78	1449,96
983,95	1296,36
984,11	1384,43
984,28	1566,70
984,45	1396,71
984,62	1433,58
984,79	1374,19
984,96	1419,24
985,13	1394,67
985,30	1466,35
985,46	1409,00
985,63	1456,11
985,80	1458,15
985,97	1406,95
986,14	1382,38
986,31	1439,72
986,47	1415,15
986,64	1409,00
986,81	1445,87
986,98	1337,32
987,15	1460,20
987,32	1400,81
987,48	1456,11
987,65	1390,57
987,82	1368,04
987,99	1458,15
988,16	1771,49
988,33	1556,46
988,49	1343,47
988,66	1372,14
988,83	1433,58
989,00	1482,73
989,17	1382,38
989,34	1437,67
989,50	1427,43
989,67	1380,33
989,84	1366,00
990,01	1347,56
990,18	1429,48
990,34	1437,67
990,51	1445,87
990,68	1445,87
990,85	1480,68
991,02	1429,48
991,18	1417,19
991,35	1411,05
991,52	1433,58
991,69	1454,06
991,86	1464,30
992,02	1462,25
992,19	1380,33
992,36	1470,44
992,53	1464,30
992,69	1431,53
992,86	1388,52
993,03	1492,97
993,20	1376,24
993,37	1404,91
993,53	1511,40
993,70	1443,82
993,87	1357,80
994,04	1413,10
994,20	1415,15
994,37	1370,09
994,54	1423,34
994,71	1427,43
994,87	1538,02
995,04	1449,96
995,21	1398,76
995,38	1359,85
995,55	1349,61
995,71	1419,24
995,88	1439,72
996,05	1501,16
996,22	1386,47
996,38	1507,30
996,55	1404,91
996,72	1431,53
996,88	1517,54
997,05	2164,70
997,22	1415,15
997,39	1435,63
997,55	1466,35
997,72	1433,58
997,89	1380,33
998,06	1376,24
998,22	1409,00
998,39	1466,35
998,56	1349,61
998,73	1386,47
998,89	1394,67
999,06	1400,81
999,23	1388,52
999,39	1419,24
999,56	1472,49
999,73	1390,57
999,90	1359,85
1000,06	1490,92
1000,23	1456,11
1000,40	1548,26
1000,56	1441,77
1000,73	1349,61
1000,90	1394,67
1001,06	1394,67
1001,23	1329,13
1001,40	1466,35
1001,57	1376,24
1001,73	1400,81
1001,90	1337,32
1002,07	1413,10
1002,23	1484,78
1002,40	1390,57
1002,57	1380,33
1002,73	1363,95
1002,90	1406,95
1003,07	1437,67
1003,23	1327,08
1003,40	1454,06
1003,57	1394,67
1003,73	1370,09
1003,90	1406,95
1004,07	1351,66
1004,23	1435,63
1004,40	1363,95
1004,57	1380,33
1004,73	1413,10
1004,90	1398,76
1005,07	1390,57
1005,23	1437,67
1005,40	1433,58
1005,57	1417,19
1005,73	1443,82
1005,90	1384,43
1006,07	1527,78
1006,23	1490,92
1006,40	1464,30
1006,57	1355,76
1006,73	1497,07
1006,90	1427,43
1007,06	1462,25
1007,23	1341,42
1007,40	1429,48
1007,56	1458,15
1007,73	1390,57
1007,90	1441,77
1008,06	1343,47
1008,23	1384,43
1008,40	1429,48
1008,56	1443,82
1008,73	1447,91
1008,89	1376,24
1009,06	1495,02
1009,23	1382,38
1009,39	1347,56
1009,56	1386,47
1009,72	1384,43
1009,89	1476,59
1010,06	1402,86
1010,22	1449,96
1010,39	1396,71
1010,55	1411,05
1010,72	1478,63
1010,89	1390,57
1011,05	1404,91
1011,22	1370,09
1011,38	1390,57
1011,55	1433,58
1011,72	1394,67
1011,88	1374,19
1012,05	1445,87
1012,21	1413,10
1012,38	1384,43
1012,55	1470,44
1012,71	1333,23
1012,88	1406,95
1013,04	1437,67
1013,21	1361,90
1013,37	1456,11
1013,54	1349,61
1013,71	1386,47
1013,87	1464,30
1014,04	1486,83
1014,20	1458,15
1014,37	1392,62
1014,53	1421,29
1014,70	1400,81
1014,87	1433,58
1015,03	1505,26
1015,20	1472,49
1015,36	1363,95
1015,53	1378,28
1015,69	1431,53
1015,86	1437,67
1016,02	1423,34
1016,19	1464,30
1016,36	1392,62
1016,52	1439,72
1016,69	1353,71
1016,85	1449,96
1017,02	1439,72
1017,18	1314,80
1017,35	1437,67
1017,51	1361,90
1017,68	1351,66
1017,84	1380,33
1018,01	1384,43
1018,17	1435,63
1018,34	1458,15
1018,50	1417,19
1018,67	1421,29
1018,84	1488,87
1019,00	1331,18
1019,17	1488,87
1019,33	1396,71
1019,50	1425,39
1019,66	1384,43
1019,83	1349,61
1019,99	1495,02
1020,16	1351,66
1020,32	1413,10
1020,49	1527,78
1020,65	1368,04
1020,82	1423,34
1020,98	1423,34
1021,15	1431,53
1021,31	1439,72
1021,48	1382,38
1021,64	1384,43
1021,81	1400,81
1021,97	1368,04
1022,14	1382,38
1022,30	1398,76
1022,47	1460,20
1022,63	1378,28
1022,79	1398,76
1022,96	1320,94
1023,12	1445,87
1023,29	1447,91
1023,45	1447,91
1023,62	1368,04
1023,78	1419,24
1023,95	1468,39
1024,11	1380,33
1024,28	1337,32
1024,44	1359,85
1024,61	1312,75
1024,77	1361,90
1024,94	1413,10
1025,10	1443,82
1025,26	1382,38
1025,43	1404,91
1025,59	1349,61
1025,76	1355,76
1025,92	1445,87
1026,09	1339,37
1026,25	1443,82
1026,42	1357,80
1026,58	1372,14
1026,74	1394,67
1026,91	1378,28
1027,07	1329,13
1027,24	1492,97
1027,40	1394,67
1027,57	1429,48
1027,73	1316,84
1027,90	1476,59
1028,06	1372,14
1028,22	1372,14
1028,39	1398,76
1028,55	1476,59
1028,72	1472,49
1028,88	1480,68
1029,04	1421,29
1029,21	1476,59
1029,37	1361,90
1029,54	1380,33
1029,70	1359,85
1029,87	1292,27
1030,03	1359,85
1030,19	1484,78
1030,36	1351,66
1030,52	1351,66
1030,69	1378,28
1030,85	1292,27
1031,01	1456,11
1031,18	1480,68
1031,34	1484,78
1031,50	1423,34
1031,67	1394,67
1031,83	1378,28
1032,00	1320,94
1032,16	1433,58
1032,32	1386,47
1032,49	1421,29
1032,65	1411,05
1032,82	1370,09
1032,98	1378,28
1033,14	1413,10
1033,31	1392,62
1033,47	1488,87
1033,63	1368,04
1033,80	1456,11
1033,96	1308,65
1034,13	1411,05
1034,29	1411,05
1034,45	1353,71
1034,62	1423,34
1034,78	1452,01
1034,94	1357,80
1035,11	1435,63
1035,27	1359,85
1035,43	1470,44
1035,60	1521,64
1035,76	1368,04
1035,92	1382,38
1036,09	1406,95
1036,25	1421,29
1036,41	1419,24
1036,58	1484,78
1036,74	1517,54
1036,90	1372,14
1037,07	1347,56
1037,23	1429,48
1037,39	1558,50
1037,56	1386,47
1037,72	1398,76
1037,88	1421,29
1038,05	1363,95
1038,21	1447,91
1038,37	1433,58
1038,54	1439,72
1038,70	1492,97
1038,86	1402,86
1039,03	1415,15
1039,19	1521,64
1039,35	1363,95
1039,52	1380,33
1039,68	1353,71
1039,84	1392,62
1040,00	1429,48
1040,17	1359,85
1040,33	1421,29
1040,49	1339,37
1040,66	1411,05
1040,82	1376,24
1040,98	1429,48
1041,15	1388,52
1041,31	1398,76
1041,47	1413,10
1041,63	1363,95
1041,80	1417,19
1041,96	1435,63
1042,12	1386,47
1042,29	1396,71
1042,45	1478,63
1042,61	1370,09
1042,77	1404,91
1042,94	1470,44
1043,10	1546,22
1043,26	1363,95
1043,42	1409,00
1043,59	1372,14
1043,75	1437,67
1043,91	1368,04
1044,07	1327,08
1044,24	1433,58
1044,40	1396,71
