345,22	1292,27
345,44	1292,27
345,66	1292,27
345,88	1234,93
346,10	1290,22
346,32	1486,83
346,54	1392,62
346,75	1439,72
346,97	1392,62
347,19	1460,20
347,41	1480,68
347,63	1472,49
347,85	1433,58
348,07	1406,95
348,29	1425,39
348,51	1427,43
348,73	1505,26
348,95	1378,28
349,16	1402,86
349,38	1429,48
349,60	1392,62
349,82	1464,30
350,04	1460,20
350,26	1468,39
350,48	1484,78
350,70	1378,28
350,92	1419,24
351,14	1425,39
351,35	1456,11
351,57	1476,59
351,79	1517,54
352,01	1357,80
352,23	1445,87
352,45	1464,30
352,67	1507,30
352,89	1445,87
353,10	1378,28
353,32	1435,63
353,54	1376,24
353,76	1454,06
353,98	1495,02
354,20	1482,73
354,42	1370,09
354,64	1519,59
354,85	1425,39
355,07	1464,30
355,29	1433,58
355,51	1374,19
355,73	1505,26
355,95	1433,58
356,17	1419,24
356,38	1417,19
356,60	1439,72
356,82	1495,02
357,04	1363,95
357,26	1423,34
357,48	1470,44
357,69	1462,25
357,91	1464,30
358,13	1462,25
358,35	1492,97
358,57	1521,64
358,79	1423,34
359,01	1492,97
359,22	1476,59
359,44	1515,50
359,66	1452,01
359,88	1376,24
360,10	1443,82
360,32	1355,76
360,53	1460,20
360,75	1449,96
360,97	1468,39
361,19	1449,96
361,41	1452,01
361,62	1456,11
361,84	1490,92
362,06	1509,35
362,28	1378,28
362,50	1476,59
362,72	1460,20
362,93	1366,00
363,15	1382,38
363,37	1478,63
363,59	1468,39
363,81	1415,15
364,02	1458,15
364,24	1394,67
364,46	1552,36
364,68	1404,91
364,90	1593,32
365,11	1482,73
365,33	1531,88
365,55	1413,10
365,77	1417,19
365,99	1353,71
366,20	1554,41
366,42	1443,82
366,64	1384,43
366,86	1411,05
367,07	1548,26
367,29	1409,00
367,51	1359,85
367,73	1398,76
367,95	1419,24
368,16	1486,83
368,38	1527,78
368,60	1484,78
368,82	1445,87
369,03	1597,42
369,25	1468,39
369,47	1339,37
369,69	1409,00
369,91	1458,15
370,12	1470,44
370,34	1480,68
370,56	1392,62
370,78	1482,73
370,99	1517,54
371,21	1433,58
371,43	1411,05
371,65	1423,34
371,86	1462,25
372,08	1435,63
372,30	1443,82
372,52	1474,54
372,73	1433,58
372,95	1478,63
373,17	1390,57
373,39	1445,87
373,60	1441,77
373,82	1492,97
374,04	1327,08
374,26	1406,95
374,47	1449,96
374,69	1478,63
374,91	1478,63
375,12	1464,30
375,34	1400,81
375,56	1429,48
375,78	1443,82
375,99	1435,63
376,21	1525,74
376,43	1431,53
376,65	1501,16
376,86	1458,15
377,08	1437,67
377,30	1535,98
377,51	1486,83
377,73	1427,43
377,95	1415,15
378,17	1495,02
378,38	1419,24
378,60	1517,54
378,82	1533,93
379,03	1527,78
379,25	1531,88
379,47	1564,65
379,68	1482,73
379,90	1398,76
380,12	1533,93
380,34	1435,63
380,55	1533,93
380,77	1507,30
380,99	1433,58
381,20	1433,58
381,42	1456,11
381,64	1396,71
381,85	1525,74
382,07	1511,40
382,29	1441,77
382,50	1486,83
382,72	1472,49
382,94	1454,06
383,15	1439,72
383,37	1404,91
383,59	1425,39
383,80	1384,43
384,02	1492,97
384,24	1452,01
384,45	1564,65
384,67	1488,87
384,89	1468,39
385,10	1452,01
385,32	1452,01
385,54	1458,15
385,75	1462,25
385,97	1515,50
386,19	1419,24
386,40	1597,42
386,62	1449,96
386,84	1470,44
387,05	1443,82
387,27	1460,20
387,49	1472,49
387,70	1398,76
387,92	1396,71
388,14	1425,39
388,35	1472,49
388,57	1419,24
388,79	1415,15
389,00	1427,43
389,22	1474,54
389,43	1443,82
389,65	1478,63
389,87	1454,06
390,08	1439,72
390,30	1538,02
390,52	1474,54
390,73	1531,88
390,95	1441,77
391,17	1509,35
391,38	1482,73
391,60	1525,74
391,81	1515,50
392,03	1421,29
392,25	1402,86
392,46	1413,10
392,68	1482,73
392,89	1449,96
393,11	1406,95
393,33	1482,73
393,54	1482,73
393,76	1492,97
393,98	1503,21
394,19	1355,76
394,41	1398,76
394,62	1333,23
394,84	1490,92
395,06	1443,82
395,27	1454,06
395,49	1392,62
395,70	1458,15
395,92	1411,05
396,13	1425,39
396,35	1470,44
396,57	1406,95
396,78	1388,52
397,00	1413,10
397,21	1507,30
397,43	1544,17
397,65	1429,48
397,86	1550,31
398,08	1413,10
398,29	1523,69
398,51	1409,00
398,72	1507,30
398,94	1521,64
399,16	1470,44
399,37	1529,83
399,59	1523,69
399,80	1480,68
400,02	1492,97
400,23	1505,26
400,45	1355,76
400,67	1517,54
400,88	1449,96
401,10	1380,33
401,31	1396,71
401,53	1413,10
401,74	1478,63
401,96	1394,67
402,17	1402,86
402,39	1411,05
402,61	1402,86
402,82	1476,59
403,04	1462,25
403,25	1439,72
403,47	1437,67
403,68	1441,77
403,90	1595,37
404,11	1460,20
404,33	1341,42
404,54	1525,74
404,76	1437,67
404,97	1398,76
405,19	1554,41
405,41	1497,07
405,62	1460,20
405,84	1411,05
406,05	1495,02
406,27	1433,58
406,48	1523,69
406,70	1406,95
406,91	1454,06
407,13	1427,43
407,34	1363,95
407,56	1574,89
407,77	1482,73
407,99	1402,86
408,20	1521,64
408,42	1409,00
408,63	1435,63
408,85	1433,58
409,06	1423,34
409,28	1554,41
409,49	1433,58
409,71	1495,02
409,92	1519,59
410,14	1468,39
410,35	1566,70
410,57	1497,07
410,78	1425,39
411,00	1464,30
411,21	1468,39
411,43	1476,59
411,64	1460,20
411,86	1488,87
412,07	1474,54
412,29	1427,43
412,50	1501,16
412,72	1511,40
412,93	1533,93
413,15	1497,07
413,36	1456,11
413,58	1495,02
413,79	1409,00
414,01	1476,59
414,22	1509,35
414,43	1513,45
414,65	1482,73
414,86	1482,73
415,08	1490,92
415,29	1515,50
415,51	1474,54
415,72	1511,40
415,94	1449,96
416,15	1488,87
416,37	1517,54
416,58	1388,52
416,80	1443,82
417,01	1480,68
417,22	1361,90
417,44	1445,87
417,65	1413,10
417,87	1437,67
418,08	1490,92
418,30	1464,30
418,51	1435,63
418,73	1503,21
418,94	1452,01
419,15	1437,67
419,37	1533,93
419,58	1431,53
419,80	1456,11
420,01	1521,64
420,23	1445,87
420,44	1447,91
420,65	1427,43
420,87	1542,12
421,08	1531,88
421,30	1490,92
421,51	1525,74
421,73	1417,19
421,94	1423,34
422,15	1468,39
422,37	1468,39
422,58	1396,71
422,80	1402,86
423,01	1431,53
423,22	1402,86
423,44	1390,57
423,65	1466,35
423,87	1458,15
424,08	1490,92
424,29	1478,63
424,51	1490,92
424,72	1492,97
424,94	1462,25
425,15	1437,67
425,36	1472,49
425,58	1400,81
425,79	1509,35
426,01	1488,87
426,22	1435,63
426,43	1497,07
426,65	1382,38
426,86	1466,35
427,08	1509,35
427,29	1425,39
427,50	1423,34
427,72	1409,00
427,93	1454,06
428,14	1447,91
428,36	1400,81
428,57	1392,62
428,79	1447,91
429,00	1515,50
429,21	1476,59
429,43	1490,92
429,64	1417,19
429,85	1517,54
430,07	1511,40
430,28	1439,72
430,49	1404,91
430,71	1441,77
430,92	1476,59
431,14	1523,69
431,35	1480,68
431,56	1472,49
431,78	1427,43
431,99	1456,11
432,20	1474,54
432,42	1386,47
432,63	1431,53
432,84	1458,15
433,06	1478,63
433,27	1478,63
433,48	1527,78
433,70	1527,78
433,91	1533,93
434,12	1429,48
434,34	1447,91
434,55	1501,16
434,76	1495,02
434,98	1517,54
435,19	1447,91
435,40	1452,01
435,62	1419,24
435,83	1535,98
436,04	1470,44
436,26	1529,83
436,47	1447,91
436,68	1376,24
436,90	1474,54
437,11	1404,91
437,32	1421,29
437,54	1486,83
437,75	1466,35
437,96	1462,25
438,17	1511,40
438,39	1474,54
438,60	1495,02
438,81	1513,45
439,03	1527,78
439,24	1476,59
439,45	1515,50
439,67	1464,30
439,88	1390,57
440,09	1476,59
440,30	1503,21
440,52	1406,95
440,73	1486,83
440,94	1435,63
441,16	1402,86
441,37	1433,58
441,58	1449,96
441,80	1462,25
442,01	1484,78
442,22	1484,78
442,43	1429,48
442,65	1619,94
442,86	1525,74
443,07	1474,54
443,28	1402,86
443,50	1478,63
443,71	1454,06
443,92	1392,62
444,14	1482,73
444,35	1497,07
444,56	1460,20
444,77	1452,01
444,99	1515,50
445,20	1517,54
445,41	1523,69
445,62	1445,87
445,84	1517,54
446,05	1511,40
446,26	1540,07
446,47	1566,70
446,69	1458,15
446,90	1490,92
447,11	1550,31
447,32	1413,10
447,54	1468,39
447,75	1529,83
447,96	1499,11
448,17	1419,24
448,39	1501,16
448,60	1370,09
448,81	1542,12
449,02	1511,40
449,23	1456,11
449,45	1488,87
449,66	1525,74
449,87	1452,01
450,08	1503,21
450,30	1409,00
450,51	1503,21
450,72	1470,44
450,93	1443,82
451,15	1527,78
451,36	1427,43
451,57	1523,69
451,78	1456,11
451,99	1548,26
452,21	1417,19
452,42	1515,50
452,63	1443,82
452,84	1466,35
453,05	1421,29
453,27	1474,54
453,48	1621,99
453,69	1452,01
453,90	1562,60
454,11	1515,50
454,33	1419,24
454,54	1503,21
454,75	1515,50
454,96	1497,07
455,17	1433,58
455,39	1548,26
455,60	1464,30
455,81	1544,17
456,02	1454,06
456,23	1609,70
456,45	1452,01
456,66	1482,73
456,87	1472,49
457,08	1574,89
457,29	1554,41
457,50	1482,73
457,72	1513,45
457,93	1499,11
458,14	1468,39
458,35	1554,41
458,56	1605,61
458,77	1482,73
458,99	1548,26
459,20	1558,50
459,41	1540,07
459,62	1531,88
459,83	1507,30
460,04	1535,98
460,26	1548,26
460,47	1548,26
460,68	1425,39
460,89	1574,89
461,10	1589,22
461,31	1531,88
461,52	1511,40
461,74	1603,56
461,95	1503,21
462,16	1458,15
462,37	1566,70
462,58	1527,78
462,79	1576,94
463,00	1505,26
463,22	1570,79
463,43	1533,93
463,64	1556,46
463,85	1574,89
464,06	1609,70
464,27	1474,54
464,48	1589,22
464,70	1535,98
464,91	1548,26
465,12	1640,42
465,33	1585,13
465,54	1634,28
465,75	1595,37
465,96	1642,47
466,17	1599,46
466,38	1601,51
466,60	1603,56
466,81	1609,70
467,02	1650,66
467,23	1583,08
467,44	1624,04
467,65	1648,61
467,86	1679,33
468,07	1589,22
468,28	1621,99
468,50	1597,42
468,71	1583,08
468,92	1556,46
469,13	1599,46
469,34	1599,46
469,55	1636,33
469,76	1544,17
469,97	1654,76
470,18	1511,40
470,39	1624,04
470,60	1646,57
470,82	1660,90
471,03	1578,98
471,24	1736,68
471,45	1593,32
471,66	1630,18
471,87	1650,66
472,08	1597,42
472,29	1673,19
472,50	1662,95
472,71	1607,66
472,92	1613,80
473,13	1683,43
473,34	1669,09
473,55	1710,05
473,77	1703,91
473,98	1767,40
474,19	1626,09
474,40	1650,66
474,61	1699,81
474,82	1578,98
475,03	1693,67
475,24	1613,80
475,45	1675,24
475,66	1769,44
475,87	1683,43
476,08	1705,96
476,29	1705,96
476,50	1667,05
476,71	1699,81
476,92	1630,18
477,13	1619,94
477,34	1720,29
477,55	1753,06
477,76	1767,40
477,97	1695,72
478,18	1730,53
478,40	1691,62
478,61	1753,06
478,82	1681,38
479,03	1693,67
479,24	1746,92
479,45	1697,77
479,66	1785,83
479,87	1769,44
480,08	1679,33
480,29	1687,53
480,50	1890,28
480,71	1755,11
480,92	1802,21
481,13	1697,77
481,34	1781,73
481,55	1679,33
481,76	1738,73
481,97	1736,68
482,18	1849,32
482,39	1732,58
482,60	1810,40
482,81	1710,05
483,02	1746,92
483,23	1808,36
483,44	1804,26
483,65	1763,30
483,86	1806,31
484,07	1810,40
484,28	1800,16
484,49	1871,84
484,70	1855,46
484,91	1775,59
485,12	1753,06
485,33	1800,16
485,54	1877,99
485,75	1822,69
485,96	1806,31
486,17	1888,23
486,38	1810,40
486,59	1855,46
486,80	1906,66
487,01	1832,93
487,21	1861,60
487,42	1847,27
487,63	2017,25
487,84	1875,94
488,05	1998,82
488,26	2070,50
488,47	1869,80
488,68	1824,74
488,89	1974,24
489,10	1902,56
489,31	1918,95
489,52	1957,86
489,73	1945,57
489,94	1998,82
490,15	1923,04
490,36	2029,54
490,57	2015,20
490,78	1916,90
490,99	1890,28
491,20	1937,38
491,41	1990,63
491,61	2021,35
491,82	2033,63
492,03	2004,96
492,24	2047,97
492,45	2025,44
492,66	2103,26
492,87	2039,78
493,08	1945,57
493,29	1966,05
493,50	1951,71
493,71	2043,87
493,92	2066,40
494,13	2105,31
494,34	2050,02
494,54	2109,41
494,75	2045,92
494,96	2252,77
495,17	2129,89
495,38	1980,39
495,59	2088,93
495,80	2148,32
496,01	2170,85
496,22	2113,50
496,43	2125,79
496,64	2068,45
496,84	2111,46
497,05	2111,46
497,26	2168,80
497,47	2070,50
497,68	2199,52
497,89	2162,66
498,10	2146,27
498,31	2185,18
498,52	2154,46
498,72	2152,42
498,93	2306,01
499,14	2191,33
499,35	2174,94
499,56	2189,28
499,77	2127,84
499,98	2199,52
500,19	2213,85
500,40	2129,89
500,60	2148,32
500,81	2285,53
501,02	2189,28
501,23	2250,72
501,44	2197,47
501,65	2234,33
501,86	2226,14
502,06	2273,25
502,27	2291,68
502,48	2314,20
502,69	2314,20
502,90	2385,88
503,11	2234,33
503,32	2359,26
503,53	2260,96
503,73	2254,81
503,94	2383,84
504,15	2416,60
504,36	2306,01
504,57	2277,34
504,78	2240,48
504,98	2273,25
505,19	2220,00
505,40	2363,36
505,61	2424,80
505,82	2379,74
506,03	2441,18
506,23	2308,06
506,44	2377,69
506,65	2404,32
506,86	2394,08
507,07	2424,80
507,28	2375,64
507,48	2516,95
507,69	2416,60
507,90	2359,26
508,11	2416,60
508,32	2377,69
508,53	2478,04
508,73	2426,84
508,94	2318,30
509,15	2488,28
509,36	2363,36
509,57	2314,20
509,77	2488,28
509,98	2465,75
510,19	2500,57
510,40	2482,14
510,61	2344,92
510,81	2584,54
511,02	2568,15
511,23	2482,14
511,44	2480,09
511,65	2432,99
511,85	2596,82
512,06	2404,32
512,27	2414,56
512,48	2488,28
512,69	2559,96
512,89	2586,58
513,10	2578,39
513,31	2488,28
513,52	2648,02
513,73	2555,86
513,93	2607,06
514,14	2686,94
514,35	2637,78
514,56	2627,54
514,76	2615,26
514,97	2615,26
515,18	2631,64
515,39	2543,58
515,60	2576,34
515,80	2633,69
516,01	2605,02
516,22	2637,78
516,43	2580,44
516,63	2654,17
516,84	2713,56
517,05	2637,78
517,26	2652,12
517,46	2623,45
517,67	2656,22
517,88	2598,87
518,09	2568,15
518,29	2592,73
518,50	2729,94
518,71	2666,46
518,92	2711,51
519,12	2521,05
519,33	2680,79
519,54	2744,28
519,75	2731,99
519,95	2770,90
520,16	2736,09
520,37	2668,50
520,57	2705,37
520,78	2768,85
520,99	2766,81
521,20	2729,94
521,40	2721,75
521,61	2756,57
521,82	2742,23
522,03	2645,98
522,23	2715,61
522,44	2783,19
522,65	2615,26
522,85	2766,81
523,06	2670,55
523,27	2797,53
523,48	2885,59
523,68	2684,89
523,89	2844,63
524,10	2826,20
524,30	2729,94
524,51	2791,38
524,72	2750,42
524,93	2861,01
525,13	2799,57
525,34	2877,40
525,55	2881,49
525,75	2854,87
525,96	2924,50
526,17	2791,38
526,37	2916,31
526,58	2904,02
526,79	2879,44
526,99	2869,20
527,20	2934,74
527,41	2906,07
527,62	2873,30
527,82	2897,88
528,03	2951,12
528,24	2961,36
528,44	2985,94
528,65	2844,63
528,86	2975,70
529,06	2947,03
529,27	2940,88
529,48	2947,03
529,68	3112,91
529,89	3125,20
530,10	3033,04
530,30	3039,19
530,51	2998,23
530,72	3078,10
530,92	3028,95
531,13	3184,59
531,34	3162,06
531,54	3133,39
531,75	3192,78
531,96	3258,32
532,16	3168,21
532,37	3104,72
532,57	3153,87
532,78	3338,19
532,99	3205,07
533,19	3207,12
533,40	3465,16
533,61	3305,42
533,81	3334,09
534,02	3307,47
534,23	3327,95
534,43	3434,44
534,64	3510,22
534,84	3542,99
535,05	3411,92
535,26	3555,27
535,46	3616,71
535,67	3538,89
535,88	3553,23
536,08	3581,90
536,29	3596,23
536,49	3663,82
536,70	3672,01
536,91	3631,05
537,11	3794,89
537,32	3905,48
537,53	3954,63
537,73	3960,77
537,94	3862,47
538,14	3962,82
538,35	4014,02
538,56	4032,45
538,76	4040,64
538,97	4120,51
539,17	4120,51
539,38	4323,26
539,59	4372,41
539,79	4429,76
540,00	4452,28
540,20	4542,39
540,41	4614,07
540,62	4683,70
540,82	4681,66
541,03	4784,06
541,23	4968,37
541,44	4925,36
541,64	5031,86
541,85	5132,21
542,06	5228,46
542,26	5240,75
542,47	5351,34
542,67	5580,71
542,88	5523,37
543,08	5775,27
543,29	5984,16
543,50	6018,98
543,70	5957,54
543,91	6231,97
544,11	6340,51
544,32	6647,71
544,52	6758,30
544,73	6641,56
544,94	6872,98
545,14	7151,51
545,35	7153,55
545,55	7401,36
545,76	7561,10
545,96	7810,95
546,17	8120,20
546,37	8128,39
546,58	8257,41
546,78	8746,87
546,99	8787,83
547,20	9224,05
547,40	9422,70
547,61	9742,19
547,81	9842,54
548,02	10098,53
548,22	10475,36
548,43	10680,16
548,63	10999,64
548,84	11384,66
549,04	11495,25
549,25	12068,68
549,45	12341,06
549,66	12549,95
549,86	13082,42
550,07	13426,48
550,27	13786,93
550,48	14282,53
550,69	14360,36
550,89	14655,26
551,10	15310,61
551,30	15585,04
551,51	16000,78
551,71	16103,18
551,92	16750,34
552,12	17012,48
552,33	17422,07
552,53	18015,98
552,74	17809,14
552,94	18552,55
553,15	18992,86
553,35	19371,74
553,56	19732,18
553,76	19934,93
553,97	20377,29
554,17	20911,81
554,38	20920,00
554,58	21343,93
554,79	21894,83
554,99	21900,98
555,19	22443,69
555,40	22580,90
555,60	22922,91
555,81	23238,30
556,01	23434,91
556,22	23770,77
556,42	24030,87
556,63	23950,99
556,83	24499,85
557,04	24581,77
557,24	24645,26
557,45	24778,37
557,65	24944,26
557,86	25175,68
558,06	25286,27
558,27	25566,84
558,47	25403,00
558,67	25634,42
558,88	25894,52
559,08	25552,51
559,29	25593,47
559,49	25861,75
559,70	25966,20
559,90	25988,72
560,11	26277,49
560,31	25859,70
560,52	26334,83
560,72	26447,47
560,92	26609,26
561,13	26136,18
561,33	26205,81
561,54	26297,97
561,74	26269,30
561,95	26168,94
562,15	26476,14
562,35	26015,35
562,56	26586,73
562,76	25998,96
562,97	26062,45
563,17	26183,28
563,38	26089,07
563,58	26336,88
563,78	25785,97
563,99	25527,93
564,19	25773,69
564,40	25464,44
564,60	25316,99
564,80	25353,85
565,01	25468,54
565,21	25083,52
565,42	25378,43
565,62	24749,70
565,83	24764,04
566,03	24770,18
566,23	24333,96
566,44	24415,88
566,64	24499,85
566,85	24280,72
567,05	24096,40
567,25	23901,84
567,46	23742,10
567,66	23510,68
567,86	23164,57
568,07	23078,56
568,27	23121,57
568,48	23037,60
568,68	22589,10
568,88	22161,07
569,09	22337,20
569,29	21843,63
569,50	21712,56
569,70	21417,66
569,90	21112,51
570,11	20874,95
570,31	20580,04
570,51	20455,11
570,72	20190,92
570,92	19773,14
571,13	19521,24
571,33	19349,21
571,53	19224,28
571,74	19023,58
571,94	18724,58
572,14	18265,83
572,35	18112,24
572,55	17770,22
572,75	17503,99
572,96	17241,85
573,16	17295,10
573,36	16961,28
573,57	16727,81
573,77	16555,78
573,97	16412,42
574,18	15916,81
574,38	15576,85
574,59	15687,44
574,79	15626,00
574,99	15181,59
575,20	15294,23
575,40	14952,22
575,60	14761,76
575,81	14628,64
576,01	14161,70
576,21	14180,14
576,42	13926,19
576,62	13977,39
576,82	13569,84
577,02	13469,49
577,23	13338,42
577,43	13328,18
577,63	13004,60
577,84	12799,80
578,04	12810,04
578,24	12558,14
578,45	12257,09
578,65	12052,30
578,85	11964,23
579,06	12199,75
579,26	11820,88
579,46	11698,00
579,67	11534,16
579,87	11599,70
580,07	11347,79
580,27	11138,90
580,48	11085,65
580,68	11013,98
580,88	10846,04
581,09	10700,64
581,29	10471,26
581,49	10483,55
581,69	10465,12
581,90	10254,18
582,10	10149,73
582,30	10002,28
582,51	10090,34
582,71	9731,95
582,91	9656,17
583,11	9564,01
583,32	9529,20
583,52	9363,31
583,72	9258,87
583,93	9213,81
584,13	9299,83
584,33	8980,34
584,53	8953,72
584,74	8800,12
584,94	8734,59
585,14	8454,02
585,34	8492,93
585,55	8474,49
585,75	8269,70
585,95	8167,30
586,15	8099,72
586,36	8187,78
586,56	7827,34
586,76	7862,15
586,96	7548,81
587,17	7671,69
587,37	7538,57
587,57	7509,90
587,77	7427,98
587,98	7413,65
588,18	7176,08
588,38	7266,19
588,58	7147,41
588,79	7157,65
588,99	6973,33
589,19	6973,33
589,39	6754,20
589,60	6762,39
589,80	6653,85
590,00	6416,29
590,20	6418,33
590,40	6387,61
590,61	6336,42
590,81	6252,45
591,01	6172,58
591,21	6219,68
591,42	6082,47
591,62	6086,56
591,82	5885,86
592,02	6035,36
592,22	5996,45
592,43	5701,54
592,63	5748,65
592,83	5719,98
593,03	5627,82
593,23	5699,50
593,44	5644,20
593,64	5308,34
593,84	5470,12
594,04	5433,26
594,24	5359,53
594,45	5302,19
594,65	5250,99
594,85	5232,56
595,05	5070,77
595,25	5199,79
595,46	5070,77
595,66	5076,91
595,86	4933,56
596,06	4841,40
596,26	4743,10
596,46	4798,39
596,67	4702,14
596,87	4730,81
597,07	4614,07
597,27	4542,39
597,47	4607,93
597,67	4532,15
597,88	4444,09
598,08	4497,34
598,28	4300,73
598,48	4433,85
598,68	4378,56
598,88	4317,12
599,09	4335,55
599,29	4208,58
599,49	4143,04
599,69	4157,38
599,89	4265,92
600,09	4063,17
600,30	4106,18
600,50	4026,31
600,70	3995,59
600,90	3903,43
601,10	3856,33
601,30	4009,92
601,50	3862,47
601,71	3893,19
601,91	3760,07
602,11	3741,64
602,31	3712,97
602,51	3655,62
602,71	3631,05
602,91	3557,32
603,11	3633,10
603,32	3606,47
603,52	3497,93
603,72	3481,55
603,92	3448,78
604,12	3504,07
604,32	3424,20
604,52	3454,92
604,72	3422,16
604,93	3436,49
605,13	3315,66
605,33	3282,89
605,53	3289,04
605,73	3221,45
605,93	3225,55
606,13	3155,92
606,33	3110,86
606,53	3061,71
606,74	3061,71
606,94	3108,82
607,14	3155,92
607,34	3074,00
607,54	3018,71
607,74	3008,47
607,94	2981,84
608,14	2998,23
608,34	2861,01
608,54	2840,53
608,74	2844,63
608,95	2926,55
609,15	2861,01
609,35	2826,20
609,55	2852,82
609,75	2752,47
609,95	2918,36
610,15	2668,50
610,35	2766,81
610,55	2727,89
610,75	2688,98
610,95	2625,50
611,15	2627,54
611,35	2684,89
611,55	2629,59
611,76	2725,85
611,96	2619,35
612,16	2650,07
612,36	2631,64
612,56	2641,88
612,76	2549,72
612,96	2570,20
613,16	2605,02
613,36	2465,75
613,56	2498,52
613,76	2432,99
613,96	2449,37
614,16	2379,74
614,36	2349,02
614,56	2435,03
614,76	2455,51
614,96	2377,69
615,16	2289,63
615,36	2316,25
615,56	2336,73
615,76	2273,25
615,97	2271,20
616,17	2361,31
616,37	2297,82
616,57	2306,01
616,77	2289,63
616,97	2365,40
617,17	2179,04
617,37	2273,25
617,57	2142,18
617,77	2170,85
617,97	2308,06
618,17	2226,14
618,37	2197,47
618,57	2097,12
618,77	2115,55
618,97	2168,80
619,17	2140,13
619,37	2230,24
619,57	2119,65
619,77	2095,07
619,97	2154,46
620,17	2181,09
620,37	2148,32
620,57	2011,11
620,77	2109,41
620,97	2105,31
621,17	2179,04
621,37	1990,63
621,57	2033,63
621,77	1974,24
621,97	2070,50
622,17	1929,19
622,37	2052,06
622,57	2088,93
622,77	2047,97
622,97	2002,91
623,17	1939,43
623,37	2060,26
623,57	1978,34
623,77	1935,33
623,97	1978,34
624,16	1857,51
624,36	2002,91
624,56	1918,95
624,76	1916,90
624,96	1929,19
625,16	1953,76
625,36	1900,52
625,56	1927,14
625,76	1959,91
625,96	1906,66
626,16	1867,75
626,36	1941,47
626,56	2013,15
626,76	1843,17
626,96	1794,02
627,16	1875,94
627,36	1816,55
627,56	1898,47
627,76	1824,74
627,96	1828,84
628,16	1894,37
628,35	1988,58
628,55	1783,78
628,75	1865,70
628,95	1830,88
629,15	1839,08
629,35	1839,08
629,55	1888,23
629,75	1884,13
629,95	1812,45
630,15	1937,38
630,35	1822,69
630,55	1798,12
630,75	1804,26
630,95	1822,69
631,14	1812,45
631,34	1785,83
631,54	1800,16
631,74	1824,74
631,94	1845,22
632,14	1693,67
632,34	1779,68
632,54	1832,93
632,74	1851,36
632,94	1736,68
633,14	1796,07
633,33	1755,11
633,53	1671,14
633,73	1796,07
633,93	1804,26
634,13	1744,87
634,33	1763,30
634,53	1771,49
634,73	1855,46
634,93	1740,77
635,12	1699,81
635,32	1732,58
635,52	1814,50
635,72	1636,33
635,92	1763,30
636,12	1830,88
636,32	1632,23
636,52	1755,11
636,71	1683,43
636,91	1724,39
637,11	1658,85
637,31	1744,87
637,51	1732,58
637,71	1771,49
637,91	1724,39
638,11	1699,81
638,30	1646,57
638,50	1703,91
638,70	1718,25
638,90	1695,72
639,10	1683,43
639,30	1701,86
639,50	1724,39
639,69	1656,81
639,89	1607,66
640,09	1683,43
640,29	1755,11
640,49	1742,82
640,69	1640,42
640,88	1642,47
641,08	1607,66
641,28	1779,68
641,48	1671,14
641,68	1708,01
641,88	1630,18
642,07	1554,41
642,27	1730,53
642,47	1687,53
642,67	1705,96
642,87	1708,01
643,07	1660,90
643,26	1732,58
643,46	1699,81
643,66	1769,44
643,86	1763,30
644,06	1699,81
644,26	1701,86
644,45	1701,86
644,65	1636,33
644,85	1644,52
645,05	1685,48
645,25	1767,40
645,44	1701,86
645,64	1689,57
645,84	1665,00
646,04	1660,90
646,24	1658,85
646,43	1699,81
646,63	1656,81
646,83	1599,46
647,03	1697,77
647,23	1648,61
647,42	1683,43
647,62	1738,73
647,82	1624,04
648,02	1613,80
648,22	1648,61
648,41	1759,21
648,61	1673,19
648,81	1708,01
649,01	1601,51
649,20	1740,77
649,40	1613,80
649,60	1757,16
649,80	1691,62
650,00	1642,47
650,19	1613,80
650,39	1619,94
650,59	1732,58
650,79	1636,33
650,98	1640,42
651,18	1665,00
651,38	1699,81
651,58	1656,81
651,77	1591,27
651,97	1673,19
652,17	1628,14
652,37	1638,38
652,56	1611,75
652,76	1632,23
652,96	1662,95
653,16	1568,74
653,35	1585,13
653,55	1597,42
653,75	1497,07
653,95	1693,67
654,14	1595,37
654,34	1570,79
654,54	1576,94
654,74	1626,09
654,93	1585,13
655,13	1562,60
655,33	1535,98
655,52	1562,60
655,72	1683,43
655,92	1564,65
656,12	1644,52
656,31	1546,22
656,51	1540,07
656,71	1558,50
656,91	1646,57
657,10	1587,18
657,30	1560,55
657,50	1628,14
657,69	1665,00
657,89	1607,66
658,09	1617,90
658,29	1699,81
658,48	1675,24
658,68	1576,94
658,88	1734,63
659,07	1613,80
659,27	1572,84
659,47	1615,85
659,66	1681,38
659,86	1484,78
660,06	1521,64
660,26	1646,57
660,45	1640,42
660,65	1693,67
660,85	1632,23
661,04	1560,55
661,24	1593,32
661,44	1581,03
661,63	1605,61
661,83	1658,85
662,03	1597,42
662,22	1529,83
662,42	1597,42
662,62	1638,38
662,81	1552,36
663,01	1585,13
663,21	1599,46
663,40	1550,31
663,60	1638,38
663,80	1517,54
663,99	1658,85
664,19	1619,94
664,39	1671,14
664,58	1605,61
664,78	1517,54
664,98	1468,39
665,17	1552,36
665,37	1556,46
665,57	1689,57
665,76	1566,70
665,96	1572,84
666,16	1611,75
666,35	1621,99
666,55	1599,46
666,74	1624,04
666,94	1644,52
667,14	1564,65
667,33	1628,14
667,53	1566,70
667,73	1531,88
667,92	1542,12
668,12	1581,03
668,32	1650,66
668,51	1441,77
668,71	1501,16
668,90	1544,17
669,10	1587,18
669,30	1572,84
669,49	1572,84
669,69	1583,08
669,89	1503,21
670,08	1626,09
670,28	1839,08
670,47	1585,13
670,67	1566,70
670,87	1521,64
671,06	1595,37
671,26	1523,69
671,45	1538,02
671,65	1609,70
671,85	1503,21
672,04	1576,94
672,24	1515,50
672,43	1540,07
672,63	1583,08
672,83	1525,74
673,02	1482,73
673,22	1517,54
673,41	1613,80
673,61	1548,26
673,81	1560,55
674,00	1605,61
674,20	1609,70
674,39	1525,74
674,59	1468,39
674,78	1509,35
674,98	1716,20
675,18	1544,17
675,37	1552,36
675,57	1531,88
675,76	1578,98
675,96	1611,75
676,15	1521,64
676,35	1476,59
676,55	1583,08
676,74	1492,97
676,94	1572,84
677,13	1521,64
677,33	1605,61
677,52	1560,55
677,72	1529,83
677,91	1425,39
678,11	1464,30
678,31	1476,59
678,50	1624,04
678,70	1513,45
678,89	1576,94
679,09	1570,79
679,28	1570,79
679,48	1562,60
679,67	1564,65
679,87	1505,26
680,06	1628,14
680,26	1589,22
680,46	1503,21
680,65	1562,60
680,85	1619,94
681,04	1517,54
681,24	1499,11
681,43	1497,07
681,63	1564,65
681,82	1564,65
682,02	1486,83
682,21	1492,97
682,41	1509,35
682,60	1609,70
682,80	1570,79
682,99	1554,41
683,19	1589,22
683,38	1583,08
683,58	1507,30
683,77	1581,03
683,97	1554,41
684,16	1591,27
684,36	1568,74
684,55	1505,26
684,75	1484,78
684,94	1576,94
685,14	1533,93
685,33	1560,55
685,53	1519,59
685,72	1523,69
685,92	1564,65
686,11	1484,78
686,31	1560,55
686,50	1634,28
686,70	1564,65
686,89	1572,84
687,09	1533,93
687,28	1460,20
687,48	1535,98
687,67	1538,02
687,87	1572,84
688,06	1538,02
688,26	1624,04
688,45	1476,59
688,65	1542,12
688,84	1562,60
689,03	1583,08
689,23	1521,64
689,42	1634,28
689,62	1607,66
689,81	1568,74
690,01	1511,40
690,20	1507,30
690,40	1546,22
690,59	1617,90
690,79	1478,63
690,98	1583,08
691,17	1470,44
691,37	1535,98
691,56	1564,65
691,76	1669,09
691,95	1621,99
692,15	1476,59
692,34	1621,99
692,54	1566,70
692,73	1466,35
692,92	1644,52
693,12	1490,92
693,31	1558,50
693,51	1595,37
693,70	1511,40
693,90	1593,32
694,09	1505,26
694,28	1570,79
694,48	1591,27
694,67	1576,94
694,87	1605,61
695,06	1556,46
695,26	1486,83
695,45	1556,46
695,64	1564,65
695,84	1488,87
696,03	1441,77
696,23	1581,03
696,42	1517,54
696,61	1495,02
696,81	1495,02
697,00	1533,93
697,20	1671,14
697,39	1550,31
697,58	1476,59
697,78	1601,51
697,97	1558,50
698,17	1560,55
698,36	1558,50
698,55	1501,16
698,75	1667,05
698,94	1521,64
699,14	1581,03
699,33	1529,83
699,52	1552,36
699,72	1517,54
699,91	1568,74
700,10	1646,57
700,30	1511,40
700,49	1574,89
700,69	1535,98
700,88	1558,50
701,07	1558,50
701,27	1574,89
701,46	1628,14
701,65	1552,36
701,85	1589,22
702,04	1638,38
702,23	1460,20
702,43	1552,36
702,62	1605,61
702,82	1599,46
703,01	1632,23
703,20	1578,98
703,40	1533,93
703,59	1597,42
703,78	1574,89
703,98	1626,09
704,17	1597,42
704,36	1554,41
704,56	1632,23
704,75	1499,11
704,94	1574,89
705,14	1617,90
705,33	1583,08
705,52	1628,14
705,72	1548,26
705,91	1560,55
706,10	1550,31
706,30	1628,14
706,49	1679,33
706,68	1603,56
706,88	1544,17
707,07	1570,79
707,26	1662,95
707,46	1669,09
707,65	1673,19
707,84	1542,12
708,04	1535,98
708,23	1667,05
708,42	1581,03
708,62	1542,12
708,81	1517,54
709,00	1662,95
709,19	1640,42
709,39	1527,78
709,58	1566,70
709,77	1564,65
709,97	1560,55
710,16	1619,94
710,35	1601,51
710,55	1648,61
710,74	1667,05
710,93	1552,36
711,12	1615,85
711,32	1626,09
711,51	1595,37
711,70	1490,92
711,90	1552,36
712,09	1636,33
712,28	1673,19
712,47	1556,46
712,67	1556,46
712,86	1566,70
713,05	1646,57
713,24	1538,02
713,44	1527,78
713,63	1619,94
713,82	1574,89
714,02	1708,01
714,21	1628,14
714,40	1558,50
714,59	1613,80
714,79	1542,12
714,98	1562,60
715,17	1712,10
715,36	1595,37
715,56	1679,33
715,75	1617,90
715,94	1628,14
716,13	1619,94
716,33	1540,07
716,52	1626,09
716,71	1597,42
716,90	1609,70
717,10	1578,98
717,29	1560,55
717,48	1693,67
717,67	1628,14
717,87	1628,14
718,06	1646,57
718,25	1626,09
718,44	1609,70
718,63	1568,74
718,83	1587,18
719,02	1587,18
719,21	1636,33
719,40	1656,81
719,60	1566,70
719,79	1626,09
719,98	1626,09
720,17	1628,14
720,36	1603,56
720,56	1601,51
720,75	1546,22
720,94	1642,47
721,13	1636,33
721,33	1611,75
721,52	1613,80
721,71	1654,76
721,90	1634,28
722,09	1714,15
722,29	1656,81
722,48	1583,08
722,67	1701,86
722,86	1746,92
723,05	1630,18
723,24	1695,72
723,44	1626,09
723,63	1634,28
723,82	1710,05
724,01	1626,09
724,20	1619,94
724,40	1634,28
724,59	1662,95
724,78	1621,99
724,97	1640,42
725,16	1585,13
725,35	1632,23
725,55	1710,05
725,74	1699,81
725,93	1710,05
726,12	1597,42
726,31	1810,40
726,51	1703,91
726,70	1660,90
726,89	1628,14
727,08	1701,86
727,27	1753,06
727,46	1675,24
727,65	1697,77
727,85	1658,85
728,04	1667,05
728,23	1662,95
728,42	1738,73
728,61	1744,87
728,80	1681,38
729,00	1689,57
729,19	1665,00
729,38	1716,20
729,57	1699,81
729,76	1615,85
729,95	1818,60
730,14	1685,48
730,33	1687,53
730,53	1681,38
730,72	1662,95
730,91	1724,39
731,10	1769,44
731,29	1757,16
731,48	1689,57
731,67	1652,71
731,86	1687,53
732,06	1662,95
732,25	1675,24
732,44	1730,53
732,63	1744,87
732,82	1728,49
733,01	1789,92
733,20	1714,15
733,39	1755,11
733,59	1722,34
733,78	1691,62
733,97	1816,55
734,16	1777,64
734,35	1777,64
734,54	1720,29
734,73	1751,01
734,92	1798,12
735,11	1687,53
735,30	1724,39
735,49	1716,20
735,69	1785,83
735,88	1783,78
736,07	1767,40
736,26	1730,53
736,45	1773,54
736,64	1785,83
736,83	1767,40
737,02	1822,69
737,21	1738,73
737,40	1738,73
737,59	1861,60
737,78	1714,15
737,98	1785,83
738,17	1705,96
738,36	1884,13
738,55	1728,49
738,74	1884,13
738,93	1753,06
739,12	1695,72
739,31	1755,11
739,50	1730,53
739,69	1765,35
739,88	1779,68
740,07	1814,50
740,26	1841,12
740,45	1896,42
740,64	1779,68
740,83	1791,97
741,02	1761,25
741,22	1740,77
741,41	1857,51
741,60	1763,30
741,79	1837,03
741,98	1791,97
742,17	1834,98
742,36	1832,93
742,55	1806,31
742,74	1832,93
742,93	1865,70
743,12	1869,80
743,31	1751,01
743,50	1830,88
743,69	1810,40
743,88	1775,59
744,07	1810,40
744,26	1877,99
744,45	1765,35
744,64	1931,23
744,83	1794,02
745,02	1767,40
745,21	1775,59
745,40	1804,26
745,59	1882,08
745,78	1798,12
745,97	1931,23
746,16	1900,52
746,35	1939,43
746,54	1830,88
746,73	1834,98
746,92	1920,99
747,11	1830,88
747,30	1794,02
747,49	1927,14
747,68	1834,98
747,87	1886,18
748,06	1908,71
748,25	1861,60
748,44	1812,45
748,63	1884,13
748,82	1789,92
749,01	1863,65
749,20	1843,17
749,39	1871,84
749,58	1884,13
749,77	1841,12
749,96	1847,27
750,15	1861,60
750,34	1837,03
750,53	1871,84
750,72	1912,80
750,91	1855,46
751,10	1910,75
751,29	1861,60
751,48	1810,40
751,67	1875,94
751,86	1841,12
752,04	1861,60
752,23	1923,04
752,42	1877,99
752,61	1877,99
752,80	1925,09
752,99	1957,86
753,18	1877,99
753,37	1839,08
753,56	1843,17
753,75	1918,95
753,94	1802,21
754,13	1961,95
754,32	1910,75
754,51	1826,79
754,70	1966,05
754,89	1898,47
755,08	1847,27
755,27	1771,49
755,45	1947,62
755,64	1857,51
755,83	1888,23
756,02	1920,99
756,21	1890,28
756,40	1920,99
756,59	1877,99
756,78	1920,99
756,97	1834,98
757,16	1937,38
757,35	1961,95
757,54	1882,08
757,72	1920,99
757,91	1755,11
758,10	1843,17
758,29	1804,26
758,48	1896,42
758,67	1808,36
758,86	1839,08
759,05	1886,18
759,24	1828,84
759,43	1888,23
759,61	1785,83
759,80	1873,89
759,99	1916,90
760,18	1779,68
760,37	1800,16
760,56	1777,64
760,75	1851,36
760,94	1763,30
761,13	1869,80
761,31	1937,38
761,50	1847,27
761,69	1732,58
761,88	1724,39
762,07	1783,78
762,26	1837,03
762,45	1746,92
762,64	1785,83
762,82	1755,11
763,01	1820,64
763,20	1843,17
763,39	1804,26
763,58	1822,69
763,77	1751,01
763,96	1814,50
764,14	1849,32
764,33	1796,07
764,52	1814,50
764,71	1908,71
764,90	1851,36
765,09	1832,93
765,27	1873,89
765,46	1855,46
765,65	1863,65
765,84	1945,57
766,03	1892,32
766,22	1877,99
766,41	1837,03
766,59	1816,55
766,78	1929,19
766,97	1941,47
767,16	1867,75
767,35	1839,08
767,54	1945,57
767,72	2025,44
767,91	1923,04
768,10	1877,99
768,29	1859,56
768,48	1937,38
768,66	1912,80
768,85	1976,29
769,04	1886,18
769,23	1935,33
769,42	1951,71
769,61	1959,91
769,79	1923,04
769,98	1974,24
770,17	1964,00
770,36	2015,20
770,55	1884,13
770,73	2000,87
770,92	1953,76
771,11	1982,43
771,30	1892,32
771,49	1953,76
771,67	2058,21
771,86	2056,16
772,05	1974,24
772,24	1976,29
772,42	1904,61
772,61	1947,62
772,80	1884,13
772,99	1978,34
773,18	2052,06
773,36	1914,85
773,55	1941,47
773,74	1978,34
773,93	2045,92
774,11	1896,42
774,30	2039,78
774,49	1976,29
774,68	1978,34
774,87	1968,10
775,05	2017,25
775,24	1886,18
775,43	2002,91
775,62	2021,35
775,80	2013,15
775,99	1972,19
776,18	2011,11
776,37	1953,76
776,55	2037,73
776,74	1945,57
776,93	1959,91
777,12	2041,82
777,30	1974,24
777,49	1945,57
777,68	1982,43
777,87	1974,24
778,05	1916,90
778,24	1976,29
778,43	1871,84
778,62	1933,28
778,80	2009,06
778,99	2074,59
779,18	1992,67
779,36	1964,00
779,55	1927,14
779,74	2050,02
779,93	2021,35
780,11	1970,15
780,30	1933,28
780,49	1968,10
780,68	1929,19
780,86	2013,15
781,05	1902,56
781,24	2019,30
781,42	2013,15
781,61	1998,82
781,80	1855,46
781,98	2002,91
782,17	2000,87
782,36	1980,39
782,55	1943,52
782,73	2027,49
782,92	2025,44
783,11	1947,62
783,29	1886,18
783,48	1994,72
783,67	1968,10
783,85	1923,04
784,04	2052,06
784,23	1998,82
784,42	1998,82
784,60	1980,39
784,79	2064,35
784,98	1900,52
785,16	1996,77
785,35	1888,23
785,54	1988,58
785,72	1980,39
785,91	1935,33
786,10	1951,71
786,28	2084,83
786,47	1937,38
786,66	1896,42
786,84	2004,96
787,03	1964,00
787,22	1945,57
787,40	1980,39
787,59	1957,86
787,78	1996,77
787,96	1931,23
788,15	1939,43
788,34	1910,75
788,52	2009,06
788,71	1925,09
788,89	1914,85
789,08	1933,28
789,27	1972,19
789,45	2000,87
789,64	1931,23
789,83	1980,39
790,01	1953,76
790,20	1992,67
790,39	1871,84
790,57	1888,23
790,76	1843,17
790,95	1857,51
791,13	1923,04
791,32	1951,71
791,50	2023,39
791,69	1890,28
791,88	1933,28
792,06	2041,82
792,25	1945,57
792,43	1947,62
792,62	1980,39
792,81	1904,61
792,99	1925,09
793,18	1947,62
793,37	1976,29
793,55	1920,99
793,74	1980,39
793,92	1972,19
794,11	1896,42
794,30	1896,42
794,48	1888,23
794,67	1855,46
794,85	1875,94
795,04	1845,22
795,23	1877,99
795,41	2002,91
795,60	1910,75
795,78	1951,71
795,97	1966,05
796,15	1986,53
796,34	2000,87
796,53	1867,75
796,71	1947,62
796,90	1877,99
797,08	1923,04
797,27	1931,23
797,46	1912,80
797,64	1886,18
797,83	1865,70
798,01	1961,95
798,20	1957,86
798,38	1984,48
798,57	1888,23
798,76	1880,04
798,94	1898,47
799,13	1898,47
799,31	2033,63
799,50	1898,47
799,68	1869,80
799,87	1841,12
800,05	1990,63
800,24	1857,51
800,43	1810,40
800,61	1984,48
800,80	1935,33
800,98	1933,28
801,17	1847,27
801,35	1757,16
801,54	1953,76
801,72	2013,15
801,91	1904,61
802,09	2007,01
802,28	1834,98
802,46	1886,18
802,65	1949,67
802,84	1984,48
803,02	1839,08
803,21	1906,66
803,39	1904,61
803,58	1970,15
803,76	1929,19
803,95	1890,28
804,13	1820,64
804,32	1853,41
804,50	1920,99
804,69	1894,37
804,87	1910,75
805,06	1945,57
805,24	2002,91
805,43	1949,67
805,61	1916,90
805,80	1867,75
805,98	1892,32
806,17	1998,82
806,35	1894,37
806,54	1923,04
806,72	1871,84
806,91	1853,41
807,09	1894,37
807,28	1982,43
807,46	1902,56
807,65	1955,81
807,83	1902,56
808,02	1865,70
808,20	1904,61
808,39	1890,28
808,57	1916,90
808,76	1955,81
808,94	1939,43
809,13	1935,33
809,31	1847,27
809,49	2027,49
809,68	1791,97
809,86	2027,49
810,05	1902,56
810,23	1890,28
810,42	1910,75
810,60	1918,95
810,79	1794,02
810,97	1880,04
811,16	1783,78
811,34	1798,12
811,53	1812,45
811,71	1810,40
811,89	1818,60
812,08	1896,42
812,26	1804,26
812,45	1914,85
812,63	1777,64
812,82	1818,60
813,00	1791,97
813,19	1785,83
813,37	1892,32
813,55	1779,68
813,74	1826,79
813,92	1953,76
814,11	1867,75
814,29	1656,81
814,48	1906,66
814,66	1828,84
814,84	1871,84
815,03	1785,83
815,21	1812,45
815,40	1800,16
815,58	1726,44
815,77	1845,22
815,95	1867,75
816,13	1828,84
816,32	1830,88
816,50	1785,83
816,69	1843,17
816,87	1828,84
817,05	1822,69
817,24	1886,18
817,42	1787,88
817,61	1775,59
817,79	1875,94
817,97	1755,11
818,16	1777,64
818,34	1949,67
818,53	1824,74
818,71	1804,26
818,89	1732,58
819,08	1785,83
819,26	1753,06
819,45	1751,01
819,63	1777,64
819,81	1757,16
820,00	1798,12
820,18	1742,82
820,36	1769,44
820,55	1794,02
820,73	1775,59
820,92	1814,50
821,10	1808,36
821,28	1736,68
821,47	1882,08
821,65	1753,06
821,83	1914,85
822,02	1697,77
822,20	1759,21
822,39	1724,39
822,57	1771,49
822,75	1853,41
822,94	1820,64
823,12	1763,30
823,30	1693,67
823,49	1875,94
823,67	1703,91
823,85	1847,27
824,04	1783,78
824,22	1800,16
824,40	1890,28
824,59	1804,26
824,77	1832,93
824,95	1775,59
825,14	1738,73
825,32	1822,69
825,50	1724,39
825,69	1826,79
825,87	1888,23
826,05	1751,01
826,24	1812,45
826,42	1810,40
826,60	1820,64
826,79	1808,36
826,97	1742,82
827,15	1757,16
827,34	1724,39
827,52	1734,63
827,70	1773,54
827,89	1693,67
828,07	1880,04
828,25	1787,88
828,44	1834,98
828,62	1787,88
828,80	1812,45
828,98	1820,64
829,17	1724,39
829,35	1804,26
829,53	1820,64
829,72	1818,60
829,90	1798,12
830,08	1740,77
830,27	1908,71
830,45	1884,13
830,63	1849,32
830,81	1791,97
831,00	1724,39
831,18	1763,30
831,36	1853,41
831,55	1759,21
831,73	1675,24
831,91	1755,11
832,09	1867,75
832,28	1859,56
832,46	1761,25
832,64	1665,00
832,82	1791,97
833,01	1759,21
833,19	1787,88
833,37	1726,44
833,55	1744,87
833,74	1771,49
833,92	1765,35
834,10	1697,77
834,29	1753,06
834,47	1779,68
834,65	1822,69
834,83	1722,34
835,02	1751,01
835,20	1720,29
835,38	1767,40
835,56	1769,44
835,75	1796,07
835,93	1869,80
836,11	1738,73
836,29	1726,44
836,47	1757,16
836,66	1798,12
836,84	1800,16
837,02	1794,02
837,20	1783,78
837,39	1808,36
837,57	1804,26
837,75	1757,16
837,93	1787,88
838,12	1724,39
838,30	1701,86
838,48	1755,11
838,66	1812,45
838,84	1738,73
839,03	1796,07
839,21	1740,77
839,39	1767,40
839,57	1796,07
839,75	1798,12
839,94	1789,92
840,12	1714,15
840,30	1759,21
840,48	1900,52
840,66	1798,12
840,85	1695,72
841,03	1753,06
841,21	1804,26
841,39	1834,98
841,57	1751,01
841,76	1779,68
841,94	1802,21
842,12	1787,88
842,30	1779,68
842,48	1841,12
842,67	1718,25
842,85	1738,73
843,03	1738,73
843,21	1798,12
843,39	1753,06
843,57	1708,01
843,76	1757,16
843,94	1738,73
844,12	1785,83
844,30	1677,29
844,48	1710,05
844,66	1777,64
844,85	1695,72
845,03	1736,68
845,21	1736,68
845,39	1712,10
845,57	1763,30
845,75	1759,21
845,94	1794,02
846,12	1693,67
846,30	1781,73
846,48	1712,10
846,66	1732,58
846,84	1734,63
847,02	1734,63
847,21	1718,25
847,39	1624,04
847,57	1751,01
847,75	1679,33
847,93	1695,72
848,11	1708,01
848,29	1769,44
848,48	1736,68
848,66	1740,77
848,84	1851,36
849,02	1765,35
849,20	1648,61
849,38	1783,78
849,56	1759,21
849,74	1839,08
849,93	1810,40
850,11	1746,92
850,29	1699,81
850,47	1722,34
850,65	1703,91
850,83	1560,55
851,01	1693,67
851,19	1730,53
851,37	1681,38
851,56	1832,93
851,74	1738,73
851,92	1714,15
852,10	1767,40
852,28	1669,09
852,46	1654,76
852,64	1660,90
852,82	1781,73
853,00	1722,34
853,18	1681,38
853,37	1662,95
853,55	1648,61
853,73	1763,30
853,91	1720,29
854,09	1718,25
854,27	1757,16
854,45	1685,48
854,63	1689,57
854,81	1632,23
854,99	1732,58
855,17	1701,86
855,35	1662,95
855,53	1699,81
855,72	1589,22
855,90	1697,77
856,08	1761,25
856,26	1595,37
856,44	1816,55
856,62	1636,33
856,80	1640,42
856,98	1718,25
857,16	1695,72
857,34	1705,96
857,52	1763,30
857,70	1781,73
857,88	1697,77
858,06	1744,87
858,24	1660,90
858,42	1757,16
858,60	1671,14
858,78	1646,57
858,96	1722,34
859,15	1662,95
859,33	1656,81
859,51	1765,35
859,69	1687,53
859,87	1703,91
860,05	1687,53
860,23	1722,34
860,41	1689,57
860,59	1671,14
860,77	1736,68
860,95	1648,61
861,13	1687,53
861,31	1644,52
861,49	1611,75
861,67	1724,39
861,85	1732,58
862,03	1777,64
862,21	1640,42
862,39	1677,29
862,57	1730,53
862,75	1644,52
862,93	1695,72
863,11	1787,88
863,29	1609,70
863,47	1716,20
863,65	1791,97
863,83	1648,61
864,01	1683,43
864,19	1705,96
864,37	1714,15
864,55	1773,54
864,73	1599,46
864,91	1691,62
865,09	1667,05
865,27	1648,61
865,45	1648,61
865,63	1656,81
865,81	1632,23
865,99	1607,66
866,17	1699,81
866,35	1656,81
866,53	1681,38
866,71	1617,90
866,89	1667,05
867,07	1689,57
867,24	1640,42
867,42	1673,19
867,60	1699,81
867,78	1619,94
867,96	1675,24
868,14	1687,53
868,32	1691,62
868,50	1669,09
868,68	1607,66
868,86	1722,34
869,04	1722,34
869,22	1601,51
869,40	1605,61
869,58	1634,28
869,76	1613,80
869,94	1578,98
870,12	1599,46
870,30	1638,38
870,48	1640,42
870,66	1607,66
870,83	1617,90
871,01	1570,79
871,19	1554,41
871,37	1642,47
871,55	1550,31
871,73	1595,37
871,91	1689,57
872,09	1650,66
872,27	1607,66
872,45	1691,62
872,63	1619,94
872,81	1601,51
872,98	1636,33
873,16	1746,92
873,34	1679,33
873,52	1607,66
873,70	1646,57
873,88	1669,09
874,06	1544,17
874,24	1667,05
874,42	1611,75
874,60	1599,46
874,78	1529,83
874,95	1701,86
875,13	1626,09
875,31	1656,81
875,49	1624,04
875,67	1634,28
875,85	1660,90
876,03	1548,26
876,21	1705,96
876,39	1667,05
876,56	1630,18
876,74	1517,54
876,92	1751,01
877,10	1638,38
877,28	1687,53
877,46	1640,42
877,64	1689,57
877,82	1681,38
877,99	1624,04
878,17	1548,26
878,35	1585,13
878,53	1683,43
878,71	1640,42
878,89	1636,33
879,07	1597,42
879,24	1611,75
879,42	1744,87
879,60	1640,42
879,78	1716,20
879,96	1605,61
880,14	1691,62
880,32	1656,81
880,49	1609,70
880,67	1648,61
880,85	1621,99
881,03	1542,12
881,21	1654,76
881,39	1642,47
881,56	1626,09
881,74	1638,38
881,92	1648,61
882,10	1628,14
882,28	1675,24
882,46	1572,84
882,63	1615,85
882,81	1589,22
882,99	1595,37
883,17	1642,47
883,35	1710,05
883,52	1681,38
883,70	1585,13
883,88	1572,84
884,06	1632,23
884,24	1646,57
884,42	1693,67
884,59	1597,42
884,77	1619,94
884,95	1619,94
885,13	1648,61
885,31	1611,75
885,48	1626,09
885,66	1665,00
885,84	1693,67
886,02	1574,89
886,20	1714,15
886,37	1632,23
886,55	1656,81
886,73	1677,29
886,91	1605,61
887,08	1621,99
887,26	1617,90
887,44	1595,37
887,62	1527,78
887,80	1615,85
887,97	1646,57
888,15	1611,75
888,33	1593,32
888,51	1558,50
888,68	1591,27
888,86	1624,04
889,04	1578,98
889,22	1544,17
889,40	1548,26
889,57	1589,22
889,75	1679,33
889,93	1628,14
890,11	1628,14
890,28	1693,67
890,46	1605,61
890,64	1634,28
890,82	1683,43
890,99	1529,83
891,17	1572,84
891,35	1585,13
891,53	1624,04
891,70	1583,08
891,88	1560,55
892,06	1572,84
892,24	1599,46
892,41	1621,99
892,59	1578,98
892,77	1624,04
892,94	1578,98
893,12	1560,55
893,30	1601,51
893,48	1566,70
893,65	1615,85
893,83	1638,38
894,01	1619,94
894,19	1572,84
894,36	1679,33
894,54	1511,40
894,72	1574,89
894,89	1472,49
895,07	1466,35
895,25	1615,85
895,43	1527,78
895,60	1523,69
895,78	1607,66
895,96	1568,74
896,13	1589,22
896,31	1576,94
896,49	1570,79
896,66	1560,55
896,84	1560,55
897,02	1589,22
897,20	1480,68
897,37	1576,94
897,55	1462,25
897,73	1621,99
897,90	1632,23
898,08	1568,74
898,26	1644,52
898,43	1576,94
898,61	1583,08
898,79	1503,21
898,96	1576,94
899,14	1546,22
899,32	1570,79
899,49	1527,78
899,67	1566,70
899,85	1583,08
900,02	1654,76
900,20	1556,46
900,38	1576,94
900,55	1646,57
900,73	1636,33
900,91	1492,97
901,08	1529,83
901,26	1587,18
901,44	1544,17
901,61	1499,11
901,79	1621,99
901,97	1540,07
902,14	1511,40
902,32	1542,12
902,50	1546,22
902,67	1488,87
902,85	1572,84
903,02	1538,02
903,20	1503,21
903,38	1542,12
903,55	1542,12
903,73	1554,41
903,91	1603,56
904,08	1546,22
904,26	1540,07
904,44	1710,05
904,61	1501,16
904,79	1554,41
904,96	1572,84
905,14	1585,13
905,32	1529,83
905,49	1538,02
905,67	1540,07
905,84	1439,72
906,02	1607,66
906,20	1527,78
906,37	1654,76
906,55	1599,46
906,73	1597,42
906,90	1556,46
907,08	1460,20
907,25	1517,54
907,43	1581,03
907,61	1546,22
907,78	1599,46
907,96	1509,35
908,13	1581,03
908,31	1572,84
908,48	1515,50
908,66	1519,59
908,84	1572,84
909,01	1624,04
909,19	1566,70
909,36	1550,31
909,54	1495,02
909,72	1550,31
909,89	1452,01
910,07	1492,97
910,24	1624,04
910,42	1570,79
910,59	1439,72
910,77	1527,78
910,95	1492,97
911,12	1488,87
911,30	1576,94
911,47	1609,70
911,65	1578,98
911,82	1478,63
912,00	1550,31
912,17	1521,64
912,35	1486,83
912,53	1519,59
912,70	1611,75
912,88	1505,26
913,05	1546,22
913,23	1531,88
913,40	1546,22
913,58	1505,26
913,75	1497,07
913,93	1458,15
914,10	1531,88
914,28	1458,15
914,46	1570,79
914,63	1423,34
914,81	1566,70
914,98	1449,96
915,16	1556,46
915,33	1544,17
915,51	1636,33
915,68	1619,94
915,86	1566,70
916,03	1466,35
916,21	1497,07
916,38	1458,15
916,56	1529,83
916,73	1540,07
916,91	1523,69
917,08	1462,25
917,26	1613,80
917,43	1591,27
917,61	1550,31
917,78	1509,35
917,96	1380,33
918,13	1533,93
918,31	1492,97
918,48	1490,92
918,66	1492,97
918,83	1601,51
919,01	1511,40
919,18	1523,69
919,36	1511,40
919,53	1591,27
919,71	1626,09
919,88	1566,70
920,06	1513,45
920,23	1556,46
920,41	1531,88
920,58	1421,29
920,76	1462,25
920,93	1587,18
921,11	1552,36
921,28	1437,67
921,45	1515,50
921,63	1566,70
921,80	1597,42
921,98	1507,30
922,15	1490,92
922,33	1427,43
922,50	1552,36
922,68	1578,98
922,85	1621,99
923,03	1538,02
923,20	1585,13
923,38	1544,17
923,55	1607,66
923,72	1499,11
923,90	1578,98
924,07	1480,68
924,25	1521,64
924,42	1624,04
924,60	1505,26
924,77	1470,44
924,95	1507,30
925,12	1511,40
925,29	1613,80
925,47	1544,17
925,64	1488,87
925,82	1482,73
925,99	1507,30
926,17	1544,17
926,34	1482,73
926,51	1540,07
926,69	1589,22
926,86	1617,90
927,04	1445,87
927,21	1523,69
927,38	1484,78
927,56	1449,96
927,73	1570,79
927,91	1503,21
928,08	1650,66
928,25	1480,68
928,43	1476,59
928,60	1460,20
928,78	1505,26
928,95	1550,31
929,12	1468,39
929,30	1525,74
929,47	1478,63
929,65	1425,39
929,82	1394,67
929,99	1507,30
930,17	1417,19
930,34	1505,26
930,52	1490,92
930,69	1458,15
930,86	1531,88
931,04	1499,11
931,21	1456,11
931,38	1445,87
931,56	1519,59
931,73	1560,55
931,91	1470,44
932,08	1447,91
932,25	1548,26
932,43	1484,78
932,60	1519,59
932,77	1419,24
932,95	1441,77
933,12	1441,77
933,29	1466,35
933,47	1630,18
933,64	1429,48
933,82	1492,97
933,99	1441,77
934,16	1474,54
934,34	1482,73
934,51	1454,06
934,68	1458,15
934,86	1511,40
935,03	1396,71
935,20	1449,96
935,38	1458,15
935,55	1478,63
935,72	1447,91
935,90	1499,11
936,07	1445,87
936,24	1482,73
936,42	1517,54
936,59	1443,82
936,76	1417,19
936,94	1396,71
937,11	1466,35
937,28	1427,43
937,46	1445,87
937,63	1449,96
937,80	1435,63
937,97	1486,83
938,15	1482,73
938,32	1441,77
938,49	1495,02
938,67	1488,87
938,84	1556,46
939,01	1384,43
939,19	1476,59
939,36	1589,22
939,53	1476,59
939,70	1474,54
939,88	1460,20
940,05	1533,93
940,22	1380,33
940,40	1464,30
940,57	1611,75
940,74	1441,77
940,92	1495,02
941,09	1468,39
941,26	1409,00
941,43	1370,09
941,61	1437,67
941,78	1441,77
941,95	1562,60
942,12	1443,82
942,30	1456,11
942,47	1488,87
942,64	1470,44
942,82	1548,26
942,99	1538,02
943,16	1353,71
943,33	1513,45
943,51	1415,15
943,68	1472,49
943,85	1470,44
944,02	1488,87
944,20	1499,11
944,37	1386,47
944,54	1499,11
944,71	1441,77
944,89	1466,35
945,06	1411,05
945,23	1490,92
945,40	1572,84
945,58	1417,19
945,75	1429,48
945,92	1550,31
946,09	1511,40
946,27	1501,16
946,44	1433,58
946,61	1527,78
946,78	1423,34
946,95	1474,54
947,13	1417,19
947,30	1437,67
947,47	1417,19
947,64	1378,28
947,82	1449,96
947,99	1392,62
948,16	1431,53
948,33	1503,21
948,50	1443,82
948,68	1445,87
948,85	1427,43
949,02	1570,79
949,19	1406,95
949,36	1458,15
949,54	1468,39
949,71	1531,88
949,88	1466,35
950,05	1505,26
950,22	1462,25
950,40	1452,01
950,57	1359,85
950,74	1591,27
950,91	1538,02
951,08	1443,82
951,26	1482,73
951,43	1454,06
951,60	1421,29
951,77	1521,64
951,94	1538,02
952,11	1525,74
952,29	1527,78
952,46	1480,68
952,63	1492,97
952,80	1402,86
952,97	1484,78
953,15	1427,43
953,32	1495,02
953,49	1443,82
953,66	1480,68
953,83	1388,52
954,00	1470,44
954,17	1501,16
954,35	1546,22
954,52	1411,05
954,69	1546,22
954,86	1544,17
955,03	1431,53
955,20	1425,39
955,38	1466,35
955,55	1388,52
955,72	1570,79
955,89	1396,71
956,06	1441,77
956,23	1480,68
956,40	1472,49
956,58	1413,10
956,75	1406,95
956,92	1468,39
957,09	1409,00
957,26	1431,53
957,43	1456,11
957,60	1437,67
957,77	1411,05
957,95	1499,11
958,12	1439,72
958,29	1482,73
958,46	1542,12
958,63	1423,34
958,80	1499,11
958,97	1486,83
959,14	1466,35
959,31	1347,56
959,49	1466,35
959,66	1482,73
959,83	1439,72
960,00	1425,39
960,17	1533,93
960,34	1492,97
960,51	1447,91
960,68	1527,78
960,85	1488,87
961,02	1523,69
961,20	1462,25
961,37	1425,39
961,54	1466,35
961,71	1525,74
961,88	1468,39
962,05	1417,19
962,22	1495,02
962,39	1474,54
962,56	1439,72
962,73	1478,63
962,90	1423,34
963,07	1488,87
963,24	1505,26
963,42	1388,52
963,59	1505,26
963,76	1454,06
963,93	1591,27
964,10	1449,96
964,27	1468,39
964,44	1460,20
964,61	1576,94
964,78	1435,63
964,95	1476,59
965,12	1458,15
965,29	1472,49
965,46	1480,68
965,63	1562,60
965,80	1417,19
965,97	1460,20
966,14	1484,78
966,31	1454,06
966,48	1558,50
966,66	1501,16
966,83	1449,96
967,00	1437,67
967,17	1517,54
967,34	1423,34
967,51	1529,83
967,68	1515,50
967,85	1456,11
968,02	1585,13
968,19	1447,91
968,36	1525,74
968,53	1460,20
968,70	1466,35
968,87	1406,95
969,04	1464,30
969,21	1468,39
969,38	1566,70
969,55	1497,07
969,72	1478,63
969,89	1538,02
970,06	1445,87
970,23	1423,34
970,40	1517,54
970,57	1390,57
970,74	1386,47
970,91	1449,96
971,08	1427,43
971,25	1417,19
971,42	1552,36
971,59	1505,26
971,76	1359,85
971,93	1417,19
972,10	1529,83
972,27	1460,20
972,44	1458,15
972,61	1482,73
972,78	1490,92
972,95	1482,73
973,12	1558,50
973,29	1499,11
973,46	1523,69
973,63	1490,92
973,80	1560,55
973,97	1474,54
974,14	1501,16
974,30	1509,35
974,47	1552,36
974,64	1517,54
974,81	1486,83
974,98	1554,41
975,15	1456,11
975,32	1531,88
975,49	1415,15
975,66	1398,76
975,83	1507,30
976,00	1511,40
976,17	1458,15
976,34	1415,15
976,51	1511,40
976,68	1478,63
976,85	1409,00
977,02	1447,91
977,19	1460,20
977,36	1398,76
977,52	1503,21
977,69	1447,91
977,86	1583,08
978,03	1421,29
978,20	1515,50
978,37	1458,15
978,54	1458,15
978,71	1497,07
978,88	1513,45
979,05	1521,64
979,22	1515,50
979,39	1515,50
979,56	1515,50
979,72	1427,43
979,89	1511,40
980,06	1492,97
980,23	1533,93
980,40	1443,82
980,57	1466,35
980,74	1470,44
980,91	1505,26
981,08	1515,50
981,25	1552,36
981,41	1497,07
981,58	1462,25
981,75	1441,77
981,92	1480,68
982,09	1427,43
982,26	1437,67
982,43	1353,71
982,60	1546,22
982,77	1466,35
982,93	1490,92
983,10	1464,30
983,27	1445,87
983,44	1386,47
983,61	1562,60
983,78	1425,39
983,95	1425,39
984,11	1394,67
984,28	1439,72
984,45	1431,53
984,62	1472,49
984,79	1437,67
984,96	1402,86
985,13	1460,20
985,30	1466,35
985,46	1417,19
985,63	1529,83
985,80	1478,63
985,97	1370,09
986,14	1409,00
986,31	1513,45
986,47	1503,21
986,64	1466,35
986,81	1472,49
986,98	1464,30
987,15	1409,00
987,32	1468,39
987,48	1529,83
987,65	1452,01
987,82	1429,48
987,99	1564,65
988,16	1816,55
988,33	1540,07
988,49	1466,35
988,66	1449,96
988,83	1466,35
989,00	1439,72
989,17	1398,76
989,34	1497,07
989,50	1437,67
989,67	1421,29
989,84	1361,90
990,01	1366,00
990,18	1523,69
990,34	1525,74
990,51	1572,84
990,68	1462,25
990,85	1546,22
991,02	1454,06
991,18	1411,05
991,35	1445,87
991,52	1540,07
991,69	1478,63
991,86	1452,01
992,02	1441,77
992,19	1386,47
992,36	1466,35
992,53	1492,97
992,69	1433,58
992,86	1495,02
993,03	1527,78
993,20	1380,33
993,37	1490,92
993,53	1492,97
993,70	1470,44
993,87	1472,49
994,04	1474,54
994,20	1402,86
994,37	1462,25
994,54	1443,82
994,71	1480,68
994,87	1552,36
995,04	1452,01
995,21	1441,77
995,38	1439,72
995,55	1398,76
995,71	1449,96
995,88	1470,44
996,05	1521,64
996,22	1488,87
996,38	1523,69
996,55	1470,44
996,72	1392,62
996,88	1605,61
997,05	2258,91
997,22	1419,24
997,39	1392,62
997,55	1443,82
997,72	1468,39
997,89	1429,48
998,06	1499,11
998,22	1497,07
998,39	1460,20
998,56	1406,95
998,73	1417,19
998,89	1519,59
999,06	1466,35
999,23	1538,02
999,39	1472,49
999,56	1478,63
999,73	1402,86
999,90	1474,54
1000,06	1515,50
1000,23	1439,72
1000,40	1497,07
1000,56	1466,35
1000,73	1517,54
1000,90	1546,22
1001,06	1499,11
1001,23	1406,95
1001,40	1478,63
1001,57	1437,67
1001,73	1425,39
1001,90	1390,57
1002,07	1370,09
1002,23	1443,82
1002,40	1413,10
1002,57	1425,39
1002,73	1464,30
1002,90	1396,71
1003,07	1460,20
1003,23	1376,24
1003,40	1458,15
1003,57	1368,04
1003,73	1452,01
1003,90	1505,26
1004,07	1388,52
1004,23	1466,35
1004,40	1474,54
1004,57	1484,78
1004,73	1400,81
1004,90	1447,91
1005,07	1468,39
1005,23	1533,93
1005,40	1370,09
1005,57	1398,76
1005,73	1538,02
1005,90	1366,00
1006,07	1572,84
1006,23	1370,09
1006,40	1409,00
1006,57	1427,43
1006,73	1419,24
1006,90	1470,44
1007,06	1335,28
1007,23	1435,63
1007,40	1409,00
1007,56	1476,59
1007,73	1476,59
1007,90	1411,05
1008,06	1415,15
1008,23	1413,10
1008,40	1484,78
1008,56	1409,00
1008,73	1437,67
1008,89	1421,29
1009,06	1581,03
1009,23	1380,33
1009,39	1429,48
1009,56	1445,87
1009,72	1490,92
1009,89	1484,78
1010,06	1503,21
1010,22	1406,95
1010,39	1345,52
1010,55	1476,59
1010,72	1421,29
1010,89	1392,62
1011,05	1468,39
1011,22	1406,95
1011,38	1445,87
1011,55	1427,43
1011,72	1419,24
1011,88	1429,48
1012,05	1490,92
1012,21	1431,53
1012,38	1435,63
1012,55	1495,02
1012,71	1402,86
1012,88	1423,34
1013,04	1452,01
1013,21	1392,62
1013,37	1501,16
1013,54	1402,86
1013,71	1464,30
1013,87	1480,68
1014,04	1492,97
1014,20	1445,87
1014,37	1382,38
1014,53	1497,07
1014,70	1398,76
1014,87	1396,71
1015,03	1452,01
1015,20	1431,53
1015,36	1447,91
1015,53	1382,38
1015,69	1402,86
1015,86	1499,11
1016,02	1527,78
1016,19	1499,11
1016,36	1400,81
1016,52	1394,67
1016,69	1460,20
1016,85	1464,30
1017,02	1443,82
1017,18	1386,47
1017,35	1519,59
1017,51	1429,48
1017,68	1482,73
1017,84	1443,82
1018,01	1376,24
1018,17	1566,70
1018,34	1554,41
1018,50	1390,57
1018,67	1433,58
1018,84	1570,79
1019,00	1398,76
1019,17	1449,96
1019,33	1470,44
1019,50	1482,73
1019,66	1562,60
1019,83	1445,87
1019,99	1525,74
1020,16	1372,14
1020,32	1374,19
1020,49	1503,21
1020,65	1478,63
1020,82	1474,54
1020,98	1470,44
1021,15	1458,15
1021,31	1531,88
1021,48	1431,53
1021,64	1480,68
1021,81	1519,59
1021,97	1370,09
1022,14	1460,20
1022,30	1425,39
1022,47	1423,34
1022,63	1470,44
1022,79	1458,15
1022,96	1456,11
1023,12	1390,57
1023,29	1480,68
1023,45	1523,69
1023,62	1482,73
1023,78	1452,01
1023,95	1415,15
1024,11	1402,86
1024,28	1394,67
1024,44	1394,67
1024,61	1425,39
1024,77	1466,35
1024,94	1490,92
1025,10	1423,34
1025,26	1415,15
1025,43	1484,78
1025,59	1400,81
1025,76	1454,06
1025,92	1460,20
1026,09	1341,42
1026,25	1558,50
1026,42	1441,77
1026,58	1437,67
1026,74	1540,07
1026,91	1521,64
1027,07	1404,91
1027,24	1511,40
1027,40	1449,96
1027,57	1400,81
1027,73	1409,00
1027,90	1535,98
1028,06	1460,20
1028,22	1425,39
1028,39	1400,81
1028,55	1468,39
1028,72	1458,15
1028,88	1548,26
1029,04	1413,10
1029,21	1540,07
1029,37	1374,19
1029,54	1425,39
1029,70	1421,29
1029,87	1368,04
1030,03	1370,09
1030,19	1533,93
1030,36	1474,54
1030,52	1462,25
1030,69	1445,87
1030,85	1429,48
1031,01	1409,00
1031,18	1452,01
1031,34	1540,07
1031,50	1458,15
1031,67	1415,15
1031,83	1499,11
1032,00	1456,11
1032,16	1449,96
1032,32	1419,24
1032,49	1538,02
1032,65	1484,78
1032,82	1443,82
1032,98	1423,34
1033,14	1417,19
1033,31	1486,83
1033,47	1503,21
1033,63	1404,91
1033,80	1468,39
1033,96	1458,15
1034,13	1521,64
1034,29	1449,96
1034,45	1460,20
1034,62	1380,33
1034,78	1482,73
1034,94	1384,43
1035,11	1464,30
1035,27	1388,52
1035,43	1503,21
1035,60	1468,39
1035,76	1466,35
1035,92	1423,34
1036,09	1400,81
1036,25	1441,77
1036,41	1421,29
1036,58	1415,15
1036,74	1464,30
1036,90	1374,19
1037,07	1413,10
1037,23	1454,06
1037,39	1593,32
1037,56	1413,10
1037,72	1470,44
1037,88	1425,39
1038,05	1427,43
1038,21	1484,78
1038,37	1507,30
1038,54	1441,77
1038,70	1511,40
1038,86	1382,38
1039,03	1470,44
1039,19	1515,50
1039,35	1396,71
1039,52	1439,72
1039,68	1435,63
1039,84	1345,52
1040,00	1456,11
1040,17	1445,87
1040,33	1449,96
1040,49	1417,19
1040,66	1431,53
1040,82	1417,19
1040,98	1482,73
1041,15	1445,87
1041,31	1474,54
1041,47	1441,77
1041,63	1421,29
1041,80	1449,96
1041,96	1458,15
1042,12	1382,38
1042,29	1398,76
1042,45	1529,83
1042,61	1425,39
1042,77	1458,15
1042,94	1509,35
1043,10	1576,94
1043,26	1470,44
1043,42	1425,39
1043,59	1462,25
1043,75	1402,86
1043,91	1441,77
1044,07	1372,14
1044,24	1454,06
1044,40	1505,26
