345,22	1441,77
345,44	1441,77
345,66	1441,77
345,88	1353,71
346,10	1411,05
346,32	1681,38
346,54	1574,89
346,75	1550,31
346,97	1603,56
347,19	1574,89
347,41	1550,31
347,63	1628,14
347,85	1626,09
348,07	1542,12
348,29	1703,91
348,51	1601,51
348,73	1658,85
348,95	1490,92
349,16	1562,60
349,38	1517,54
349,60	1585,13
349,82	1654,76
350,04	1568,74
350,26	1593,32
350,48	1638,38
350,70	1712,10
350,92	1548,26
351,14	1589,22
351,35	1695,72
351,57	1617,90
351,79	1650,66
352,01	1505,26
352,23	1640,42
352,45	1611,75
352,67	1595,37
352,89	1556,46
353,10	1578,98
353,32	1570,79
353,54	1638,38
353,76	1675,24
353,98	1572,84
354,20	1593,32
354,42	1597,42
354,64	1665,00
354,85	1619,94
355,07	1546,22
355,29	1615,85
355,51	1552,36
355,73	1609,70
355,95	1558,50
356,17	1599,46
356,38	1570,79
356,60	1560,55
356,82	1548,26
357,04	1591,27
357,26	1585,13
357,48	1677,29
357,69	1570,79
357,91	1576,94
358,13	1640,42
358,35	1601,51
358,57	1632,23
358,79	1681,38
359,01	1642,47
359,22	1675,24
359,44	1656,81
359,66	1632,23
359,88	1529,83
360,10	1644,52
360,32	1642,47
360,53	1615,85
360,75	1634,28
360,97	1599,46
361,19	1638,38
361,41	1716,20
361,62	1648,61
361,84	1624,04
362,06	1548,26
362,28	1632,23
362,50	1630,18
362,72	1605,61
362,93	1562,60
363,15	1509,35
363,37	1609,70
363,59	1595,37
363,81	1597,42
364,02	1665,00
364,24	1540,07
364,46	1675,24
364,68	1562,60
364,90	1710,05
365,11	1621,99
365,33	1708,01
365,55	1554,41
365,77	1634,28
365,99	1574,89
366,20	1683,43
366,42	1593,32
366,64	1540,07
366,86	1599,46
367,07	1583,08
367,29	1583,08
367,51	1564,65
367,73	1531,88
367,95	1581,03
368,16	1624,04
368,38	1576,94
368,60	1609,70
368,82	1652,71
369,03	1714,15
369,25	1636,33
369,47	1550,31
369,69	1558,50
369,91	1644,52
370,12	1560,55
370,34	1564,65
370,56	1542,12
370,78	1607,66
370,99	1683,43
371,21	1554,41
371,43	1513,45
371,65	1474,54
371,86	1574,89
372,08	1628,14
372,30	1609,70
372,52	1619,94
372,73	1609,70
372,95	1566,70
373,17	1503,21
373,39	1587,18
373,60	1638,38
373,82	1644,52
374,04	1572,84
374,26	1621,99
374,47	1687,53
374,69	1621,99
374,91	1699,81
375,12	1646,57
375,34	1630,18
375,56	1630,18
375,78	1552,36
375,99	1544,17
376,21	1671,14
376,43	1609,70
376,65	1624,04
376,86	1607,66
377,08	1525,74
377,30	1624,04
377,51	1613,80
377,73	1615,85
377,95	1558,50
378,17	1595,37
378,38	1548,26
378,60	1630,18
378,82	1740,77
379,03	1632,23
379,25	1630,18
379,47	1697,77
379,68	1576,94
379,90	1568,74
380,12	1607,66
380,34	1574,89
380,55	1652,71
380,77	1585,13
380,99	1607,66
381,20	1736,68
381,42	1574,89
381,64	1540,07
381,85	1652,71
382,07	1667,05
382,29	1558,50
382,50	1566,70
382,72	1665,00
382,94	1544,17
383,15	1619,94
383,37	1593,32
383,59	1607,66
383,80	1558,50
384,02	1597,42
384,24	1615,85
384,45	1703,91
384,67	1595,37
384,89	1511,40
385,10	1568,74
385,32	1658,85
385,54	1611,75
385,75	1581,03
385,97	1691,62
386,19	1763,30
386,40	1644,52
386,62	1568,74
386,84	1583,08
387,05	1607,66
387,27	1560,55
387,49	1572,84
387,70	1581,03
387,92	1597,42
388,14	1587,18
388,35	1499,11
388,57	1619,94
388,79	1662,95
389,00	1599,46
389,22	1495,02
389,43	1595,37
389,65	1646,57
389,87	1644,52
390,08	1544,17
390,30	1679,33
390,52	1564,65
390,73	1642,47
390,95	1615,85
391,17	1628,14
391,38	1558,50
391,60	1617,90
391,81	1693,67
392,03	1574,89
392,25	1544,17
392,46	1517,54
392,68	1693,67
392,89	1593,32
393,11	1521,64
393,33	1581,03
393,54	1648,61
393,76	1695,72
393,98	1615,85
394,19	1607,66
394,41	1564,65
394,62	1464,30
394,84	1673,19
395,06	1490,92
395,27	1605,61
395,49	1669,09
395,70	1652,71
395,92	1503,21
396,13	1601,51
396,35	1646,57
396,57	1593,32
396,78	1529,83
397,00	1615,85
397,21	1683,43
397,43	1650,66
397,65	1630,18
397,86	1583,08
398,08	1603,56
398,29	1693,67
398,51	1566,70
398,72	1638,38
398,94	1701,86
399,16	1667,05
399,37	1634,28
399,59	1644,52
399,80	1605,61
400,02	1566,70
400,23	1665,00
400,45	1644,52
400,67	1689,57
400,88	1636,33
401,10	1568,74
401,31	1572,84
401,53	1533,93
401,74	1671,14
401,96	1568,74
402,17	1540,07
402,39	1626,09
402,61	1540,07
402,82	1544,17
403,04	1660,90
403,25	1576,94
403,47	1646,57
403,68	1546,22
403,90	1695,72
404,11	1587,18
404,33	1581,03
404,54	1605,61
404,76	1540,07
404,97	1572,84
405,19	1755,11
405,41	1669,09
405,62	1652,71
405,84	1599,46
406,05	1654,76
406,27	1558,50
406,48	1660,90
406,70	1581,03
406,91	1626,09
407,13	1632,23
407,34	1593,32
407,56	1699,81
407,77	1695,72
407,99	1593,32
408,20	1812,45
408,42	1568,74
408,63	1660,90
408,85	1626,09
409,06	1693,67
409,28	1763,30
409,49	1656,81
409,71	1634,28
409,92	1738,73
410,14	1632,23
410,35	1746,92
410,57	1634,28
410,78	1613,80
411,00	1652,71
411,21	1726,44
411,43	1671,14
411,64	1667,05
411,86	1587,18
412,07	1652,71
412,29	1650,66
412,50	1699,81
412,72	1734,63
412,93	1843,17
413,15	1669,09
413,36	1683,43
413,58	1771,49
413,79	1697,77
414,01	1769,44
414,22	1738,73
414,43	1722,34
414,65	1693,67
414,86	1658,85
415,08	1687,53
415,29	1783,78
415,51	1617,90
415,72	1667,05
415,94	1675,24
416,15	1695,72
416,37	1753,06
416,58	1724,39
416,80	1722,34
417,01	1662,95
417,22	1744,87
417,44	1722,34
417,65	1757,16
417,87	1656,81
418,08	1806,31
418,30	1605,61
418,51	1855,46
418,73	1660,90
418,94	1718,25
419,15	1757,16
419,37	1710,05
419,58	1689,57
419,80	1677,29
420,01	1728,49
420,23	1763,30
420,44	1812,45
420,65	1851,36
420,87	1796,07
421,08	1769,44
421,30	1824,74
421,51	1654,76
421,73	1703,91
421,94	1710,05
422,15	1718,25
422,37	1791,97
422,58	1619,94
422,80	1718,25
423,01	1816,55
423,22	1691,62
423,44	1679,33
423,65	1740,77
423,87	1712,10
424,08	1830,88
424,29	1777,64
424,51	1767,40
424,72	1730,53
424,94	1810,40
425,15	1763,30
425,36	1884,13
425,58	1830,88
425,79	1916,90
426,01	1877,99
426,22	1822,69
426,43	1923,04
426,65	1691,62
426,86	1775,59
427,08	1945,57
427,29	1839,08
427,50	1824,74
427,72	1808,36
427,93	1863,65
428,14	1839,08
428,36	1867,75
428,57	1853,41
428,79	1832,93
429,00	1916,90
429,21	1939,43
429,43	1902,56
429,64	1976,29
429,85	1939,43
430,07	2013,15
430,28	1912,80
430,49	1871,84
430,71	1968,10
430,92	1966,05
431,14	2058,21
431,35	2023,39
431,56	2084,83
431,78	1968,10
431,99	2082,78
432,20	2070,50
432,42	2058,21
432,63	2109,41
432,84	2050,02
433,06	2080,74
433,27	2111,46
433,48	2158,56
433,70	2191,33
433,91	2189,28
434,12	1984,48
434,34	2158,56
434,55	2240,48
434,76	2199,52
434,98	2199,52
435,19	2174,94
435,40	2095,07
435,62	2222,05
435,83	2263,01
436,04	2193,37
436,26	2308,06
436,47	2203,61
436,68	2187,23
436,90	2260,96
437,11	2346,97
437,32	2246,62
437,54	2355,16
437,75	2303,96
437,96	2396,12
438,17	2451,42
438,39	2404,32
438,60	2482,14
438,81	2486,23
439,03	2633,69
439,24	2439,13
439,45	2605,02
439,67	2480,09
439,88	2537,43
440,09	2516,95
440,30	2557,91
440,52	2516,95
440,73	2412,51
440,94	2562,01
441,16	2592,73
441,37	2678,74
441,58	2629,59
441,80	2564,06
442,01	2527,19
442,22	2758,61
442,43	2672,60
442,65	2760,66
442,86	2828,24
443,07	2738,13
443,28	2584,54
443,50	2822,10
443,71	2830,29
443,92	2676,70
444,14	2680,79
444,35	2867,16
444,56	2752,47
444,77	2854,87
444,99	2729,94
445,20	2734,04
445,41	2789,33
445,62	2820,05
445,84	2822,10
446,05	2858,96
446,26	2928,60
446,47	2828,24
446,69	2754,52
446,90	2906,07
447,11	2910,16
447,32	2756,57
447,54	2865,11
447,75	2811,86
447,96	2801,62
448,17	2834,39
448,39	2873,30
448,60	2691,03
448,81	2840,53
449,02	2856,92
449,23	2762,71
449,45	2809,81
449,66	2764,76
449,87	2789,33
450,08	2887,64
450,30	2693,08
450,51	2693,08
450,72	2758,61
450,93	2836,44
451,15	2715,61
451,36	2684,89
451,57	2693,08
451,78	2643,93
451,99	2615,26
452,21	2711,51
452,42	2717,65
452,63	2639,83
452,84	2545,63
453,05	2629,59
453,27	2650,07
453,48	2729,94
453,69	2592,73
453,90	2629,59
454,11	2555,86
454,33	2463,71
454,54	2527,19
454,75	2627,54
454,96	2568,15
455,17	2596,82
455,39	2605,02
455,60	2498,52
455,81	2643,93
456,02	2490,33
456,23	2463,71
456,45	2549,72
456,66	2549,72
456,87	2516,95
457,08	2465,75
457,29	2613,21
457,50	2449,37
457,72	2441,18
457,93	2367,45
458,14	2555,86
458,35	2467,80
458,56	2402,27
458,77	2346,97
458,99	2383,84
459,20	2455,51
459,41	2428,89
459,62	2392,03
459,83	2443,23
460,04	2369,50
460,26	2363,36
460,47	2426,84
460,68	2398,17
460,89	2396,12
461,10	2416,60
461,31	2404,32
461,52	2367,45
461,74	2416,60
461,95	2367,45
462,16	2267,10
462,37	2394,08
462,58	2312,16
462,79	2432,99
463,00	2402,27
463,22	2396,12
463,43	2297,82
463,64	2254,81
463,85	2306,01
464,06	2387,93
464,27	2232,29
464,48	2443,23
464,70	2318,30
464,91	2320,35
465,12	2303,96
465,33	2355,16
465,54	2461,66
465,75	2367,45
465,96	2396,12
466,17	2320,35
466,38	2400,22
466,60	2303,96
466,81	2318,30
467,02	2400,22
467,23	2336,73
467,44	2375,64
467,65	2170,85
467,86	2334,68
468,07	2242,53
468,28	2344,92
468,50	2148,32
468,71	2367,45
468,92	2369,50
469,13	2258,91
469,34	2240,48
469,55	2344,92
469,76	2222,05
469,97	2408,41
470,18	2215,90
470,39	2353,12
470,60	2279,39
470,82	2293,72
471,03	2162,66
471,24	2293,72
471,45	2301,92
471,66	2254,81
471,87	2351,07
472,08	2273,25
472,29	2174,94
472,50	2387,93
472,71	2215,90
472,92	2295,77
473,13	2293,72
473,34	2324,44
473,55	2254,81
473,77	2328,54
473,98	2426,84
474,19	2484,19
474,40	2215,90
474,61	2346,97
474,82	2281,44
475,03	2373,60
475,24	2215,90
475,45	2459,61
475,66	2326,49
475,87	2371,55
476,08	2361,31
476,29	2498,52
476,50	2396,12
476,71	2441,18
476,92	2424,80
477,13	2490,33
477,34	2465,75
477,55	2396,12
477,76	2508,76
477,97	2404,32
478,18	2396,12
478,40	2400,22
478,61	2461,66
478,82	2443,23
479,03	2398,17
479,24	2447,32
479,45	2510,81
479,66	2551,77
479,87	2519,00
480,08	2398,17
480,29	2576,34
480,50	2508,76
480,71	2455,51
480,92	2502,62
481,13	2467,80
481,34	2539,48
481,55	2475,99
481,76	2609,11
481,97	2631,64
482,18	2613,21
482,39	2570,20
482,60	2652,12
482,81	2637,78
483,02	2619,35
483,23	2697,17
483,44	2613,21
483,65	2590,68
483,86	2727,89
484,07	2668,50
484,28	2686,94
484,49	2729,94
484,70	2715,61
484,91	2719,70
485,12	2672,60
485,33	2670,55
485,54	2824,15
485,75	2691,03
485,96	2799,57
486,17	2793,43
486,38	2682,84
486,59	2721,75
486,80	2867,16
487,01	2678,74
487,21	2918,36
487,42	2623,45
487,63	2975,70
487,84	2858,96
488,05	2848,72
488,26	2992,08
488,47	2885,59
488,68	2895,83
488,89	2936,79
489,10	2867,16
489,31	2901,97
489,52	2822,10
489,73	2834,39
489,94	3047,38
490,15	2975,70
490,36	2994,13
490,57	3063,76
490,78	2908,12
490,99	2979,79
491,20	2977,75
491,41	3129,30
491,61	3225,55
491,82	3092,43
492,03	2953,17
492,24	3104,72
492,45	3106,77
492,66	3127,25
492,87	3129,30
493,08	3235,79
493,29	3004,37
493,50	3076,05
493,71	3235,79
493,92	3178,45
494,13	3237,84
494,34	3049,43
494,54	3227,60
494,75	3389,39
494,96	3571,66
495,17	3321,81
495,38	3211,22
495,59	3215,31
495,80	3303,37
496,01	3295,18
496,22	3256,27
496,43	3260,37
496,64	3274,70
496,84	3411,92
497,05	3291,09
497,26	3418,06
497,47	3358,67
497,68	3485,64
497,89	3289,04
498,10	3426,25
498,31	3569,61
498,52	3512,27
498,72	3540,94
498,93	3547,08
499,14	3534,79
499,35	3491,79
499,56	3465,16
499,77	3493,83
499,98	3489,74
500,19	3553,23
500,40	3514,31
500,60	3420,11
500,81	3577,80
501,02	3588,04
501,23	3575,75
501,44	3450,83
501,65	3538,89
501,86	3561,42
502,06	3403,72
502,27	3538,89
502,48	3788,74
502,69	3827,65
502,90	3768,26
503,11	3606,47
503,32	3725,26
503,53	3751,88
503,73	3694,54
503,94	3723,21
504,15	3641,29
504,36	3743,69
504,57	3774,41
504,78	3602,38
504,98	3719,11
505,19	3612,62
505,40	3725,26
505,61	3829,70
505,82	3864,52
506,03	3862,47
506,23	3729,35
506,44	3835,85
506,65	3811,27
506,86	3805,13
507,07	3794,89
507,28	3848,13
507,48	3835,85
507,69	3854,28
507,90	3753,93
508,11	3868,61
508,32	3903,43
508,53	3811,27
508,73	3837,89
508,94	3889,09
509,15	4085,70
509,36	3815,37
509,57	3860,42
509,77	3868,61
509,98	3870,66
510,19	3956,68
510,40	3958,72
510,61	3913,67
510,81	3940,29
511,02	4026,31
511,23	3895,24
511,44	3899,33
511,65	3891,14
511,85	4136,90
512,06	3942,34
512,27	3952,58
512,48	3938,24
512,69	4022,21
512,89	4124,61
513,10	4083,65
513,31	4048,83
513,52	3940,29
513,73	4034,50
513,93	4171,71
514,14	4020,16
514,35	4265,92
514,56	4093,89
514,76	4140,99
514,97	4155,33
515,18	4265,92
515,39	4054,98
515,60	4192,19
515,80	4167,62
516,01	4175,81
516,22	4222,91
516,43	4093,89
516,63	4143,04
516,84	4300,73
517,05	4247,49
517,26	4247,49
517,46	4300,73
517,67	4290,49
517,88	4192,19
518,09	4200,38
518,29	4220,86
518,50	4286,40
518,71	4204,48
518,92	4485,05
519,12	4378,56
519,33	4261,82
519,54	4374,46
519,75	4358,08
519,95	4206,53
520,16	4284,35
520,37	4143,04
520,57	4302,78
520,78	4423,61
520,99	4249,54
521,20	4374,46
521,40	4128,70
521,61	4431,80
521,82	4184,00
522,03	4327,36
522,23	4202,43
522,44	4300,73
522,65	4333,50
522,85	4286,40
523,06	4392,89
523,27	4472,76
523,48	4405,18
523,68	4216,77
523,89	4483,00
524,10	4376,51
524,30	4409,28
524,51	4288,45
524,72	4478,91
524,93	4405,18
525,13	4347,84
525,34	4448,19
525,55	4472,76
525,75	4407,23
525,96	4429,76
526,17	4351,93
526,37	4657,08
526,58	4513,72
526,79	4450,24
526,99	4364,22
527,20	4409,28
527,41	4337,60
527,62	4464,57
527,82	4440,00
528,03	4413,37
528,24	4485,05
528,44	4573,11
528,65	4491,20
528,86	4515,77
529,06	4478,91
529,27	4413,37
529,48	4585,40
529,68	4566,97
529,89	4628,41
530,10	4497,34
530,30	4579,26
530,51	4476,86
530,72	4505,53
530,92	4497,34
531,13	4534,20
531,34	4554,68
531,54	4499,39
531,75	4648,89
531,96	4743,10
532,16	4661,18
532,37	4614,07
532,57	4650,94
532,78	4620,22
532,99	4648,89
533,19	4626,36
533,40	4689,85
533,61	4478,91
533,81	4433,85
534,02	4487,10
534,23	4577,21
534,43	4548,54
534,64	4685,75
534,84	4655,03
535,05	4638,65
535,26	4603,83
535,46	4695,99
535,67	4564,92
535,88	4466,62
536,08	4669,37
536,29	4622,27
536,49	4609,98
536,70	4583,35
536,91	4372,41
537,11	4599,74
537,32	4460,48
537,53	4640,70
537,73	4661,18
537,94	4485,05
538,14	4716,47
538,35	4583,35
538,56	4614,07
538,76	4509,63
538,97	4671,42
539,17	4628,41
539,38	4743,10
539,59	4587,45
539,79	4536,25
540,00	4661,18
540,20	4679,61
540,41	4632,51
540,62	4747,19
540,82	4650,94
541,03	4523,96
541,23	4558,78
541,44	4526,01
541,64	4728,76
541,85	4784,06
542,06	4489,15
542,26	4683,70
542,47	4673,46
542,67	4620,22
542,88	4609,98
543,08	4552,63
543,29	4650,94
543,50	4583,35
543,70	4667,32
543,91	4702,14
544,11	4724,66
544,32	4820,92
544,52	4589,50
544,73	4538,30
544,94	4655,03
545,14	4630,46
545,35	4648,89
545,55	4663,22
545,76	4673,46
545,96	4671,42
546,17	4571,07
546,37	4796,34
546,58	4644,79
546,78	4622,27
546,99	4730,81
547,20	4683,70
547,40	4714,42
547,61	4657,08
547,81	4599,74
548,02	4618,17
548,22	4644,79
548,43	4943,80
548,63	4685,75
548,84	4784,06
549,04	4652,98
549,25	4552,63
549,45	4757,43
549,66	4564,92
549,86	4739,00
550,07	4814,77
550,27	4714,42
550,48	4773,82
550,69	4734,90
550,89	4710,33
551,10	4554,68
551,30	4863,93
551,51	4659,13
551,71	4771,77
551,92	4820,92
552,12	4822,97
552,33	4558,78
552,53	4749,24
552,74	4761,53
552,94	4880,31
553,15	4655,03
553,35	4913,08
553,56	4698,04
553,76	4716,47
553,97	4794,29
554,17	4730,81
554,38	4814,77
554,58	4763,58
554,79	4599,74
554,99	4648,89
555,19	4609,98
555,40	4706,23
555,60	4749,24
555,81	4773,82
556,01	4745,14
556,22	4726,71
556,42	4777,91
556,63	4833,21
556,83	4900,79
557,04	4806,58
557,24	4761,53
557,45	4796,34
557,65	4722,62
557,86	4720,57
558,06	4677,56
558,27	4573,11
558,47	4630,46
558,67	4736,95
558,88	4718,52
559,08	4710,33
559,29	4640,70
559,49	4874,17
559,70	4749,24
559,90	4695,99
560,11	4712,38
560,31	4724,66
560,52	4661,18
560,72	4671,42
560,92	4810,68
561,13	4698,04
561,33	4745,14
561,54	4800,44
561,74	4835,25
561,95	4769,72
562,15	4722,62
562,35	4722,62
562,56	4691,90
562,76	4712,38
562,97	4665,27
563,17	4724,66
563,38	4890,55
563,58	4753,34
563,78	4671,42
563,99	4714,42
564,19	4734,90
564,40	4820,92
564,60	4810,68
564,80	4796,34
565,01	4675,51
565,21	4904,89
565,42	4749,24
565,62	4689,85
565,83	4736,95
566,03	4779,96
566,23	4798,39
566,44	4782,01
566,64	4710,33
566,85	4833,21
567,05	4722,62
567,25	4591,55
567,46	4816,82
567,66	4765,62
567,86	4939,70
568,07	4691,90
568,27	4921,27
568,48	4720,57
568,68	4814,77
568,88	4677,56
569,09	4847,54
569,29	4808,63
569,50	4753,34
569,70	4898,74
569,90	4900,79
570,11	4728,76
570,31	4718,52
570,51	4851,64
570,72	4730,81
570,92	4679,61
571,13	4906,93
571,33	4718,52
571,53	4853,69
571,74	4734,90
571,94	4915,12
572,14	4779,96
572,35	4743,10
572,55	4702,14
572,75	4714,42
572,96	4874,17
573,16	4802,49
573,36	4822,97
573,57	4816,82
573,77	4599,74
573,97	4646,84
574,18	4730,81
574,38	4663,22
574,59	4984,76
574,79	4700,09
574,99	4812,73
575,20	4714,42
575,40	4667,32
575,60	4784,06
575,81	4786,10
576,01	4730,81
576,21	4700,09
576,42	4820,92
576,62	4681,66
576,82	4693,94
577,02	4730,81
577,23	4814,77
577,43	4773,82
577,63	4775,86
577,84	4736,95
578,04	4736,95
578,24	4589,50
578,45	4741,05
578,65	4640,70
578,85	4710,33
579,06	4679,61
579,26	4786,10
579,46	4714,42
579,67	4779,96
579,87	4726,71
580,07	4657,08
580,27	4612,03
580,48	4829,11
580,68	4798,39
580,88	4808,63
581,09	4734,90
581,29	4691,90
581,49	4716,47
581,69	4706,23
581,90	4700,09
582,10	4575,16
582,30	4820,92
582,51	4751,29
582,71	4693,94
582,91	4718,52
583,11	4681,66
583,32	4745,14
583,52	4763,58
583,72	4659,13
583,93	4902,84
584,13	4622,27
584,33	4704,18
584,53	4675,51
584,74	4788,15
584,94	4548,54
585,14	4695,99
585,34	4587,45
585,55	4607,93
585,75	4814,77
585,95	4593,59
586,15	4642,75
586,36	4741,05
586,56	4724,66
586,76	4720,57
586,96	4607,93
587,17	4661,18
587,37	4720,57
587,57	4448,19
587,77	4544,44
587,98	4687,80
588,18	4706,23
588,38	4485,05
588,58	4687,80
588,79	4700,09
588,99	4564,92
589,19	4687,80
589,39	4532,15
589,60	4579,26
589,80	4636,60
590,00	4675,51
590,20	4528,06
590,40	4431,80
590,61	4485,05
590,81	4632,51
591,01	4448,19
591,21	4605,88
591,42	4523,96
591,62	4515,77
591,82	4382,65
592,02	4552,63
592,22	4530,11
592,43	4413,37
592,63	4657,08
592,83	4739,00
593,03	4423,61
593,23	4636,60
593,44	4399,04
593,64	4540,35
593,84	4446,14
594,04	4460,48
594,24	4306,88
594,45	4495,29
594,65	4462,52
594,85	4368,32
595,05	4503,48
595,25	4427,71
595,46	4552,63
595,66	4480,96
595,86	4356,03
596,06	4294,59
596,26	4329,41
596,46	4460,48
596,67	4360,13
596,87	4448,19
597,07	4528,06
597,27	4341,69
597,47	4327,36
597,67	4366,27
597,88	4509,63
598,08	4497,34
598,28	4423,61
598,48	4478,91
598,68	4442,04
598,88	4478,91
599,09	4448,19
599,29	4394,94
599,49	4317,12
599,69	4501,44
599,89	4358,08
600,09	4302,78
600,30	4358,08
600,50	4468,67
600,70	4347,84
600,90	4245,44
601,10	4368,32
601,30	4442,04
601,50	4401,08
601,71	4425,66
601,91	4280,25
602,11	4358,08
602,31	4411,32
602,51	4380,61
602,71	4265,92
602,91	4282,30
603,11	4278,21
603,32	4315,07
603,52	4315,07
603,72	4390,84
603,92	4306,88
604,12	4286,40
604,32	4263,87
604,52	4429,76
604,72	4243,39
604,93	4351,93
605,13	4392,89
605,33	4243,39
605,53	4181,95
605,73	4333,50
605,93	4390,84
606,13	4270,01
606,33	4282,30
606,53	4306,88
606,74	4255,68
606,94	4282,30
607,14	4212,67
607,34	4290,49
607,54	4218,82
607,74	4270,01
607,94	4222,91
608,14	4304,83
608,34	4243,39
608,54	4128,70
608,74	4122,56
608,95	4079,55
609,15	4243,39
609,35	4134,85
609,55	4073,41
609,75	4140,99
609,95	4282,30
610,15	4263,87
610,35	4153,28
610,55	4177,86
610,75	4155,33
610,95	4202,43
611,15	4163,52
611,35	4270,01
611,55	4253,63
611,76	4204,48
611,96	4147,14
612,16	4229,06
612,36	4138,94
612,56	4140,99
612,76	4114,37
612,96	4102,08
613,16	4237,25
613,36	4050,88
613,56	4046,79
613,76	4112,32
613,96	4046,79
614,16	4024,26
614,36	4063,17
614,56	3977,16
614,76	4087,75
614,96	4073,41
615,16	4128,70
615,36	4005,83
615,56	4020,16
615,76	3997,64
615,97	4087,75
616,17	4122,56
616,37	3995,59
616,57	4073,41
616,77	3968,96
616,97	4108,23
617,17	3925,96
617,37	4073,41
617,57	3948,48
617,77	3966,92
617,97	4079,55
618,17	3950,53
618,37	4011,97
618,57	4011,97
618,77	4057,03
618,97	3882,95
619,17	3887,04
619,37	3903,43
619,57	3905,48
619,77	3923,91
619,97	4134,85
620,17	3905,48
620,37	3919,81
620,57	3848,13
620,77	3971,01
620,97	3915,72
621,17	3932,10
621,37	3885,00
621,57	3928,00
621,77	3837,89
621,97	3987,40
622,17	3825,61
622,37	3835,85
622,57	3882,95
622,77	3846,09
622,97	3772,36
623,17	3790,79
623,37	3864,52
623,57	3919,81
623,77	3774,41
623,97	3801,03
624,16	3725,26
624,36	3819,46
624,56	3760,07
624,76	3811,27
624,96	3733,45
625,16	3753,93
625,36	3755,97
625,56	3811,27
625,76	3686,34
625,96	3856,33
626,16	3741,64
626,36	3874,76
626,56	3819,46
626,76	3796,93
626,96	3618,76
627,16	3637,19
627,36	3596,23
627,56	3841,99
627,76	3745,73
627,96	3649,48
628,16	3792,84
628,35	3837,89
628,55	3622,86
628,75	3651,53
628,95	3715,02
629,15	3672,01
629,35	3608,52
629,55	3743,69
629,75	3643,34
629,95	3592,14
630,15	3696,58
630,35	3692,49
630,55	3649,48
630,75	3557,32
630,95	3661,77
631,14	3631,05
631,34	3635,14
631,54	3743,69
631,74	3612,62
631,94	3561,42
632,14	3538,89
632,34	3532,75
632,54	3624,90
632,74	3508,17
632,94	3551,18
633,14	3712,97
633,33	3444,68
633,53	3444,68
633,73	3715,02
633,93	3649,48
634,13	3518,41
634,33	3442,64
634,53	3454,92
634,73	3559,37
634,93	3551,18
635,12	3440,59
635,32	3446,73
635,52	3434,44
635,72	3395,53
635,92	3518,41
636,12	3518,41
636,32	3432,40
636,52	3493,83
636,71	3518,41
636,91	3510,22
637,11	3385,29
637,31	3456,97
637,51	3381,20
637,71	3497,93
637,91	3450,83
638,11	3471,31
638,30	3340,24
638,50	3471,31
638,70	3454,92
638,90	3426,25
639,10	3352,52
639,30	3444,68
639,50	3448,78
639,69	3475,40
639,89	3315,66
640,09	3432,40
640,29	3403,72
640,49	3264,46
640,69	3305,42
640,88	3268,56
641,08	3268,56
641,28	3338,19
641,48	3479,50
641,68	3436,49
641,88	3379,15
642,07	3246,03
642,27	3426,25
642,47	3282,89
642,67	3313,61
642,87	3332,05
643,07	3231,69
643,26	3321,81
643,46	3149,78
643,66	3323,85
643,86	3323,85
644,06	3268,56
644,26	3325,90
644,45	3207,12
644,65	3182,54
644,85	3196,88
645,05	3246,03
645,25	3356,62
645,44	3151,82
645,64	3192,78
645,84	3114,96
646,04	3149,78
646,24	3182,54
646,43	3291,09
646,63	3262,41
646,83	3180,50
647,03	3276,75
647,23	3084,24
647,42	3157,97
647,62	3225,55
647,82	3168,21
648,02	3162,06
648,22	3119,06
648,41	3110,86
648,61	3125,20
648,81	3092,43
649,01	3151,82
649,20	3184,59
649,40	3088,34
649,60	3233,74
649,80	3164,11
650,00	3086,29
650,19	2967,51
650,39	2998,23
650,59	3182,54
650,79	2998,23
650,98	2990,03
651,18	3049,43
651,38	3059,67
651,58	2996,18
651,77	3074,00
651,97	3090,38
652,17	2975,70
652,37	2992,08
652,56	2973,65
652,76	3000,27
652,96	3084,24
653,16	2998,23
653,35	2994,13
653,55	2979,79
653,75	2844,63
653,95	2967,51
654,14	2965,46
654,34	2975,70
654,54	2951,12
654,74	2957,27
654,93	3028,95
655,13	2920,40
655,33	2879,44
655,52	3049,43
655,72	3063,76
655,92	2965,46
656,12	3022,80
656,31	3026,90
656,51	2928,60
656,71	2883,54
656,91	2981,84
657,10	2836,44
657,30	2828,24
657,50	3018,71
657,69	2889,68
657,89	2996,18
658,09	2920,40
658,29	2959,31
658,48	2957,27
658,68	2928,60
658,88	2938,84
659,07	2906,07
659,27	3024,85
659,47	2867,16
659,66	2973,65
659,86	2908,12
660,06	2940,88
660,26	2914,26
660,45	3037,14
660,65	2920,40
660,85	2940,88
661,04	2899,92
661,24	3030,99
661,44	2756,57
661,63	2953,17
661,83	3033,04
662,03	2871,25
662,22	2942,93
662,42	3047,38
662,62	2846,68
662,81	2893,78
663,01	2836,44
663,21	2967,51
663,40	2832,34
663,60	2969,55
663,80	2805,72
663,99	2992,08
664,19	2899,92
664,39	2957,27
664,58	2846,68
664,78	2852,82
664,98	2891,73
665,17	2910,16
665,37	2977,75
665,57	2975,70
665,76	2914,26
665,96	2875,35
666,16	2777,05
666,35	2973,65
666,55	2924,50
666,74	3039,19
666,94	2971,60
667,14	2934,74
667,33	2932,69
667,53	2965,46
667,73	3004,37
667,92	3028,95
668,12	2854,87
668,32	2979,79
668,51	2879,44
668,71	2994,13
668,90	2873,30
669,10	2965,46
669,30	2969,55
669,49	2908,12
669,69	2947,03
669,89	2938,84
670,08	2918,36
670,28	3155,92
670,47	2998,23
670,67	2967,51
670,87	2881,49
671,06	3078,10
671,26	2992,08
671,45	2779,09
671,65	3047,38
671,85	2912,21
672,04	2973,65
672,24	2891,73
672,43	3026,90
672,63	3012,56
672,83	2926,55
673,02	2985,94
673,22	2949,08
673,41	2951,12
673,61	3016,66
673,81	3018,71
674,00	3123,15
674,20	2971,60
674,39	3012,56
674,59	3012,56
674,78	3022,80
674,98	3117,01
675,18	3065,81
675,37	2940,88
675,57	3020,75
675,76	3139,54
675,96	3125,20
676,15	3106,77
676,35	2967,51
676,55	3090,38
676,74	3137,49
676,94	3065,81
677,13	3055,57
677,33	3229,65
677,52	3207,12
677,72	3219,41
677,91	3012,56
678,11	3037,14
678,31	3121,10
678,50	3051,47
678,70	3008,47
678,89	3127,25
679,09	3200,98
679,28	3268,56
679,48	3241,93
679,67	3235,79
679,87	3248,08
680,06	3446,73
680,26	3336,14
680,46	3418,06
680,65	3274,70
680,85	3262,41
681,04	3274,70
681,24	3311,57
681,43	3295,18
681,63	3309,52
681,82	3338,19
682,02	3205,07
682,21	3463,12
682,41	3266,51
682,60	3422,16
682,80	3383,24
682,99	3424,20
683,19	3383,24
683,38	3512,27
683,58	3483,59
683,77	3424,20
683,97	3499,98
684,16	3667,91
684,36	3557,32
684,55	3600,33
684,75	3497,93
684,94	3635,14
685,14	3622,86
685,33	3641,29
685,53	3512,27
685,72	3712,97
685,92	3729,35
686,11	3753,93
686,31	3645,38
686,50	3844,04
686,70	3762,12
686,89	3715,02
687,09	3790,79
687,28	3819,46
687,48	3829,70
687,67	3905,48
687,87	3938,24
688,06	3895,24
688,26	4044,74
688,45	3975,11
688,65	3946,44
688,84	4124,61
689,03	4159,42
689,23	4003,78
689,42	4210,62
689,62	4239,30
689,81	4227,01
690,01	4231,10
690,20	4317,12
690,40	4292,54
690,59	4411,32
690,79	4157,38
690,98	4444,09
691,17	4431,80
691,37	4556,73
691,56	4335,55
691,76	4544,44
691,95	4741,05
692,15	4464,57
692,34	4573,11
692,54	4669,37
692,73	4638,65
692,92	4790,20
693,12	4880,31
693,31	4755,38
693,51	5046,20
693,70	4818,87
693,90	5050,29
694,09	4956,08
694,28	5062,58
694,48	5162,93
694,67	5199,79
694,87	5210,03
695,06	5197,74
695,26	5306,29
695,45	5302,19
695,64	5398,45
695,84	5402,54
696,03	5453,74
696,23	5605,29
696,42	5687,21
696,61	5722,02
696,81	5754,79
697,00	5818,28
697,20	5869,48
697,39	5949,35
697,58	5875,62
697,78	6148,00
697,97	6191,01
698,17	6166,43
698,36	6399,90
698,55	6424,48
698,75	6492,06
698,94	6449,05
699,14	6520,73
699,33	6602,65
699,52	6659,99
699,72	6750,10
699,91	6711,19
700,10	6862,74
700,30	6911,89
700,49	6991,77
700,69	7143,32
700,88	7171,99
701,07	7241,62
701,27	7374,74
701,46	7679,88
701,65	7462,80
701,85	7718,79
702,04	7694,22
702,23	7778,19
702,43	7858,06
702,62	7872,39
702,82	7956,36
703,01	8200,07
703,20	8355,71
703,40	8415,10
703,59	8462,21
703,78	8562,56
703,98	8683,39
704,17	8712,06
704,36	8945,53
704,56	8896,38
704,75	8896,38
704,94	9332,59
705,14	9244,53
705,33	9310,07
705,52	9473,90
705,72	9715,56
705,91	9582,45
706,10	9736,04
706,30	9922,41
706,49	10053,48
706,68	10329,95
706,88	10473,31
707,07	10641,25
707,26	10608,48
707,46	10817,37
707,65	10866,52
707,84	11034,46
708,04	11126,61
708,23	11335,51
708,42	11532,11
708,62	11562,83
708,81	11796,30
709,00	11964,23
709,19	12027,72
709,39	12273,48
709,58	12478,27
709,77	12662,59
709,97	12769,09
710,16	12947,26
710,35	13006,65
710,55	13141,82
710,74	13305,65
710,93	13334,32
711,12	13477,68
711,32	13627,18
711,51	14018,35
711,70	14333,73
711,90	14391,08
712,09	14526,24
712,28	14642,98
712,47	14698,27
712,67	15105,82
712,86	15245,08
713,05	15560,47
713,24	15740,69
713,44	15898,38
713,63	16037,64
713,82	16193,29
714,02	16754,43
714,21	16723,71
714,40	16963,33
714,59	17100,54
714,79	17282,81
714,98	17590,00
715,17	18093,80
715,36	17919,73
715,56	18456,29
715,75	18210,54
715,94	18648,80
716,13	18747,11
716,33	18865,89
716,52	19214,04
716,71	19365,59
716,90	20088,53
717,10	19975,89
717,29	20369,10
717,48	20727,49
717,67	20799,17
717,87	21190,33
718,06	21401,27
718,25	21690,04
718,44	21814,96
718,63	22097,58
718,83	22462,12
719,02	22763,17
719,21	22998,69
719,40	23035,55
719,60	23289,50
719,79	23740,05
719,98	23840,40
720,17	24338,06
720,36	24647,30
720,56	24440,46
720,75	25114,24
720,94	25458,30
721,13	25749,11
721,33	26162,80
721,52	26177,14
721,71	26459,76
721,90	26885,73
722,09	26893,93
722,29	27405,92
722,48	27444,83
722,67	27754,07
722,86	28180,05
723,05	28579,40
723,24	28798,54
723,44	29085,25
723,63	29380,16
723,82	29605,44
724,01	29904,44
724,20	30025,27
724,40	30785,07
724,59	30516,78
724,78	30670,38
724,97	30848,55
725,16	31757,85
725,35	32228,88
725,55	31813,15
725,74	32433,68
725,93	32542,22
726,12	32599,57
726,31	32878,09
726,51	33099,27
726,70	33590,78
726,89	33580,54
727,08	33775,10
727,27	34024,95
727,46	34627,06
727,65	34887,15
727,85	34631,15
728,04	35126,76
728,23	35036,65
728,42	34829,80
728,61	35100,14
728,80	35692,00
729,00	35536,35
729,19	35769,82
729,38	35773,92
729,57	36285,91
729,76	36242,90
729,95	36136,41
730,14	36431,32
730,33	36292,05
730,53	36345,30
730,72	36433,36
730,91	36615,63
731,10	36845,01
731,29	36668,88
731,48	36539,86
731,67	37027,28
731,86	36705,74
732,06	36591,06
732,25	36941,26
732,44	36756,94
732,63	36333,01
732,82	36988,36
733,01	36390,36
733,20	36007,39
733,39	36750,80
733,59	36171,22
733,78	36290,01
733,97	36156,89
734,16	36265,43
734,35	35986,91
734,54	35581,41
734,73	35507,68
734,92	35927,52
735,11	35108,33
735,30	35341,80
735,49	35001,83
735,69	34915,82
735,88	35007,98
736,07	34647,54
736,26	34231,80
736,45	34016,76
736,64	33713,66
736,83	33392,13
737,02	33232,39
737,21	32955,91
737,40	32609,81
737,59	32503,31
737,78	32169,49
737,98	31421,98
738,17	31725,08
738,36	31456,80
738,55	31362,59
738,74	30709,29
738,93	30303,79
739,12	29703,74
739,31	29697,59
739,50	29242,95
739,69	29210,18
739,88	28354,13
740,07	28147,28
740,26	27977,30
740,45	27518,56
740,64	27295,33
740,83	26695,27
741,02	26558,06
741,22	26087,03
741,41	25958,00
741,60	25116,29
741,79	24753,80
741,98	24753,80
742,17	24086,16
742,36	23930,51
742,55	23377,56
742,74	23549,59
742,93	22830,76
743,12	22468,27
743,31	22021,81
743,50	21628,60
743,69	21192,38
743,88	20973,25
744,07	20737,73
744,26	20391,62
744,45	20039,37
744,64	19689,17
744,83	19304,15
745,02	18837,22
745,21	18603,75
745,40	18054,89
745,59	18149,10
745,78	17968,88
745,97	17299,19
746,16	17176,31
746,35	16877,31
746,54	16424,71
746,73	16209,67
746,92	15910,67
747,11	15636,24
747,30	15327,00
747,49	15195,93
747,68	14925,60
747,87	14604,07
748,06	14565,15
748,25	14143,27
748,44	13852,46
748,63	13713,20
748,82	13459,25
749,01	13381,43
749,20	12977,98
749,39	12871,48
749,58	12726,08
749,77	12367,68
749,96	12160,84
750,15	11970,38
750,34	11675,47
750,53	11679,57
750,72	11534,16
750,91	11245,40
751,10	11200,34
751,29	10790,75
751,48	10583,90
751,67	10766,17
751,86	10489,70
752,04	10155,88
752,23	10168,16
752,42	9973,61
752,61	9846,63
752,80	9574,25
752,99	9547,63
753,18	9461,62
753,37	9222,00
753,56	9049,97
753,75	8949,62
753,94	8798,07
754,13	8906,62
754,32	8480,64
754,51	8353,66
754,70	8427,39
754,89	8339,33
755,08	8042,37
755,27	7782,28
755,45	7913,35
755,64	7692,17
755,83	7624,59
756,02	7460,75
756,21	7333,78
756,40	7083,92
756,59	7258,00
756,78	6983,57
756,97	6842,26
757,16	6846,36
757,35	6848,41
757,54	6551,45
757,72	6643,61
757,91	6473,63
758,10	6199,20
758,29	6096,80
758,48	6047,65
758,67	6135,71
758,86	5883,81
759,05	5844,90
759,24	5752,74
759,43	5666,73
759,61	5466,03
759,80	5599,15
759,99	5349,29
760,18	5253,04
760,37	5191,60
760,56	5093,30
760,75	5093,30
760,94	5029,81
761,13	4980,66
761,31	4976,56
761,50	4745,14
761,69	4681,66
761,88	4534,20
762,07	4665,27
762,26	4560,83
762,45	4587,45
762,64	4511,68
762,82	4255,68
763,01	4360,13
763,20	4149,18
763,39	4102,08
763,58	4171,71
763,77	4145,09
763,96	4140,99
764,14	4083,65
764,33	4034,50
764,52	3794,89
764,71	4020,16
764,90	3827,65
765,09	3876,80
765,27	3712,97
765,46	3682,25
765,65	3702,73
765,84	3669,96
766,03	3538,89
766,22	3678,15
766,41	3381,20
766,59	3530,70
766,78	3567,56
766,97	3471,31
767,16	3471,31
767,35	3313,61
767,54	3473,36
767,72	3321,81
767,91	3375,05
768,10	3239,89
768,29	3235,79
768,48	3241,93
768,66	3194,83
768,85	3166,16
769,04	3137,49
769,23	3125,20
769,42	3125,20
769,61	3096,53
769,79	3080,14
769,98	3067,86
770,17	2973,65
770,36	3080,14
770,55	2959,31
770,73	3059,67
770,92	2996,18
771,11	2963,41
771,30	2916,31
771,49	2936,79
771,67	2996,18
771,86	2899,92
772,05	2762,71
772,24	2734,04
772,42	2688,98
772,61	2791,38
772,80	2668,50
772,99	2662,36
773,18	2785,24
773,36	2707,41
773,55	2623,45
773,74	2576,34
773,93	2758,61
774,11	2594,78
774,30	2703,32
774,49	2566,10
774,68	2656,22
774,87	2613,21
775,05	2533,34
775,24	2490,33
775,43	2754,52
775,62	2564,06
775,80	2648,02
775,99	2596,82
776,18	2625,50
776,37	2492,38
776,55	2555,86
776,74	2455,51
776,93	2572,25
777,12	2473,95
777,30	2445,27
777,49	2424,80
777,68	2514,91
777,87	2365,40
778,05	2441,18
778,24	2394,08
778,43	2426,84
778,62	2349,02
778,80	2451,42
778,99	2461,66
779,18	2537,43
779,36	2420,70
779,55	2344,92
779,74	2316,25
779,93	2326,49
780,11	2406,36
780,30	2320,35
780,49	2265,05
780,68	2346,97
780,86	2394,08
781,05	2310,11
781,24	2363,36
781,42	2318,30
781,61	2248,67
781,80	2281,44
781,98	2346,97
782,17	2338,78
782,36	2240,48
782,55	2246,62
782,73	2238,43
782,92	2334,68
783,11	2213,85
783,29	2172,89
783,48	2279,39
783,67	2271,20
783,85	2240,48
784,04	2373,60
784,23	2166,75
784,42	2232,29
784,60	2246,62
784,79	2332,64
784,98	2195,42
785,16	2183,13
785,35	2158,56
785,54	2174,94
785,72	2267,10
785,91	2181,09
786,10	2115,55
786,28	2291,68
786,47	2209,76
786,66	2148,32
786,84	2174,94
787,03	2179,04
787,22	2170,85
787,40	2138,08
787,59	2265,05
787,78	2240,48
787,96	2082,78
788,15	2144,22
788,34	2140,13
788,52	2121,70
788,71	2160,61
788,89	2138,08
789,08	2052,06
789,27	2187,23
789,45	2176,99
789,64	2074,59
789,83	2035,68
790,01	2074,59
790,20	2142,18
790,39	2097,12
790,57	2078,69
790,76	2115,55
790,95	2090,98
791,13	2105,31
791,32	2156,51
791,50	2154,46
791,69	2058,21
791,88	2113,50
792,06	2154,46
792,25	2119,65
792,43	2000,87
792,62	2076,64
792,81	2072,54
792,99	2070,50
793,18	2113,50
793,37	2035,68
793,55	2027,49
793,74	2047,97
793,92	2170,85
794,11	2066,40
794,30	2023,39
794,48	2086,88
794,67	2074,59
794,85	2041,82
795,04	2119,65
795,23	2011,11
795,41	2004,96
795,60	2045,92
795,78	2047,97
795,97	2170,85
796,15	2064,35
796,34	2174,94
796,53	2052,06
796,71	2041,82
796,90	2064,35
797,08	1947,62
797,27	2056,16
797,46	2103,26
797,64	2076,64
797,83	2154,46
798,01	2123,74
798,20	2041,82
798,38	2093,02
798,57	2039,78
798,76	1953,76
798,94	1943,52
799,13	2058,21
799,31	2009,06
799,50	2070,50
799,68	1982,43
799,87	1937,38
800,05	2064,35
800,24	2019,30
800,43	1947,62
800,61	2244,57
800,80	2103,26
800,98	1990,63
801,17	2004,96
801,35	2007,01
801,54	2039,78
801,72	2060,26
801,91	2097,12
802,09	1974,24
802,28	1916,90
802,46	2090,98
802,65	2041,82
802,84	2080,74
803,02	2041,82
803,21	2080,74
803,39	2025,44
803,58	2037,73
803,76	2084,83
803,95	1984,48
804,13	1982,43
804,32	1984,48
804,50	2105,31
804,69	2029,54
804,87	2080,74
805,06	2064,35
805,24	2133,98
805,43	2004,96
805,61	1961,95
805,80	2062,30
805,98	1992,67
806,17	2066,40
806,35	1986,53
806,54	2023,39
806,72	1927,14
806,91	2027,49
807,09	2082,78
807,28	2070,50
807,46	1998,82
807,65	2099,17
807,83	2023,39
808,02	1980,39
808,20	2009,06
808,39	2088,93
808,57	2047,97
808,76	2037,73
808,94	2062,30
809,13	1918,95
809,31	1920,99
809,49	2019,30
809,68	1920,99
809,86	1951,71
810,05	1986,53
810,23	2033,63
810,42	1994,72
810,60	1966,05
810,79	1935,33
810,97	1947,62
811,16	1988,58
811,34	2002,91
811,53	1998,82
811,71	1890,28
811,89	1968,10
812,08	1927,14
812,26	1951,71
812,45	1968,10
812,63	1890,28
812,82	1982,43
813,00	1818,60
813,19	1884,13
813,37	1900,52
813,55	1927,14
813,74	1916,90
813,92	2025,44
814,11	1859,56
814,29	1837,03
814,48	1961,95
814,66	1968,10
814,84	2043,87
815,03	1916,90
815,21	1941,47
815,40	1961,95
815,58	1943,52
815,77	1998,82
815,95	1880,04
816,13	1947,62
816,32	1998,82
816,50	1982,43
816,69	1890,28
816,87	1800,16
817,05	1859,56
817,24	1882,08
817,42	1896,42
817,61	1953,76
817,79	1990,63
817,97	1929,19
818,16	1875,94
818,34	1964,00
818,53	1877,99
818,71	1920,99
818,89	1943,52
819,08	1853,41
819,26	1890,28
819,45	1918,95
819,63	1935,33
819,81	1906,66
820,00	1998,82
820,18	1865,70
820,36	1931,23
820,55	1912,80
820,73	1837,03
820,92	1871,84
821,10	1918,95
821,28	1884,13
821,47	2009,06
821,65	1857,51
821,83	2035,68
822,02	1892,32
822,20	1865,70
822,39	1873,89
822,57	1816,55
822,75	1863,65
822,94	1949,67
823,12	1886,18
823,30	1847,27
823,49	1986,53
823,67	1863,65
823,85	1910,75
824,04	1857,51
824,22	1853,41
824,40	1920,99
824,59	1882,08
824,77	1851,36
824,95	1886,18
825,14	1877,99
825,32	1972,19
825,50	1904,61
825,69	1910,75
825,87	1943,52
826,05	1796,07
826,24	1910,75
826,42	1964,00
826,60	1939,43
826,79	1843,17
826,97	1906,66
827,15	1851,36
827,34	1857,51
827,52	1857,51
827,70	1849,32
827,89	1861,60
828,07	1882,08
828,25	1943,52
828,44	1974,24
828,62	1871,84
828,80	1925,09
828,98	1935,33
829,17	1896,42
829,35	1931,23
829,53	1845,22
829,72	1841,12
829,90	1787,88
830,08	1808,36
830,27	1927,14
830,45	2011,11
830,63	1906,66
830,81	1882,08
831,00	1902,56
831,18	1847,27
831,36	1886,18
831,55	1896,42
831,73	1923,04
831,91	1882,08
832,09	1933,28
832,28	1935,33
832,46	1845,22
832,64	1910,75
832,82	1781,73
833,01	1912,80
833,19	1947,62
833,37	1798,12
833,55	1873,89
833,74	1914,85
833,92	1855,46
834,10	1794,02
834,29	1867,75
834,47	1843,17
834,65	1877,99
834,83	1837,03
835,02	1896,42
835,20	1912,80
835,38	1853,41
835,56	1892,32
835,75	1945,57
835,93	1925,09
836,11	1802,21
836,29	1816,55
836,47	1875,94
836,66	1810,40
836,84	1947,62
837,02	1904,61
837,20	1923,04
837,39	1949,67
837,57	1943,52
837,75	1834,98
837,93	1853,41
838,12	1865,70
838,30	1765,35
838,48	1875,94
838,66	1900,52
838,84	1896,42
839,03	1951,71
839,21	1890,28
839,39	1859,56
839,57	1945,57
839,75	1877,99
839,94	1810,40
840,12	1843,17
840,30	1869,80
840,48	1953,76
840,66	1824,74
840,85	1810,40
841,03	1847,27
841,21	1918,95
841,39	1986,53
841,57	1853,41
841,76	1873,89
841,94	2009,06
842,12	1806,31
842,30	1861,60
842,48	1861,60
842,67	1890,28
842,85	1904,61
843,03	1841,12
843,21	1935,33
843,39	1982,43
843,57	1787,88
843,76	1880,04
843,94	1818,60
844,12	1808,36
844,30	1796,07
844,48	1855,46
844,66	1880,04
844,85	1939,43
845,03	1941,47
845,21	1875,94
845,39	1882,08
845,57	1837,03
845,75	1869,80
845,94	1816,55
846,12	1834,98
846,30	1839,08
846,48	1898,47
846,66	1933,28
846,84	1724,39
847,02	1855,46
847,21	1896,42
847,39	1765,35
847,57	1933,28
847,75	1855,46
847,93	1763,30
848,11	1808,36
848,29	1822,69
848,48	1806,31
848,66	1869,80
848,84	1884,13
849,02	1796,07
849,20	1818,60
849,38	1773,54
849,56	1892,32
849,74	1855,46
849,93	1976,29
850,11	1877,99
850,29	1828,84
850,47	1802,21
850,65	1820,64
850,83	1806,31
851,01	1783,78
851,19	1904,61
851,37	1810,40
851,56	1802,21
851,74	1871,84
851,92	1834,98
852,10	1859,56
852,28	1808,36
852,46	1761,25
852,64	1794,02
852,82	1880,04
853,00	1828,84
853,18	1863,65
853,37	1761,25
853,55	1820,64
853,73	1798,12
853,91	1767,40
854,09	1808,36
854,27	1796,07
854,45	1966,05
854,63	1918,95
854,81	1777,64
854,99	1933,28
855,17	1800,16
855,35	1867,75
855,53	1853,41
855,72	1714,15
855,90	1826,79
856,08	1920,99
856,26	1720,29
856,44	1929,19
856,62	1757,16
856,80	1726,44
856,98	1763,30
857,16	1763,30
857,34	1841,12
857,52	1898,47
857,70	1873,89
857,88	1882,08
858,06	1851,36
858,24	1849,32
858,42	1912,80
858,60	1769,44
858,78	1734,63
858,96	1763,30
859,15	1810,40
859,33	1873,89
859,51	1812,45
859,69	1798,12
859,87	1826,79
860,05	1767,40
860,23	1814,50
860,41	1722,34
860,59	1785,83
860,77	1843,17
860,95	1900,52
861,13	1775,59
861,31	1714,15
861,49	1767,40
861,67	1927,14
861,85	1822,69
862,03	1875,94
862,21	1802,21
862,39	1808,36
862,57	1800,16
862,75	1753,06
862,93	1822,69
863,11	1871,84
863,29	1660,90
863,47	1808,36
863,65	1853,41
863,83	1705,96
864,01	1785,83
864,19	1804,26
864,37	1822,69
864,55	1775,59
864,73	1757,16
864,91	1808,36
865,09	1796,07
865,27	1738,73
865,45	1787,88
865,63	1906,66
865,81	1771,49
865,99	1830,88
866,17	1814,50
866,35	1810,40
866,53	1837,03
866,71	1726,44
866,89	1763,30
867,07	1726,44
867,24	1759,21
867,42	1744,87
867,60	1902,56
867,78	1759,21
867,96	1804,26
868,14	1804,26
868,32	1916,90
868,50	1775,59
868,68	1755,11
868,86	1779,68
869,04	1798,12
869,22	1638,38
869,40	1734,63
869,58	1744,87
869,76	1796,07
869,94	1748,97
870,12	1740,77
870,30	1742,82
870,48	1834,98
870,66	1716,20
870,83	1796,07
871,01	1761,25
871,19	1753,06
871,37	1783,78
871,55	1773,54
871,73	1781,73
871,91	1816,55
872,09	1851,36
872,27	1783,78
872,45	1742,82
872,63	1671,14
872,81	1718,25
872,98	1783,78
873,16	1806,31
873,34	1796,07
873,52	1785,83
873,70	1773,54
873,88	1834,98
874,06	1689,57
874,24	1703,91
874,42	1712,10
874,60	1779,68
874,78	1769,44
874,95	1771,49
875,13	1712,10
875,31	1798,12
875,49	1869,80
875,67	1701,86
875,85	1708,01
876,03	1693,67
876,21	1796,07
876,39	1740,77
876,56	1783,78
876,74	1634,28
876,92	1705,96
877,10	1765,35
877,28	1726,44
877,46	1720,29
877,64	1779,68
877,82	1746,92
877,99	1722,34
878,17	1746,92
878,35	1691,62
878,53	1794,02
878,71	1783,78
878,89	1771,49
879,07	1796,07
879,24	1800,16
879,42	1837,03
879,60	1777,64
879,78	1824,74
879,96	1726,44
880,14	1828,84
880,32	1755,11
880,49	1746,92
880,67	1755,11
880,85	1617,90
881,03	1701,86
881,21	1763,30
881,39	1818,60
881,56	1648,61
881,74	1710,05
881,92	1703,91
882,10	1767,40
882,28	1769,44
882,46	1753,06
882,63	1671,14
882,81	1665,00
882,99	1716,20
883,17	1843,17
883,35	1818,60
883,52	1845,22
883,70	1771,49
883,88	1705,96
884,06	1740,77
884,24	1767,40
884,42	1810,40
884,59	1816,55
884,77	1841,12
884,95	1824,74
885,13	1845,22
885,31	1789,92
885,48	1710,05
885,66	1855,46
885,84	1697,77
886,02	1755,11
886,20	1773,54
886,37	1781,73
886,55	1843,17
886,73	1828,84
886,91	1787,88
887,08	1765,35
887,26	1839,08
887,44	1771,49
887,62	1691,62
887,80	1787,88
887,97	1765,35
888,15	1746,92
888,33	1736,68
888,51	1800,16
888,68	1761,25
888,86	1816,55
889,04	1708,01
889,22	1734,63
889,40	1724,39
889,57	1759,21
889,75	1810,40
889,93	1814,50
890,11	1794,02
890,28	1818,60
890,46	1744,87
890,64	1757,16
890,82	1822,69
890,99	1773,54
891,17	1662,95
891,35	1728,49
891,53	1701,86
891,70	1650,66
891,88	1634,28
892,06	1671,14
892,24	1738,73
892,41	1679,33
892,59	1716,20
892,77	1767,40
892,94	1671,14
893,12	1699,81
893,30	1566,70
893,48	1742,82
893,65	1769,44
893,83	1740,77
894,01	1804,26
894,19	1730,53
894,36	1851,36
894,54	1714,15
894,72	1806,31
894,89	1630,18
895,07	1636,33
895,25	1714,15
895,43	1638,38
895,60	1695,72
895,78	1755,11
895,96	1644,52
896,13	1783,78
896,31	1665,00
896,49	1675,24
896,66	1650,66
896,84	1714,15
897,02	1746,92
897,20	1660,90
897,37	1712,10
897,55	1636,33
897,73	1732,58
897,90	1757,16
898,08	1748,97
898,26	1791,97
898,43	1712,10
898,61	1677,29
898,79	1744,87
898,96	1660,90
899,14	1695,72
899,32	1703,91
899,49	1593,32
899,67	1697,77
899,85	1789,92
900,02	1820,64
900,20	1714,15
900,38	1673,19
900,55	1771,49
900,73	1888,23
900,91	1605,61
901,08	1673,19
901,26	1685,48
901,44	1671,14
901,61	1714,15
901,79	1757,16
901,97	1765,35
902,14	1681,38
902,32	1724,39
902,50	1644,52
902,67	1628,14
902,85	1699,81
903,02	1644,52
903,20	1730,53
903,38	1650,66
903,55	1593,32
903,73	1660,90
903,91	1779,68
904,08	1732,58
904,26	1675,24
904,44	1867,75
904,61	1597,42
904,79	1636,33
904,96	1744,87
905,14	1656,81
905,32	1683,43
905,49	1634,28
905,67	1630,18
905,84	1583,08
906,02	1718,25
906,20	1710,05
906,37	1855,46
906,55	1687,53
906,73	1744,87
906,90	1765,35
907,08	1683,43
907,25	1640,42
907,43	1708,01
907,61	1679,33
907,78	1703,91
907,96	1638,38
908,13	1714,15
908,31	1812,45
908,48	1710,05
908,66	1728,49
908,84	1716,20
909,01	1705,96
909,19	1681,38
909,36	1621,99
909,54	1695,72
909,72	1746,92
909,89	1628,14
910,07	1624,04
910,24	1740,77
910,42	1826,79
910,59	1687,53
910,77	1665,00
910,95	1638,38
911,12	1648,61
911,30	1763,30
911,47	1658,85
911,65	1712,10
911,82	1576,94
912,00	1773,54
912,17	1638,38
912,35	1716,20
912,53	1736,68
912,70	1771,49
912,88	1673,19
913,05	1658,85
913,23	1630,18
913,40	1736,68
913,58	1591,27
913,75	1683,43
913,93	1630,18
914,10	1599,46
914,28	1619,94
914,46	1681,38
914,63	1621,99
914,81	1769,44
914,98	1597,42
915,16	1724,39
915,33	1587,18
915,51	1712,10
915,68	1695,72
915,86	1679,33
916,03	1650,66
916,21	1691,62
916,38	1677,29
916,56	1605,61
916,73	1812,45
916,91	1652,71
917,08	1646,57
917,26	1759,21
917,43	1652,71
917,61	1621,99
917,78	1716,20
917,96	1687,53
918,13	1689,57
918,31	1669,09
918,48	1562,60
918,66	1570,79
918,83	1804,26
919,01	1642,47
919,18	1724,39
919,36	1626,09
919,53	1740,77
919,71	1837,03
919,88	1740,77
920,06	1593,32
920,23	1581,03
920,41	1665,00
920,58	1697,77
920,76	1628,14
920,93	1777,64
921,11	1562,60
921,28	1601,51
921,45	1708,01
921,63	1683,43
921,80	1677,29
921,98	1662,95
922,15	1736,68
922,33	1648,61
922,50	1718,25
922,68	1652,71
922,85	1558,50
923,03	1681,38
923,20	1748,97
923,38	1681,38
923,55	1689,57
923,72	1609,70
923,90	1884,13
924,07	1675,24
924,25	1583,08
924,42	1804,26
924,60	1714,15
924,77	1746,92
924,95	1685,48
925,12	1718,25
925,29	1728,49
925,47	1617,90
925,64	1619,94
925,82	1650,66
925,99	1662,95
926,17	1722,34
926,34	1665,00
926,51	1646,57
926,69	1716,20
926,86	1716,20
927,04	1644,52
927,21	1658,85
927,38	1626,09
927,56	1632,23
927,73	1748,97
927,91	1693,67
928,08	1789,92
928,25	1675,24
928,43	1722,34
928,60	1574,89
928,78	1648,61
928,95	1621,99
929,12	1701,86
929,30	1660,90
929,47	1624,04
929,65	1591,27
929,82	1603,56
929,99	1632,23
930,17	1587,18
930,34	1615,85
930,52	1624,04
930,69	1572,84
930,86	1675,24
931,04	1585,13
931,21	1560,55
931,38	1740,77
931,56	1578,98
931,73	1630,18
931,91	1601,51
932,08	1531,88
932,25	1722,34
932,43	1658,85
932,60	1591,27
932,77	1660,90
932,95	1546,22
933,12	1628,14
933,29	1619,94
933,47	1714,15
933,64	1576,94
933,82	1581,03
933,99	1638,38
934,16	1607,66
934,34	1652,71
934,51	1542,12
934,68	1693,67
934,86	1679,33
935,03	1533,93
935,20	1595,37
935,38	1564,65
935,55	1683,43
935,72	1660,90
935,90	1595,37
936,07	1576,94
936,24	1583,08
936,42	1716,20
936,59	1638,38
936,76	1658,85
936,94	1535,98
937,11	1634,28
937,28	1585,13
937,46	1624,04
937,63	1591,27
937,80	1662,95
937,97	1732,58
938,15	1605,61
938,32	1542,12
938,49	1722,34
938,67	1599,46
938,84	1675,24
939,01	1630,18
939,19	1566,70
939,36	1722,34
939,53	1648,61
939,70	1572,84
939,88	1601,51
940,05	1724,39
940,22	1626,09
940,40	1609,70
940,57	1683,43
940,74	1589,22
940,92	1609,70
941,09	1568,74
941,26	1523,69
941,43	1615,85
941,61	1574,89
941,78	1538,02
941,95	1681,38
942,12	1630,18
942,30	1576,94
942,47	1652,71
942,64	1535,98
942,82	1681,38
942,99	1634,28
943,16	1503,21
943,33	1662,95
943,51	1554,41
943,68	1578,98
943,85	1603,56
944,02	1617,90
944,20	1673,19
944,37	1564,65
944,54	1642,47
944,71	1650,66
944,89	1566,70
945,06	1540,07
945,23	1548,26
945,40	1642,47
945,58	1587,18
945,75	1482,73
945,92	1662,95
946,09	1665,00
946,27	1681,38
946,44	1603,56
946,61	1691,62
946,78	1615,85
946,95	1523,69
947,13	1548,26
947,30	1593,32
947,47	1581,03
947,64	1675,24
947,82	1519,59
947,99	1552,36
948,16	1593,32
948,33	1626,09
948,50	1601,51
948,68	1708,01
948,85	1624,04
949,02	1656,81
949,19	1533,93
949,36	1615,85
949,54	1607,66
949,71	1732,58
949,88	1576,94
950,05	1648,61
950,22	1609,70
950,40	1640,42
950,57	1562,60
950,74	1693,67
950,91	1693,67
951,08	1597,42
951,26	1654,76
951,43	1607,66
951,60	1621,99
951,77	1679,33
951,94	1656,81
952,11	1632,23
952,29	1671,14
952,46	1523,69
952,63	1677,29
952,80	1679,33
952,97	1691,62
953,15	1587,18
953,32	1538,02
953,49	1533,93
953,66	1654,76
953,83	1570,79
954,00	1531,88
954,17	1613,80
954,35	1726,44
954,52	1544,17
954,69	1636,33
954,86	1720,29
955,03	1693,67
955,20	1558,50
955,38	1583,08
955,55	1605,61
955,72	1648,61
955,89	1587,18
956,06	1611,75
956,23	1535,98
956,40	1654,76
956,58	1513,45
956,75	1574,89
956,92	1560,55
957,09	1527,78
957,26	1644,52
957,43	1626,09
957,60	1613,80
957,77	1599,46
957,95	1570,79
958,12	1669,09
958,29	1650,66
958,46	1681,38
958,63	1564,65
958,80	1587,18
958,97	1652,71
959,14	1662,95
959,31	1570,79
959,49	1562,60
959,66	1533,93
959,83	1562,60
960,00	1654,76
960,17	1667,05
960,34	1683,43
960,51	1542,12
960,68	1699,81
960,85	1683,43
961,02	1572,84
961,20	1681,38
961,37	1568,74
961,54	1697,77
961,71	1609,70
961,88	1572,84
962,05	1535,98
962,22	1738,73
962,39	1601,51
962,56	1613,80
962,73	1640,42
962,90	1599,46
963,07	1638,38
963,24	1660,90
963,42	1593,32
963,59	1630,18
963,76	1632,23
963,93	1703,91
964,10	1650,66
964,27	1591,27
964,44	1566,70
964,61	1726,44
964,78	1581,03
964,95	1599,46
965,12	1570,79
965,29	1673,19
965,46	1562,60
965,63	1681,38
965,80	1603,56
965,97	1531,88
966,14	1621,99
966,31	1689,57
966,48	1667,05
966,66	1673,19
966,83	1624,04
967,00	1626,09
967,17	1705,96
967,34	1640,42
967,51	1660,90
967,68	1656,81
967,85	1550,31
968,02	1681,38
968,19	1662,95
968,36	1638,38
968,53	1505,26
968,70	1556,46
968,87	1570,79
969,04	1691,62
969,21	1548,26
969,38	1787,88
969,55	1628,14
969,72	1642,47
969,89	1734,63
970,06	1658,85
970,23	1652,71
970,40	1714,15
970,57	1562,60
970,74	1609,70
970,91	1603,56
971,08	1593,32
971,25	1492,97
971,42	1601,51
971,59	1560,55
971,76	1619,94
971,93	1560,55
972,10	1605,61
972,27	1603,56
972,44	1583,08
972,61	1699,81
972,78	1509,35
972,95	1687,53
973,12	1624,04
973,29	1603,56
973,46	1607,66
973,63	1617,90
973,80	1703,91
973,97	1640,42
974,14	1638,38
974,30	1710,05
974,47	1761,25
974,64	1669,09
974,81	1605,61
974,98	1724,39
975,15	1654,76
975,32	1654,76
975,49	1613,80
975,66	1581,03
975,83	1697,77
976,00	1751,01
976,17	1615,85
976,34	1615,85
976,51	1593,32
976,68	1574,89
976,85	1617,90
977,02	1644,52
977,19	1636,33
977,36	1556,46
977,52	1736,68
977,69	1581,03
977,86	1675,24
978,03	1626,09
978,20	1671,14
978,37	1626,09
978,54	1634,28
978,71	1671,14
978,88	1710,05
979,05	1505,26
979,22	1603,56
979,39	1599,46
979,56	1638,38
979,72	1576,94
979,89	1646,57
980,06	1675,24
980,23	1759,21
980,40	1662,95
980,57	1509,35
980,74	1601,51
980,91	1603,56
981,08	1630,18
981,25	1654,76
981,41	1626,09
981,58	1591,27
981,75	1503,21
981,92	1667,05
982,09	1621,99
982,26	1525,74
982,43	1509,35
982,60	1728,49
982,77	1585,13
982,93	1638,38
983,10	1601,51
983,27	1599,46
983,44	1632,23
983,61	1728,49
983,78	1675,24
983,95	1517,54
984,11	1509,35
984,28	1732,58
984,45	1619,94
984,62	1517,54
984,79	1665,00
984,96	1665,00
985,13	1578,98
985,30	1683,43
985,46	1581,03
985,63	1648,61
985,80	1693,67
985,97	1624,04
986,14	1564,65
986,31	1624,04
986,47	1601,51
986,64	1640,42
986,81	1626,09
986,98	1578,98
987,15	1611,75
987,32	1568,74
987,48	1595,37
987,65	1593,32
987,82	1570,79
987,99	1634,28
988,16	1867,75
988,33	1687,53
988,49	1662,95
988,66	1667,05
988,83	1632,23
989,00	1697,77
989,17	1576,94
989,34	1640,42
989,50	1642,47
989,67	1576,94
989,84	1562,60
990,01	1673,19
990,18	1626,09
990,34	1587,18
990,51	1617,90
990,68	1593,32
990,85	1753,06
991,02	1646,57
991,18	1556,46
991,35	1568,74
991,52	1630,18
991,69	1548,26
991,86	1628,14
992,02	1619,94
992,19	1570,79
992,36	1589,22
992,53	1634,28
992,69	1583,08
992,86	1597,42
993,03	1712,10
993,20	1540,07
993,37	1640,42
993,53	1679,33
993,70	1572,84
993,87	1564,65
994,04	1576,94
994,20	1564,65
994,37	1593,32
994,54	1587,18
994,71	1515,50
994,87	1601,51
995,04	1689,57
995,21	1621,99
995,38	1568,74
995,55	1595,37
995,71	1638,38
995,88	1685,48
996,05	1621,99
996,22	1675,24
996,38	1621,99
996,55	1621,99
996,72	1560,55
996,88	1736,68
997,05	2527,19
997,22	1550,31
997,39	1574,89
997,55	1708,01
997,72	1656,81
997,89	1619,94
998,06	1617,90
998,22	1648,61
998,39	1593,32
998,56	1495,02
998,73	1597,42
998,89	1693,67
999,06	1599,46
999,23	1583,08
999,39	1689,57
999,56	1613,80
999,73	1527,78
999,90	1538,02
1000,06	1695,72
1000,23	1693,67
1000,40	1697,77
1000,56	1642,47
1000,73	1552,36
1000,90	1554,41
1001,06	1603,56
1001,23	1624,04
1001,40	1714,15
1001,57	1628,14
1001,73	1529,83
1001,90	1515,50
1002,07	1554,41
1002,23	1591,27
1002,40	1595,37
1002,57	1515,50
1002,73	1599,46
1002,90	1560,55
1003,07	1665,00
1003,23	1566,70
1003,40	1646,57
1003,57	1581,03
1003,73	1576,94
1003,90	1683,43
1004,07	1583,08
1004,23	1648,61
1004,40	1644,52
1004,57	1556,46
1004,73	1595,37
1004,90	1585,13
1005,07	1599,46
1005,23	1679,33
1005,40	1566,70
1005,57	1630,18
1005,73	1669,09
1005,90	1492,97
1006,07	1728,49
1006,23	1615,85
1006,40	1517,54
1006,57	1529,83
1006,73	1636,33
1006,90	1503,21
1007,06	1562,60
1007,23	1507,30
1007,40	1583,08
1007,56	1679,33
1007,73	1681,38
1007,90	1589,22
1008,06	1636,33
1008,23	1636,33
1008,40	1634,28
1008,56	1605,61
1008,73	1556,46
1008,89	1568,74
1009,06	1818,60
1009,23	1546,22
1009,39	1521,64
1009,56	1642,47
1009,72	1673,19
1009,89	1650,66
1010,06	1556,46
1010,22	1583,08
1010,39	1550,31
1010,55	1662,95
1010,72	1673,19
1010,89	1581,03
1011,05	1701,86
1011,22	1540,07
1011,38	1589,22
1011,55	1603,56
1011,72	1497,07
1011,88	1574,89
1012,05	1636,33
1012,21	1638,38
1012,38	1613,80
1012,55	1615,85
1012,71	1460,20
1012,88	1613,80
1013,04	1613,80
1013,21	1560,55
1013,37	1667,05
1013,54	1595,37
1013,71	1617,90
1013,87	1662,95
1014,04	1646,57
1014,20	1662,95
1014,37	1607,66
1014,53	1609,70
1014,70	1511,40
1014,87	1617,90
1015,03	1667,05
1015,20	1552,36
1015,36	1619,94
1015,53	1560,55
1015,69	1564,65
1015,86	1595,37
1016,02	1658,85
1016,19	1681,38
1016,36	1585,13
1016,52	1531,88
1016,69	1673,19
1016,85	1589,22
1017,02	1599,46
1017,18	1538,02
1017,35	1624,04
1017,51	1636,33
1017,68	1638,38
1017,84	1490,92
1018,01	1564,65
1018,17	1636,33
1018,34	1669,09
1018,50	1540,07
1018,67	1642,47
1018,84	1621,99
1019,00	1548,26
1019,17	1566,70
1019,33	1617,90
1019,50	1630,18
1019,66	1654,76
1019,83	1556,46
1019,99	1695,72
1020,16	1548,26
1020,32	1501,16
1020,49	1665,00
1020,65	1613,80
1020,82	1560,55
1020,98	1648,61
1021,15	1529,83
1021,31	1617,90
1021,48	1583,08
1021,64	1560,55
1021,81	1669,09
1021,97	1605,61
1022,14	1626,09
1022,30	1677,29
1022,47	1615,85
1022,63	1562,60
1022,79	1640,42
1022,96	1605,61
1023,12	1548,26
1023,29	1566,70
1023,45	1695,72
1023,62	1630,18
1023,78	1699,81
1023,95	1564,65
1024,11	1589,22
1024,28	1572,84
1024,44	1548,26
1024,61	1490,92
1024,77	1648,61
1024,94	1648,61
1025,10	1538,02
1025,26	1599,46
1025,43	1626,09
1025,59	1593,32
1025,76	1562,60
1025,92	1646,57
1026,09	1570,79
1026,25	1679,33
1026,42	1484,78
1026,58	1617,90
1026,74	1665,00
1026,91	1681,38
1027,07	1609,70
1027,24	1667,05
1027,40	1583,08
1027,57	1601,51
1027,73	1601,51
1027,90	1675,24
1028,06	1615,85
1028,22	1564,65
1028,39	1581,03
1028,55	1642,47
1028,72	1640,42
1028,88	1759,21
1029,04	1550,31
1029,21	1540,07
1029,37	1593,32
1029,54	1636,33
1029,70	1550,31
1029,87	1540,07
1030,03	1499,11
1030,19	1638,38
1030,36	1621,99
1030,52	1572,84
1030,69	1531,88
1030,85	1550,31
1031,01	1611,75
1031,18	1552,36
1031,34	1669,09
1031,50	1605,61
1031,67	1556,46
1031,83	1527,78
1032,00	1587,18
1032,16	1632,23
1032,32	1566,70
1032,49	1660,90
1032,65	1662,95
1032,82	1665,00
1032,98	1566,70
1033,14	1546,22
1033,31	1646,57
1033,47	1640,42
1033,63	1546,22
1033,80	1669,09
1033,96	1511,40
1034,13	1595,37
1034,29	1681,38
1034,45	1624,04
1034,62	1572,84
1034,78	1636,33
1034,94	1556,46
1035,11	1677,29
1035,27	1540,07
1035,43	1589,22
1035,60	1632,23
1035,76	1509,35
1035,92	1544,17
1036,09	1597,42
1036,25	1617,90
1036,41	1570,79
1036,58	1716,20
1036,74	1689,57
1036,90	1525,74
1037,07	1646,57
1037,23	1636,33
1037,39	1650,66
1037,56	1564,65
1037,72	1599,46
1037,88	1634,28
1038,05	1570,79
1038,21	1634,28
1038,37	1619,94
1038,54	1593,32
1038,70	1662,95
1038,86	1589,22
1039,03	1626,09
1039,19	1609,70
1039,35	1486,83
1039,52	1486,83
1039,68	1546,22
1039,84	1540,07
1040,00	1681,38
1040,17	1542,12
1040,33	1544,17
1040,49	1572,84
1040,66	1564,65
1040,82	1525,74
1040,98	1564,65
1041,15	1554,41
1041,31	1574,89
1041,47	1540,07
1041,63	1472,49
1041,80	1576,94
1041,96	1630,18
1042,12	1589,22
1042,29	1695,72
1042,45	1636,33
1042,61	1617,90
1042,77	1687,53
1042,94	1615,85
1043,10	1791,97
1043,26	1556,46
1043,42	1513,45
1043,59	1601,51
1043,75	1626,09
1043,91	1546,22
1044,07	1624,04
1044,24	1546,22
1044,40	1585,13
