345,22	1390,57
345,44	1390,57
345,66	1390,57
345,88	1351,66
346,10	1372,14
346,32	1669,09
346,54	1576,94
346,75	1531,88
346,97	1499,11
347,19	1585,13
347,41	1581,03
347,63	1566,70
347,85	1482,73
348,07	1581,03
348,29	1687,53
348,51	1560,55
348,73	1576,94
348,95	1548,26
349,16	1601,51
349,38	1568,74
349,60	1648,61
349,82	1638,38
350,04	1574,89
350,26	1644,52
350,48	1572,84
350,70	1656,81
350,92	1517,54
351,14	1605,61
351,35	1624,04
351,57	1533,93
351,79	1654,76
352,01	1460,20
352,23	1482,73
352,45	1572,84
352,67	1665,00
352,89	1521,64
353,10	1568,74
353,32	1527,78
353,54	1603,56
353,76	1642,47
353,98	1656,81
354,20	1601,51
354,42	1566,70
354,64	1646,57
354,85	1636,33
355,07	1554,41
355,29	1572,84
355,51	1499,11
355,73	1587,18
355,95	1558,50
356,17	1617,90
356,38	1572,84
356,60	1583,08
356,82	1636,33
357,04	1583,08
357,26	1589,22
357,48	1613,80
357,69	1667,05
357,91	1523,69
358,13	1658,85
358,35	1679,33
358,57	1560,55
358,79	1603,56
359,01	1591,27
359,22	1634,28
359,44	1581,03
359,66	1646,57
359,88	1525,74
360,10	1578,98
360,32	1554,41
360,53	1558,50
360,75	1652,71
360,97	1634,28
361,19	1638,38
361,41	1640,42
361,62	1542,12
361,84	1667,05
362,06	1585,13
362,28	1605,61
362,50	1656,81
362,72	1652,71
362,93	1503,21
363,15	1576,94
363,37	1568,74
363,59	1558,50
363,81	1484,78
364,02	1665,00
364,24	1525,74
364,46	1566,70
364,68	1521,64
364,90	1722,34
365,11	1652,71
365,33	1714,15
365,55	1511,40
365,77	1617,90
365,99	1486,83
366,20	1685,48
366,42	1626,09
366,64	1595,37
366,86	1542,12
367,07	1529,83
367,29	1492,97
367,51	1499,11
367,73	1511,40
367,95	1662,95
368,16	1556,46
368,38	1681,38
368,60	1671,14
368,82	1566,70
369,03	1636,33
369,25	1642,47
369,47	1501,16
369,69	1533,93
369,91	1587,18
370,12	1556,46
370,34	1576,94
370,56	1562,60
370,78	1630,18
370,99	1679,33
371,21	1605,61
371,43	1574,89
371,65	1552,36
371,86	1564,65
372,08	1779,68
372,30	1581,03
372,52	1599,46
372,73	1578,98
372,95	1621,99
373,17	1626,09
373,39	1558,50
373,60	1568,74
373,82	1591,27
374,04	1533,93
374,26	1654,76
374,47	1591,27
374,69	1601,51
374,91	1648,61
375,12	1585,13
375,34	1583,08
375,56	1556,46
375,78	1585,13
375,99	1562,60
376,21	1658,85
376,43	1677,29
376,65	1679,33
376,86	1638,38
377,08	1603,56
377,30	1701,86
377,51	1585,13
377,73	1538,02
377,95	1523,69
378,17	1572,84
378,38	1517,54
378,60	1658,85
378,82	1662,95
379,03	1654,76
379,25	1636,33
379,47	1656,81
379,68	1507,30
379,90	1548,26
380,12	1517,54
380,34	1529,83
380,55	1642,47
380,77	1628,14
380,99	1587,18
381,20	1671,14
381,42	1564,65
381,64	1550,31
381,85	1585,13
382,07	1638,38
382,29	1603,56
382,50	1636,33
382,72	1624,04
382,94	1554,41
383,15	1595,37
383,37	1546,22
383,59	1574,89
383,80	1525,74
384,02	1599,46
384,24	1607,66
384,45	1748,97
384,67	1683,43
384,89	1548,26
385,10	1492,97
385,32	1638,38
385,54	1566,70
385,75	1562,60
385,97	1642,47
386,19	1701,86
386,40	1611,75
386,62	1611,75
386,84	1558,50
387,05	1554,41
387,27	1556,46
387,49	1581,03
387,70	1605,61
387,92	1687,53
388,14	1546,22
388,35	1613,80
388,57	1527,78
388,79	1613,80
389,00	1605,61
389,22	1550,31
389,43	1562,60
389,65	1619,94
389,87	1609,70
390,08	1531,88
390,30	1654,76
390,52	1640,42
390,73	1609,70
390,95	1490,92
391,17	1550,31
391,38	1554,41
391,60	1712,10
391,81	1624,04
392,03	1554,41
392,25	1499,11
392,46	1429,48
392,68	1689,57
392,89	1646,57
393,11	1570,79
393,33	1636,33
393,54	1548,26
393,76	1638,38
393,98	1636,33
394,19	1638,38
394,41	1556,46
394,62	1525,74
394,84	1599,46
395,06	1558,50
395,27	1583,08
395,49	1521,64
395,70	1689,57
395,92	1550,31
396,13	1550,31
396,35	1615,85
396,57	1599,46
396,78	1558,50
397,00	1509,35
397,21	1583,08
397,43	1634,28
397,65	1587,18
397,86	1540,07
398,08	1609,70
398,29	1691,62
398,51	1548,26
398,72	1619,94
398,94	1710,05
399,16	1699,81
399,37	1552,36
399,59	1632,23
399,80	1589,22
400,02	1542,12
400,23	1605,61
400,45	1687,53
400,67	1630,18
400,88	1599,46
401,10	1621,99
401,31	1572,84
401,53	1597,42
401,74	1597,42
401,96	1587,18
402,17	1521,64
402,39	1593,32
402,61	1554,41
402,82	1677,29
403,04	1638,38
403,25	1583,08
403,47	1613,80
403,68	1605,61
403,90	1652,71
404,11	1525,74
404,33	1525,74
404,54	1599,46
404,76	1619,94
404,97	1609,70
405,19	1667,05
405,41	1597,42
405,62	1634,28
405,84	1558,50
406,05	1681,38
406,27	1513,45
406,48	1611,75
406,70	1601,51
406,91	1621,99
407,13	1626,09
407,34	1591,27
407,56	1724,39
407,77	1630,18
407,99	1593,32
408,20	1708,01
408,42	1535,98
408,63	1597,42
408,85	1601,51
409,06	1595,37
409,28	1789,92
409,49	1591,27
409,71	1595,37
409,92	1593,32
410,14	1615,85
410,35	1679,33
410,57	1607,66
410,78	1585,13
411,00	1638,38
411,21	1728,49
411,43	1705,96
411,64	1601,51
411,86	1605,61
412,07	1697,77
412,29	1626,09
412,50	1599,46
412,72	1662,95
412,93	1718,25
413,15	1640,42
413,36	1574,89
413,58	1667,05
413,79	1660,90
414,01	1681,38
414,22	1662,95
414,43	1708,01
414,65	1624,04
414,86	1597,42
415,08	1654,76
415,29	1581,03
415,51	1583,08
415,72	1665,00
415,94	1593,32
416,15	1687,53
416,37	1689,57
416,58	1544,17
416,80	1601,51
417,01	1630,18
417,22	1677,29
417,44	1615,85
417,65	1638,38
417,87	1746,92
418,08	1769,44
418,30	1601,51
418,51	1662,95
418,73	1585,13
418,94	1566,70
419,15	1673,19
419,37	1662,95
419,58	1593,32
419,80	1640,42
420,01	1669,09
420,23	1634,28
420,44	1654,76
420,65	1677,29
420,87	1679,33
421,08	1691,62
421,30	1769,44
421,51	1632,23
421,73	1587,18
421,94	1650,66
422,15	1603,56
422,37	1630,18
422,58	1501,16
422,80	1669,09
423,01	1564,65
423,22	1681,38
423,44	1642,47
423,65	1677,29
423,87	1572,84
424,08	1771,49
424,29	1642,47
424,51	1595,37
424,72	1613,80
424,94	1574,89
425,15	1619,94
425,36	1746,92
425,58	1699,81
425,79	1712,10
426,01	1748,97
426,22	1716,20
426,43	1773,54
426,65	1613,80
426,86	1701,86
427,08	1816,55
427,29	1634,28
427,50	1599,46
427,72	1681,38
427,93	1619,94
428,14	1685,48
428,36	1681,38
428,57	1679,33
428,79	1662,95
429,00	1699,81
429,21	1644,52
429,43	1785,83
429,64	1703,91
429,85	1755,11
430,07	1716,20
430,28	1699,81
430,49	1775,59
430,71	1701,86
430,92	1763,30
431,14	1789,92
431,35	1767,40
431,56	1796,07
431,78	1771,49
431,99	1746,92
432,20	1800,16
432,42	1730,53
432,63	1763,30
432,84	1759,21
433,06	1742,82
433,27	1853,41
433,48	1773,54
433,70	1753,06
433,91	1849,32
434,12	1740,77
434,34	1857,51
434,55	1937,38
434,76	1837,03
434,98	1880,04
435,19	1837,03
435,40	1771,49
435,62	1794,02
435,83	1929,19
436,04	1857,51
436,26	1853,41
436,47	1781,73
436,68	1777,64
436,90	1849,32
437,11	1812,45
437,32	1796,07
437,54	1865,70
437,75	1830,88
437,96	1918,95
438,17	1996,77
438,39	1843,17
438,60	1970,15
438,81	1918,95
439,03	2015,20
439,24	1951,71
439,45	2084,83
439,67	1943,52
439,88	1935,33
440,09	1988,58
440,30	1982,43
440,52	2009,06
440,73	1884,13
440,94	2015,20
441,16	1935,33
441,37	2039,78
441,58	1970,15
441,80	2021,35
442,01	1978,34
442,22	2148,32
442,43	1898,47
442,65	2103,26
442,86	2037,73
443,07	2029,54
443,28	1949,67
443,50	2093,02
443,71	2189,28
443,92	2039,78
444,14	2052,06
444,35	2144,22
444,56	2054,11
444,77	2066,40
444,99	2088,93
445,20	2109,41
445,41	2195,42
445,62	2041,82
445,84	2176,99
446,05	2127,84
446,26	2205,66
446,47	2232,29
446,69	2058,21
446,90	2043,87
447,11	2181,09
447,32	2076,64
447,54	2062,30
447,75	2019,30
447,96	2099,17
448,17	2047,97
448,39	2090,98
448,60	2056,16
448,81	2099,17
449,02	2152,42
449,23	2058,21
449,45	2146,27
449,66	2066,40
449,87	2041,82
450,08	2066,40
450,30	2058,21
450,51	2062,30
450,72	2080,74
450,93	2007,01
451,15	2103,26
451,36	2064,35
451,57	2146,27
451,78	2060,26
451,99	2129,89
452,21	2084,83
452,42	2029,54
452,63	2080,74
452,84	1937,38
453,05	2060,26
453,27	1986,53
453,48	2154,46
453,69	1972,19
453,90	2117,60
454,11	1974,24
454,33	1980,39
454,54	1914,85
454,75	2056,16
454,96	1978,34
455,17	2058,21
455,39	2009,06
455,60	2072,54
455,81	2117,60
456,02	2037,73
456,23	2035,68
456,45	1988,58
456,66	1957,86
456,87	2025,44
457,08	2119,65
457,29	2074,59
457,50	1855,46
457,72	1943,52
457,93	1978,34
458,14	1978,34
458,35	1941,47
458,56	2013,15
458,77	1896,42
458,99	1970,15
459,20	1957,86
459,41	1933,28
459,62	1968,10
459,83	1943,52
460,04	1949,67
460,26	1959,91
460,47	1845,22
460,68	1910,75
460,89	1855,46
461,10	1964,00
461,31	1968,10
461,52	1923,04
461,74	1945,57
461,95	1859,56
462,16	1877,99
462,37	1933,28
462,58	1896,42
462,79	1947,62
463,00	1933,28
463,22	2031,58
463,43	1959,91
463,64	1927,14
463,85	1890,28
464,06	1972,19
464,27	1931,23
464,48	1937,38
464,70	1912,80
464,91	1964,00
465,12	1978,34
465,33	1961,95
465,54	2101,22
465,75	1886,18
465,96	1968,10
466,17	1875,94
466,38	1914,85
466,60	1908,71
466,81	1904,61
467,02	1966,05
467,23	1884,13
467,44	1959,91
467,65	1867,75
467,86	2023,39
468,07	1945,57
468,28	1937,38
468,50	1916,90
468,71	1961,95
468,92	1933,28
469,13	1867,75
469,34	1933,28
469,55	1916,90
469,76	1828,84
469,97	1982,43
470,18	1912,80
470,39	1945,57
470,60	1865,70
470,82	1916,90
471,03	1841,12
471,24	1898,47
471,45	1972,19
471,66	1906,66
471,87	1933,28
472,08	1859,56
472,29	1966,05
472,50	1867,75
472,71	1816,55
472,92	1943,52
473,13	1910,75
473,34	2004,96
473,55	1959,91
473,77	1941,47
473,98	1939,43
474,19	1959,91
474,40	1875,94
474,61	1939,43
474,82	1861,60
475,03	1941,47
475,24	1920,99
475,45	2007,01
475,66	2054,11
475,87	1914,85
476,08	1974,24
476,29	2025,44
476,50	2031,58
476,71	2078,69
476,92	1990,63
477,13	2050,02
477,34	1949,67
477,55	1992,67
477,76	1966,05
477,97	1923,04
478,18	1982,43
478,40	1929,19
478,61	2058,21
478,82	1931,23
479,03	2023,39
479,24	2009,06
479,45	2037,73
479,66	2131,94
479,87	2133,98
480,08	1972,19
480,29	2021,35
480,50	2119,65
480,71	2023,39
480,92	2027,49
481,13	2004,96
481,34	2060,26
481,55	1998,82
481,76	2033,63
481,97	2019,30
482,18	2097,12
482,39	1890,28
482,60	2084,83
482,81	2017,25
483,02	2004,96
483,23	2160,61
483,44	2093,02
483,65	2080,74
483,86	2146,27
484,07	2144,22
484,28	2162,66
484,49	2199,52
484,70	2121,70
484,91	2045,92
485,12	2115,55
485,33	2060,26
485,54	2193,37
485,75	2133,98
485,96	2086,88
486,17	2084,83
486,38	2033,63
486,59	2133,98
486,80	2162,66
487,01	2164,70
487,21	2148,32
487,42	2086,88
487,63	2246,62
487,84	2185,18
488,05	2201,57
488,26	2306,01
488,47	2240,48
488,68	2084,83
488,89	2215,90
489,10	2070,50
489,31	2195,42
489,52	2209,76
489,73	2246,62
489,94	2342,88
490,15	2205,66
490,36	2342,88
490,57	2203,61
490,78	2250,72
490,99	2379,74
491,20	2195,42
491,41	2260,96
491,61	2379,74
491,82	2369,50
492,03	2369,50
492,24	2344,92
492,45	2291,68
492,66	2334,68
492,87	2328,54
493,08	2326,49
493,29	2285,53
493,50	2263,01
493,71	2318,30
493,92	2353,12
494,13	2359,26
494,34	2408,41
494,54	2340,83
494,75	2467,80
494,96	2611,16
495,17	2406,36
495,38	2303,96
495,59	2295,77
495,80	2340,83
496,01	2412,51
496,22	2361,31
496,43	2379,74
496,64	2351,07
496,84	2351,07
497,05	2443,23
497,26	2494,43
497,47	2435,03
497,68	2451,42
497,89	2371,55
498,10	2480,09
498,31	2613,21
498,52	2537,43
498,72	2455,51
498,93	2559,96
499,14	2535,39
499,35	2447,32
499,56	2508,76
499,77	2406,36
499,98	2564,06
500,19	2562,01
500,40	2498,52
500,60	2410,46
500,81	2635,74
501,02	2541,53
501,23	2643,93
501,44	2607,06
501,65	2494,43
501,86	2428,89
502,06	2570,20
502,27	2631,64
502,48	2512,86
502,69	2686,94
502,90	2654,17
503,11	2557,91
503,32	2607,06
503,53	2639,83
503,73	2650,07
503,94	2637,78
504,15	2656,22
504,36	2740,18
504,57	2703,32
504,78	2654,17
504,98	2672,60
505,19	2574,30
505,40	2664,41
505,61	2568,15
505,82	2617,30
506,03	2662,36
506,23	2621,40
506,44	2715,61
506,65	2731,99
506,86	2693,08
507,07	2756,57
507,28	2676,70
507,48	2691,03
507,69	2645,98
507,90	2676,70
508,11	2668,50
508,32	2770,90
508,53	2764,76
508,73	2750,42
508,94	2691,03
509,15	2789,33
509,36	2695,13
509,57	2662,36
509,77	2799,57
509,98	2787,29
510,19	2729,94
510,40	2818,00
510,61	2715,61
510,81	2856,92
511,02	2873,30
511,23	2756,57
511,44	2797,53
511,65	2666,46
511,85	2824,15
512,06	2850,77
512,27	2818,00
512,48	2789,33
512,69	2883,54
512,89	2764,76
513,10	2865,11
513,31	2809,81
513,52	2881,49
513,73	2809,81
513,93	2918,36
514,14	2998,23
514,35	2944,98
514,56	2840,53
514,76	2951,12
514,97	2861,01
515,18	2957,27
515,39	2727,89
515,60	2918,36
515,80	2850,77
516,01	2910,16
516,22	2899,92
516,43	2832,34
516,63	2926,55
516,84	2936,79
517,05	2785,24
517,26	3022,80
517,46	2953,17
517,67	2916,31
517,88	2953,17
518,09	2969,55
518,29	2953,17
518,50	2953,17
518,71	2912,21
518,92	3030,99
519,12	2963,41
519,33	2944,98
519,54	2885,59
519,75	3094,48
519,95	2959,31
520,16	2871,25
520,37	2795,48
520,57	2942,93
520,78	3106,77
520,99	2971,60
521,20	2949,08
521,40	2881,49
521,61	3004,37
521,82	2928,60
522,03	2879,44
522,23	3026,90
522,44	3012,56
522,65	2930,64
522,85	2916,31
523,06	2893,78
523,27	3065,81
523,48	3174,35
523,68	3037,14
523,89	3041,23
524,10	3043,28
524,30	2975,70
524,51	2936,79
524,72	3000,27
524,93	2985,94
525,13	3047,38
525,34	2934,74
525,55	3049,43
525,75	3082,19
525,96	3108,82
526,17	3135,44
526,37	3078,10
526,58	3057,62
526,79	3030,99
526,99	2992,08
527,20	3074,00
527,41	2936,79
527,62	3014,61
527,82	3039,19
528,03	2983,89
528,24	3063,76
528,44	3131,34
528,65	2981,84
528,86	3063,76
529,06	3008,47
529,27	3026,90
529,48	3039,19
529,68	3168,21
529,89	3182,54
530,10	3174,35
530,30	3125,20
530,51	3030,99
530,72	2985,94
530,92	3053,52
531,13	2951,12
531,34	3047,38
531,54	3108,82
531,75	3182,54
531,96	3200,98
532,16	3096,53
532,37	3186,64
532,57	3071,95
532,78	3133,39
532,99	3063,76
533,19	3180,50
533,40	3186,64
533,61	3127,25
533,81	3270,61
534,02	3190,74
534,23	3117,01
534,43	3108,82
534,64	3117,01
534,84	3289,04
535,05	3137,49
535,26	3168,21
535,46	3252,17
535,67	3174,35
535,88	3033,04
536,08	3131,34
536,29	2987,99
536,49	3110,86
536,70	3121,10
536,91	3084,24
537,11	3164,11
537,32	3074,00
537,53	3082,19
537,73	3209,17
537,94	3090,38
538,14	3127,25
538,35	3141,58
538,56	3135,44
538,76	3112,91
538,97	3137,49
539,17	3100,62
539,38	3231,69
539,59	3250,13
539,79	3190,74
540,00	3215,31
540,20	3151,82
540,41	3194,83
540,62	3200,98
540,82	3192,78
541,03	3270,61
541,23	3211,22
541,44	3141,58
541,64	3274,70
541,85	3012,56
542,06	3069,91
542,26	3151,82
542,47	3268,56
542,67	3235,79
542,88	3297,23
543,08	3219,41
543,29	3262,41
543,50	3276,75
543,70	3225,55
543,91	3168,21
544,11	3250,13
544,32	3229,65
544,52	3266,51
544,73	3151,82
544,94	3215,31
545,14	3164,11
545,35	3143,63
545,55	3276,75
545,76	3235,79
545,96	3250,13
546,17	3172,30
546,37	3211,22
546,58	3266,51
546,78	3080,14
546,99	3145,68
547,20	3342,28
547,40	3311,57
547,61	3188,69
547,81	3182,54
548,02	3182,54
548,22	3276,75
548,43	3381,20
548,63	3332,05
548,84	3342,28
549,04	3194,83
549,25	3037,14
549,45	3155,92
549,66	3164,11
549,86	3264,46
550,07	3194,83
550,27	3200,98
550,48	3297,23
550,69	3252,17
550,89	3289,04
551,10	3235,79
551,30	3358,67
551,51	3254,22
551,71	3192,78
551,92	3174,35
552,12	3252,17
552,33	3260,37
552,53	3213,26
552,74	3248,08
552,94	3211,22
553,15	3178,45
553,35	3268,56
553,56	3096,53
553,76	3151,82
553,97	3239,89
554,17	3186,64
554,38	3223,50
554,58	3162,06
554,79	3231,69
554,99	3131,34
555,19	3106,77
555,40	3223,50
555,60	3184,59
555,81	3227,60
556,01	3231,69
556,22	3313,61
556,42	3293,13
556,63	3123,15
556,83	3237,84
557,04	3178,45
557,24	3284,94
557,45	3237,84
557,65	3162,06
557,86	3192,78
558,06	3260,37
558,27	3207,12
558,47	3117,01
558,67	3217,36
558,88	3119,06
559,08	3211,22
559,29	3209,17
559,49	3276,75
559,70	3278,80
559,90	3209,17
560,11	3209,17
560,31	3153,87
560,52	3164,11
560,72	3223,50
560,92	3262,41
561,13	3334,09
561,33	3293,13
561,54	3239,89
561,74	3149,78
561,95	3217,36
562,15	3362,76
562,35	3209,17
562,56	3313,61
562,76	3166,16
562,97	3260,37
563,17	3176,40
563,38	3284,94
563,58	3112,91
563,78	3223,50
563,99	3229,65
564,19	3184,59
564,40	3231,69
564,60	3223,50
564,80	3282,89
565,01	3235,79
565,21	3252,17
565,42	3315,66
565,62	3209,17
565,83	3342,28
566,03	3377,10
566,23	3295,18
566,44	3258,32
566,64	3149,78
566,85	3301,33
567,05	3274,70
567,25	3196,88
567,46	3360,72
567,66	3262,41
567,86	3317,71
568,07	3211,22
568,27	3334,09
568,48	3145,68
568,68	3266,51
568,88	3254,22
569,09	3293,13
569,29	3272,65
569,50	3227,60
569,70	3260,37
569,90	3276,75
570,11	3258,32
570,31	3174,35
570,51	3254,22
570,72	3258,32
570,92	3381,20
571,13	3250,13
571,33	3180,50
571,53	3172,30
571,74	3243,98
571,94	3186,64
572,14	3297,23
572,35	3211,22
572,55	3221,45
572,75	3229,65
572,96	3395,53
573,16	3280,85
573,36	3237,84
573,57	3315,66
573,77	3264,46
573,97	3237,84
574,18	3217,36
574,38	3299,28
574,59	3405,77
574,79	3178,45
574,99	3217,36
575,20	3168,21
575,40	3174,35
575,60	3354,57
575,81	3350,48
576,01	3319,76
576,21	3213,26
576,42	3200,98
576,62	3182,54
576,82	3160,02
577,02	3207,12
577,23	3241,93
577,43	3420,11
577,63	3295,18
577,84	3137,49
578,04	3229,65
578,24	3190,74
578,45	3188,69
578,65	3168,21
578,85	3254,22
579,06	3309,52
579,26	3319,76
579,46	3198,93
579,67	3276,75
579,87	3379,15
580,07	3276,75
580,27	3174,35
580,48	3276,75
580,68	3262,41
580,88	3307,47
581,09	3268,56
581,29	3198,93
581,49	3209,17
581,69	3209,17
581,90	3188,69
582,10	3147,73
582,30	3192,78
582,51	3227,60
582,71	3229,65
582,91	3192,78
583,11	3209,17
583,32	3147,73
583,52	3217,36
583,72	3104,72
583,93	3301,33
584,13	3213,26
584,33	3178,45
584,53	3209,17
584,74	3319,76
584,94	3137,49
585,14	3127,25
585,34	3227,60
585,55	3196,88
585,75	3176,40
585,95	3125,20
586,15	3090,38
586,36	3200,98
586,56	3198,93
586,76	3145,68
586,96	3026,90
587,17	3151,82
587,37	3123,15
587,57	3028,95
587,77	3157,97
587,98	3250,13
588,18	3139,54
588,38	3071,95
588,58	3215,31
588,79	3178,45
588,99	3063,76
589,19	3084,24
589,39	3215,31
589,60	3145,68
589,80	3338,19
590,00	3139,54
590,20	3119,06
590,40	3121,10
590,61	3106,77
590,81	3053,52
591,01	3145,68
591,21	3059,67
591,42	3069,91
591,62	2979,79
591,82	3119,06
592,02	3196,88
592,22	3192,78
592,43	3063,76
592,63	3180,50
592,83	3155,92
593,03	3090,38
593,23	3160,02
593,44	3018,71
593,64	2961,36
593,84	3117,01
594,04	3047,38
594,24	3037,14
594,45	3141,58
594,65	3033,04
594,85	3157,97
595,05	3008,47
595,25	3057,62
595,46	3129,30
595,66	3151,82
595,86	3074,00
596,06	3055,57
596,26	2938,84
596,46	3080,14
596,67	3057,62
596,87	3127,25
597,07	2983,89
597,27	2973,65
597,47	3030,99
597,67	3082,19
597,88	3069,91
598,08	3112,91
598,28	2998,23
598,48	3227,60
598,68	2951,12
598,88	3135,44
599,09	3149,78
599,29	3026,90
599,49	3082,19
599,69	2963,41
599,89	3061,71
600,09	3030,99
600,30	3039,19
600,50	3035,09
600,70	3051,47
600,90	2985,94
601,10	3065,81
601,30	3039,19
601,50	2967,51
601,71	3141,58
601,91	3004,37
602,11	2987,99
602,31	2994,13
602,51	2942,93
602,71	2955,22
602,91	2967,51
603,11	3041,23
603,32	3051,47
603,52	3030,99
603,72	2973,65
603,92	3008,47
604,12	3033,04
604,32	2854,87
604,52	3028,95
604,72	3026,90
604,93	3000,27
605,13	3030,99
605,33	3069,91
605,53	2930,64
605,73	2930,64
605,93	3076,05
606,13	3030,99
606,33	2985,94
606,53	3010,51
606,74	3024,85
606,94	2899,92
607,14	2981,84
607,34	2920,40
607,54	3020,75
607,74	3022,80
607,94	2863,06
608,14	3074,00
608,34	2934,74
608,54	3047,38
608,74	2965,46
608,95	2924,50
609,15	2936,79
609,35	2832,34
609,55	2877,40
609,75	2942,93
609,95	2959,31
610,15	2916,31
610,35	2953,17
610,55	2924,50
610,75	2893,78
610,95	2885,59
611,15	2893,78
611,35	3030,99
611,55	2979,79
611,76	2963,41
611,96	2891,73
612,16	2959,31
612,36	2934,74
612,56	3067,86
612,76	2975,70
612,96	2869,20
613,16	3055,57
613,36	2996,18
613,56	2854,87
613,76	2893,78
613,96	2709,46
614,16	2768,85
614,36	2865,11
614,56	2865,11
614,76	2887,64
614,96	2881,49
615,16	2842,58
615,36	2779,09
615,56	2867,16
615,76	2811,86
615,97	2822,10
616,17	2871,25
616,37	2891,73
616,57	2836,44
616,77	3020,75
616,97	2932,69
617,17	2787,29
617,37	2904,02
617,57	2744,28
617,77	2813,91
617,97	2967,51
618,17	2777,05
618,37	2912,21
618,57	2861,01
618,77	2893,78
618,97	2811,86
619,17	2824,15
619,37	2899,92
619,57	2723,80
619,77	2756,57
619,97	2863,06
620,17	2906,07
620,37	2805,72
620,57	2725,85
620,77	2865,11
620,97	2856,92
621,17	2826,20
621,37	2764,76
621,57	2822,10
621,77	2752,47
621,97	2789,33
622,17	2709,46
622,37	2754,52
622,57	2863,06
622,77	2822,10
622,97	2715,61
623,17	2742,23
623,37	2791,38
623,57	2848,72
623,77	2760,66
623,97	2750,42
624,16	2664,41
624,36	2629,59
624,56	2645,98
624,76	2670,55
624,96	2703,32
625,16	2707,41
625,36	2705,37
625,56	2711,51
625,76	2670,55
625,96	2660,31
626,16	2654,17
626,36	2734,04
626,56	2879,44
626,76	2703,32
626,96	2551,77
627,16	2699,22
627,36	2578,39
627,56	2693,08
627,76	2682,84
627,96	2639,83
628,16	2797,53
628,35	2766,81
628,55	2637,78
628,75	2707,41
628,95	2625,50
629,15	2672,60
629,35	2588,63
629,55	2639,83
629,75	2736,09
629,95	2715,61
630,15	2756,57
630,35	2598,87
630,55	2664,41
630,75	2639,83
630,95	2711,51
631,14	2582,49
631,34	2535,39
631,54	2676,70
631,74	2680,79
631,94	2619,35
632,14	2543,58
632,34	2617,30
632,54	2672,60
632,74	2629,59
632,94	2559,96
633,14	2650,07
633,33	2510,81
633,53	2596,82
633,73	2631,64
633,93	2639,83
634,13	2572,25
634,33	2543,58
634,53	2605,02
634,73	2656,22
634,93	2568,15
635,12	2529,24
635,32	2547,67
635,52	2631,64
635,72	2512,86
635,92	2492,38
636,12	2611,16
636,32	2566,10
636,52	2551,77
636,71	2529,24
636,91	2637,78
637,11	2594,78
637,31	2641,88
637,51	2504,67
637,71	2596,82
637,91	2506,71
638,11	2512,86
638,30	2463,71
638,50	2568,15
638,70	2586,58
638,90	2463,71
639,10	2590,68
639,30	2519,00
639,50	2525,15
639,69	2537,43
639,89	2400,22
640,09	2519,00
640,29	2506,71
640,49	2475,99
640,69	2480,09
640,88	2478,04
641,08	2361,31
641,28	2629,59
641,48	2492,38
641,68	2402,27
641,88	2445,27
642,07	2426,84
642,27	2469,85
642,47	2519,00
642,67	2553,82
642,87	2531,29
643,07	2609,11
643,26	2404,32
643,46	2533,34
643,66	2410,46
643,86	2559,96
644,06	2453,47
644,26	2488,28
644,45	2426,84
644,65	2432,99
644,85	2389,98
645,05	2443,23
645,25	2562,01
645,44	2443,23
645,64	2443,23
645,84	2443,23
646,04	2453,47
646,24	2435,03
646,43	2555,86
646,63	2457,56
646,83	2428,89
647,03	2516,95
647,23	2492,38
647,42	2475,99
647,62	2342,88
647,82	2316,25
648,02	2334,68
648,22	2461,66
648,41	2404,32
648,61	2379,74
648,81	2486,23
649,01	2482,14
649,20	2615,26
649,40	2355,16
649,60	2617,30
649,80	2324,44
650,00	2453,47
650,19	2293,72
650,39	2392,03
650,59	2439,13
650,79	2406,36
650,98	2379,74
651,18	2363,36
651,38	2389,98
651,58	2432,99
651,77	2414,56
651,97	2371,55
652,17	2367,45
652,37	2426,84
652,56	2385,88
652,76	2371,55
652,96	2340,83
653,16	2383,84
653,35	2320,35
653,55	2383,84
653,75	2355,16
653,95	2471,90
654,14	2369,50
654,34	2273,25
654,54	2424,80
654,74	2412,51
654,93	2394,08
655,13	2340,83
655,33	2396,12
655,52	2387,93
655,72	2398,17
655,92	2306,01
656,12	2353,12
656,31	2453,47
656,51	2392,03
656,71	2353,12
656,91	2404,32
657,10	2373,60
657,30	2318,30
657,50	2396,12
657,69	2432,99
657,89	2426,84
658,09	2461,66
658,29	2396,12
658,48	2359,26
658,68	2346,97
658,88	2473,95
659,07	2482,14
659,27	2430,94
659,47	2473,95
659,66	2453,47
659,86	2412,51
660,06	2467,80
660,26	2424,80
660,45	2502,62
660,65	2588,63
660,85	2467,80
661,04	2418,65
661,24	2568,15
661,44	2416,60
661,63	2408,41
661,83	2605,02
662,03	2502,62
662,22	2496,47
662,42	2496,47
662,62	2553,82
662,81	2473,95
663,01	2541,53
663,21	2523,10
663,40	2533,34
663,60	2580,44
663,80	2486,23
663,99	2623,45
664,19	2441,18
664,39	2688,98
664,58	2529,24
664,78	2602,97
664,98	2424,80
665,17	2471,90
665,37	2588,63
665,57	2547,67
665,76	2605,02
665,96	2592,73
666,16	2611,16
666,35	2666,46
666,55	2537,43
666,74	2680,79
666,94	2658,26
667,14	2543,58
667,33	2684,89
667,53	2709,46
667,73	2678,74
667,92	2664,41
668,12	2625,50
668,32	2703,32
668,51	2627,54
668,71	2715,61
668,90	2648,02
669,10	2637,78
669,30	2650,07
669,49	2824,15
669,69	2754,52
669,89	2693,08
670,08	2707,41
670,28	3022,80
670,47	2721,75
670,67	2824,15
670,87	2820,05
671,06	2770,90
671,26	2916,31
671,45	2736,09
671,65	2815,96
671,85	2813,91
672,04	2840,53
672,24	2865,11
672,43	2863,06
672,63	2936,79
672,83	2799,57
673,02	2893,78
673,22	2850,77
673,41	2832,34
673,61	2926,55
673,81	2990,03
674,00	3088,34
674,20	3010,51
674,39	2953,17
674,59	3000,27
674,78	2998,23
674,98	2990,03
675,18	3114,96
675,37	3049,43
675,57	3106,77
675,76	3174,35
675,96	3033,04
676,15	3139,54
676,35	3211,22
676,55	3184,59
676,74	3205,07
676,94	3227,60
677,13	3157,97
677,33	3362,76
677,52	3256,27
677,72	3254,22
677,91	3076,05
678,11	3243,98
678,31	3325,90
678,50	3286,99
678,70	3385,29
678,89	3450,83
679,09	3391,44
679,28	3379,15
679,48	3514,31
679,67	3473,36
679,87	3461,07
680,06	3733,45
680,26	3663,82
680,46	3719,11
680,65	3674,06
680,85	3694,54
681,04	3631,05
681,24	3831,75
681,43	3645,38
681,63	3721,16
681,82	3936,20
682,02	3766,21
682,21	3782,60
682,41	3934,15
682,60	3837,89
682,80	3915,72
682,99	4048,83
683,19	3919,81
683,38	3938,24
683,58	4034,50
683,77	4085,70
683,97	4089,79
684,16	4235,20
684,36	4059,07
684,55	4239,30
684,75	4339,65
684,94	4399,04
685,14	4360,13
685,33	4368,32
685,53	4259,78
685,72	4544,44
685,92	4587,45
686,11	4493,24
686,31	4489,15
686,50	4669,37
686,70	4614,07
686,89	4724,66
687,09	4728,76
687,28	4820,92
687,48	4855,73
687,67	4902,84
687,87	4861,88
688,06	5087,15
688,26	5097,39
688,45	5140,40
688,65	5013,43
688,84	5271,47
689,03	5181,36
689,23	5160,88
689,42	5410,73
689,62	5523,37
689,81	5517,23
690,01	5527,47
690,20	5445,55
690,40	5672,87
690,59	5885,86
690,79	5664,68
690,98	5863,33
691,17	5967,78
691,37	5861,29
691,56	6010,79
691,76	6152,10
691,95	6213,54
692,15	6172,58
692,34	6242,21
692,54	6279,07
692,73	6428,57
692,92	6494,11
693,12	6367,13
693,31	6649,75
693,51	6703,00
693,70	6778,78
693,90	6832,02
694,09	6920,09
694,28	6991,77
694,48	7174,03
694,67	7337,87
694,87	7427,98
695,06	7399,31
695,26	7569,29
695,45	7755,66
695,64	7667,60
695,84	7817,10
696,03	7749,51
696,23	7915,40
696,42	7864,20
696,61	8081,28
696,81	8023,94
697,00	8173,44
697,20	8423,30
697,39	8531,84
697,58	8525,69
697,78	8781,69
697,97	9049,97
698,17	8968,06
698,36	8898,42
698,55	8859,51
698,75	9348,98
698,94	9547,63
699,14	9439,09
699,33	9623,41
699,52	9791,34
699,72	9777,00
699,91	9979,75
700,10	9994,09
700,30	10166,12
700,49	10084,20
700,69	10364,77
700,88	10692,44
701,07	10751,84
701,27	10739,55
701,46	11134,81
701,65	11099,99
701,85	11294,55
702,04	11544,40
702,23	11767,63
702,43	11894,60
702,62	11769,68
702,82	12060,49
703,01	12293,96
703,20	12386,12
703,40	12402,50
703,59	12427,07
703,78	12941,11
703,98	13133,62
704,17	13178,68
704,36	13389,62
704,56	13414,20
704,75	13694,77
704,94	14075,69
705,14	13973,29
705,33	14214,95
705,52	14468,90
705,72	14552,87
705,91	14712,61
706,10	15011,61
706,30	15501,08
706,49	15486,74
706,68	15779,60
706,88	15888,14
707,07	15836,94
707,26	16082,70
707,46	16666,37
707,65	16666,37
707,84	17092,35
708,04	16723,71
708,23	17186,55
708,42	17399,54
708,62	17813,23
708,81	17958,64
709,00	18271,98
709,19	18329,32
709,39	18689,76
709,58	18765,54
709,77	19089,12
709,97	19375,83
710,16	19592,92
710,35	19769,04
710,55	19984,08
710,74	20422,34
710,93	20571,85
711,12	20977,34
711,32	21360,31
711,51	21262,01
711,70	21857,97
711,90	22191,79
712,09	22163,12
712,28	22365,87
712,47	22845,09
712,67	22910,63
712,86	23228,06
713,05	23396,00
713,24	24051,34
713,44	24264,33
713,63	24520,33
713,82	24737,41
714,02	25163,39
714,21	25360,00
714,40	25730,68
714,59	26089,07
714,79	26472,04
714,98	26656,36
715,17	27289,18
715,36	27360,86
715,56	27709,02
715,75	27715,16
715,94	28278,35
716,13	28624,46
716,33	28851,78
716,52	29146,69
716,71	29558,33
716,90	30180,92
717,10	29861,43
717,29	30651,95
717,48	30969,38
717,67	31481,38
717,87	31692,32
718,06	32050,71
718,25	32022,04
718,44	32335,38
718,63	32992,78
718,83	33209,86
719,02	33555,97
719,21	34117,11
719,40	34373,11
719,60	35020,27
719,79	35184,10
719,98	35137,00
720,17	35605,98
720,36	36128,22
720,56	35962,33
720,75	36425,17
720,94	37010,89
721,13	37076,43
721,33	37535,17
721,52	37760,45
721,71	38229,43
721,90	38374,84
722,09	38483,38
722,29	39005,61
722,48	39171,50
722,67	39869,86
722,86	40074,65
723,05	40275,35
723,24	40447,38
723,44	40965,52
723,63	41371,02
723,82	41573,77
724,01	41897,34
724,20	42061,18
724,40	42239,36
724,59	42642,81
724,78	42614,13
724,97	43150,70
725,16	43367,79
725,35	43791,72
725,55	43853,15
725,74	44408,15
725,93	44072,29
726,12	44928,34
726,31	44926,29
726,51	45182,29
726,70	45120,85
726,89	45172,05
727,08	45649,22
727,27	45833,54
727,46	45886,79
727,65	46128,45
727,85	46177,60
728,04	46529,85
728,23	46587,19
728,42	46433,60
728,61	46914,87
728,80	46822,71
729,00	47062,32
729,19	46863,67
729,38	47232,30
729,57	46710,07
729,76	46916,92
729,95	47332,65
730,14	47668,52
730,33	46703,93
730,53	47340,85
730,72	46937,40
730,91	46900,53
731,10	47246,64
731,29	46808,37
731,48	46865,72
731,67	46783,80
731,86	46509,37
732,06	46521,66
732,25	46654,78
732,44	46404,92
732,63	45956,42
732,82	45899,08
733,01	45653,32
733,20	45325,64
733,39	45497,67
733,59	45301,07
733,78	44977,49
733,97	44633,43
734,16	44807,51
734,35	44397,91
734,54	44049,76
734,73	43908,45
734,92	43398,51
735,11	43076,97
735,30	42808,69
735,49	42663,28
735,69	41923,97
735,88	41973,12
736,07	41366,92
736,26	41131,40
736,45	40899,98
736,64	40295,83
736,83	39867,81
737,02	39572,90
737,21	39275,94
737,40	38413,75
737,59	38843,82
737,78	37778,88
737,98	37162,44
738,17	37670,34
738,36	37080,52
738,55	36244,95
738,74	35988,95
738,93	35687,90
739,12	35378,66
739,31	34510,32
739,50	34346,48
739,69	34082,30
739,88	32990,73
740,07	33211,91
740,26	32781,84
740,45	32097,81
740,64	31464,99
740,83	31047,21
741,02	30848,55
741,22	30406,19
741,41	30154,29
741,60	29089,35
741,79	28642,89
741,98	28638,80
742,17	28005,97
742,36	27684,44
742,55	27201,12
742,74	26709,61
742,93	26177,14
743,12	25618,04
743,31	25501,31
743,50	25022,08
743,69	24663,69
743,88	24268,43
744,07	23455,39
744,26	23402,14
744,45	23291,55
744,64	22644,39
744,83	22030,00
745,02	21933,75
745,21	21206,72
745,40	21044,93
745,59	20688,58
745,78	20123,34
745,97	19914,45
746,16	19617,49
746,35	19189,47
746,54	18513,64
746,73	18491,11
746,92	18335,46
747,11	17741,55
747,30	17252,09
747,49	17174,27
747,68	16674,56
747,87	16414,47
748,06	16148,23
748,25	15714,06
748,44	15648,53
748,63	15152,92
748,82	15034,14
749,01	14597,92
749,20	14407,46
749,39	14130,98
749,58	13877,04
749,77	14008,11
749,96	13436,72
750,15	13283,13
750,34	12810,04
750,53	12801,85
750,72	12484,42
750,91	12242,76
751,10	12097,35
751,29	11851,60
751,48	11577,17
751,67	11333,46
751,86	11220,82
752,04	11183,96
752,23	10712,92
752,42	10465,12
752,61	10391,39
752,80	10211,17
752,99	10153,83
753,18	9770,86
753,37	9854,83
753,56	9414,51
753,75	9404,27
753,94	9207,67
754,13	9219,96
754,32	8882,04
754,51	8683,39
754,70	8644,48
754,89	8513,41
755,08	8318,85
755,27	7989,13
755,45	7942,02
755,64	7864,20
755,83	7667,60
756,02	7741,32
756,21	7481,23
756,40	7315,34
756,59	7178,13
756,78	7077,78
756,97	6807,45
757,16	6725,53
757,35	7057,30
757,54	6573,98
757,72	6649,75
757,91	6281,12
758,10	6365,09
758,29	6168,48
758,48	6201,25
758,67	5992,36
758,86	5885,86
759,05	5754,79
759,24	5701,54
759,43	5617,58
759,61	5576,62
759,80	5433,26
759,99	5353,39
760,18	5255,09
760,37	5179,31
760,56	4995,00
760,75	5203,89
760,94	4816,82
761,13	4900,79
761,31	4734,90
761,50	4741,05
761,69	4706,23
761,88	4652,98
762,07	4491,20
762,26	4468,67
762,45	4388,80
762,64	4417,47
762,82	4259,78
763,01	4286,40
763,20	4153,28
763,39	4157,38
763,58	4091,84
763,77	3995,59
763,96	3936,20
764,14	3921,86
764,33	3872,71
764,52	3831,75
764,71	3835,85
764,90	3712,97
765,09	3841,99
765,27	3669,96
765,46	3459,02
765,65	3538,89
765,84	3510,22
766,03	3538,89
766,22	3401,68
766,41	3313,61
766,59	3250,13
766,78	3344,33
766,97	3309,52
767,16	3309,52
767,35	3182,54
767,54	3360,72
767,72	3135,44
767,91	3184,59
768,10	3086,29
768,29	2963,41
768,48	3096,53
768,66	2951,12
768,85	2942,93
769,04	3014,61
769,23	2901,97
769,42	2924,50
769,61	2873,30
769,79	2936,79
769,98	2793,43
770,17	2912,21
770,36	2846,68
770,55	2793,43
770,73	2762,71
770,92	2731,99
771,11	2701,27
771,30	2598,87
771,49	2709,46
771,67	2705,37
771,86	2656,22
772,05	2576,34
772,24	2592,73
772,42	2480,09
772,61	2609,11
772,80	2521,05
772,99	2435,03
773,18	2529,24
773,36	2490,33
773,55	2422,75
773,74	2424,80
773,93	2445,27
774,11	2330,59
774,30	2461,66
774,49	2346,97
774,68	2406,36
774,87	2394,08
775,05	2351,07
775,24	2324,44
775,43	2424,80
775,62	2340,83
775,80	2283,49
775,99	2263,01
776,18	2379,74
776,37	2273,25
776,55	2224,09
776,74	2256,86
776,93	2174,94
777,12	2279,39
777,30	2217,95
777,49	2222,05
777,68	2123,74
777,87	2244,57
778,05	2119,65
778,24	2191,33
778,43	2172,89
778,62	2127,84
778,80	2160,61
778,99	2260,96
779,18	2201,57
779,36	2160,61
779,55	2078,69
779,74	2205,66
779,93	2164,70
780,11	2138,08
780,30	2011,11
780,49	2025,44
780,68	2039,78
780,86	2179,04
781,05	2131,94
781,24	2066,40
781,42	2072,54
781,61	2105,31
781,80	2009,06
781,98	2072,54
782,17	2072,54
782,36	2045,92
782,55	2029,54
782,73	2015,20
782,92	2129,89
783,11	1941,47
783,29	1994,72
783,48	2002,91
783,67	2131,94
783,85	2080,74
784,04	1929,19
784,23	1994,72
784,42	1937,38
784,60	1961,95
784,79	2125,79
784,98	1984,48
785,16	1998,82
785,35	1937,38
785,54	1906,66
785,72	2056,16
785,91	1974,24
786,10	1845,22
786,28	2062,30
786,47	2007,01
786,66	1892,32
786,84	2023,39
787,03	2033,63
787,22	1918,95
787,40	1925,09
787,59	1976,29
787,78	1978,34
787,96	1890,28
788,15	1961,95
788,34	1843,17
788,52	1994,72
788,71	2004,96
788,89	2013,15
789,08	1828,84
789,27	2007,01
789,45	1877,99
789,64	1894,37
789,83	1839,08
790,01	1857,51
790,20	1906,66
790,39	1855,46
790,57	1855,46
790,76	1880,04
790,95	1837,03
791,13	1920,99
791,32	1832,93
791,50	2002,91
791,69	1855,46
791,88	1910,75
792,06	1961,95
792,25	1869,80
792,43	1820,64
792,62	1865,70
792,81	1808,36
792,99	1834,98
793,18	1851,36
793,37	1888,23
793,55	1839,08
793,74	1779,68
793,92	1920,99
794,11	1859,56
794,30	1798,12
794,48	1882,08
794,67	1841,12
794,85	1791,97
795,04	1830,88
795,23	1863,65
795,41	1882,08
795,60	1880,04
795,78	1927,14
795,97	1927,14
796,15	1830,88
796,34	1884,13
796,53	1873,89
796,71	1824,74
796,90	1822,69
797,08	1718,25
797,27	1871,84
797,46	1841,12
797,64	1806,31
797,83	1839,08
798,01	1875,94
798,20	1845,22
798,38	1902,56
798,57	1822,69
798,76	1718,25
798,94	1798,12
799,13	1890,28
799,31	1806,31
799,50	1759,21
799,68	1748,97
799,87	1759,21
800,05	1818,60
800,24	1837,03
800,43	1769,44
800,61	2037,73
800,80	1937,38
800,98	1810,40
801,17	1724,39
801,35	1734,63
801,54	1828,84
801,72	1882,08
801,91	1832,93
802,09	1810,40
802,28	1742,82
802,46	1810,40
802,65	1839,08
802,84	1837,03
803,02	1775,59
803,21	1732,58
803,39	1746,92
803,58	1884,13
803,76	1837,03
803,95	1847,27
804,13	1832,93
804,32	1851,36
804,50	1871,84
804,69	1849,32
804,87	1812,45
805,06	1873,89
805,24	1898,47
805,43	1796,07
805,61	1779,68
805,80	1742,82
805,98	1841,12
806,17	1834,98
806,35	1714,15
806,54	1755,11
806,72	1796,07
806,91	1810,40
807,09	1755,11
807,28	1794,02
807,46	1804,26
807,65	1796,07
807,83	1705,96
808,02	1755,11
808,20	1865,70
808,39	1808,36
808,57	1742,82
808,76	1822,69
808,94	1906,66
809,13	1769,44
809,31	1734,63
809,49	1839,08
809,68	1693,67
809,86	1779,68
810,05	1755,11
810,23	1796,07
810,42	1873,89
810,60	1808,36
810,79	1761,25
810,97	1742,82
811,16	1755,11
811,34	1703,91
811,53	1791,97
811,71	1769,44
811,89	1800,16
812,08	1814,50
812,26	1738,73
812,45	1818,60
812,63	1779,68
812,82	1810,40
813,00	1726,44
813,19	1736,68
813,37	1728,49
813,55	1716,20
813,74	1755,11
813,92	1781,73
814,11	1755,11
814,29	1685,48
814,48	1785,83
814,66	1755,11
814,84	1800,16
815,03	1746,92
815,21	1789,92
815,40	1777,64
815,58	1703,91
815,77	1798,12
815,95	1730,53
816,13	1751,01
816,32	1791,97
816,50	1798,12
816,69	1703,91
816,87	1699,81
817,05	1697,77
817,24	1712,10
817,42	1724,39
817,61	1730,53
817,79	1763,30
817,97	1724,39
818,16	1724,39
818,34	1845,22
818,53	1693,67
818,71	1753,06
818,89	1705,96
819,08	1726,44
819,26	1671,14
819,45	1710,05
819,63	1777,64
819,81	1714,15
820,00	1877,99
820,18	1728,49
820,36	1697,77
820,55	1685,48
820,73	1646,57
820,92	1755,11
821,10	1656,81
821,28	1691,62
821,47	1726,44
821,65	1640,42
821,83	1828,84
822,02	1689,57
822,20	1710,05
822,39	1744,87
822,57	1671,14
822,75	1644,52
822,94	1716,20
823,12	1681,38
823,30	1665,00
823,49	1890,28
823,67	1732,58
823,85	1716,20
824,04	1695,72
824,22	1714,15
824,40	1738,73
824,59	1689,57
824,77	1695,72
824,95	1691,62
825,14	1714,15
825,32	1847,27
825,50	1742,82
825,69	1759,21
825,87	1816,55
826,05	1746,92
826,24	1734,63
826,42	1814,50
826,60	1730,53
826,79	1802,21
826,97	1644,52
827,15	1646,57
827,34	1699,81
827,52	1693,67
827,70	1744,87
827,89	1687,53
828,07	1679,33
828,25	1802,21
828,44	1753,06
828,62	1646,57
828,80	1886,18
828,98	1810,40
829,17	1658,85
829,35	1781,73
829,53	1748,97
829,72	1783,78
829,90	1652,71
830,08	1712,10
830,27	1796,07
830,45	1728,49
830,63	1802,21
830,81	1654,76
831,00	1753,06
831,18	1644,52
831,36	1740,77
831,55	1683,43
831,73	1646,57
831,91	1726,44
832,09	1734,63
832,28	1759,21
832,46	1734,63
832,64	1742,82
832,82	1681,38
833,01	1642,47
833,19	1728,49
833,37	1763,30
833,55	1730,53
833,74	1757,16
833,92	1734,63
834,10	1675,24
834,29	1728,49
834,47	1640,42
834,65	1701,86
834,83	1708,01
835,02	1665,00
835,20	1665,00
835,38	1761,25
835,56	1701,86
835,75	1730,53
835,93	1755,11
836,11	1720,29
836,29	1677,29
836,47	1769,44
836,66	1685,48
836,84	1773,54
837,02	1703,91
837,20	1728,49
837,39	1742,82
837,57	1681,38
837,75	1732,58
837,93	1757,16
838,12	1642,47
838,30	1687,53
838,48	1697,77
838,66	1744,87
838,84	1777,64
839,03	1785,83
839,21	1712,10
839,39	1689,57
839,57	1834,98
839,75	1759,21
839,94	1716,20
840,12	1767,40
840,30	1683,43
840,48	1767,40
840,66	1636,33
840,85	1665,00
841,03	1679,33
841,21	1714,15
841,39	1765,35
841,57	1701,86
841,76	1708,01
841,94	1787,88
842,12	1718,25
842,30	1722,34
842,48	1710,05
842,67	1732,58
842,85	1748,97
843,03	1769,44
843,21	1730,53
843,39	1687,53
843,57	1638,38
843,76	1703,91
843,94	1646,57
844,12	1777,64
844,30	1589,22
844,48	1644,52
844,66	1695,72
844,85	1771,49
845,03	1703,91
845,21	1658,85
845,39	1751,01
845,57	1675,24
845,75	1695,72
845,94	1806,31
846,12	1613,80
846,30	1738,73
846,48	1712,10
846,66	1785,83
846,84	1761,25
847,02	1722,34
847,21	1611,75
847,39	1638,38
847,57	1734,63
847,75	1628,14
847,93	1712,10
848,11	1683,43
848,29	1708,01
848,48	1689,57
848,66	1652,71
848,84	1800,16
849,02	1691,62
849,20	1646,57
849,38	1716,20
849,56	1691,62
849,74	1724,39
849,93	1759,21
850,11	1695,72
850,29	1638,38
850,47	1710,05
850,65	1658,85
850,83	1591,27
851,01	1667,05
851,19	1691,62
851,37	1568,74
851,56	1708,01
851,74	1597,42
851,92	1679,33
852,10	1621,99
852,28	1703,91
852,46	1708,01
852,64	1757,16
852,82	1640,42
853,00	1728,49
853,18	1669,09
853,37	1740,77
853,55	1572,84
853,73	1722,34
853,91	1724,39
854,09	1683,43
854,27	1679,33
854,45	1734,63
854,63	1667,05
854,81	1683,43
854,99	1697,77
855,17	1646,57
855,35	1665,00
855,53	1538,02
855,72	1695,72
855,90	1748,97
856,08	1763,30
856,26	1626,09
856,44	1785,83
856,62	1603,56
856,80	1667,05
856,98	1673,19
857,16	1734,63
857,34	1703,91
857,52	1742,82
857,70	1755,11
857,88	1701,86
858,06	1636,33
858,24	1789,92
858,42	1763,30
858,60	1683,43
858,78	1603,56
858,96	1611,75
859,15	1617,90
859,33	1708,01
859,51	1617,90
859,69	1699,81
859,87	1587,18
860,05	1658,85
860,23	1781,73
860,41	1660,90
860,59	1751,01
860,77	1658,85
860,95	1665,00
861,13	1621,99
861,31	1693,67
861,49	1658,85
861,67	1732,58
861,85	1708,01
862,03	1687,53
862,21	1581,03
862,39	1724,39
862,57	1724,39
862,75	1652,71
862,93	1673,19
863,11	1748,97
863,29	1617,90
863,47	1628,14
863,65	1777,64
863,83	1679,33
864,01	1644,52
864,19	1665,00
864,37	1660,90
864,55	1652,71
864,73	1556,46
864,91	1689,57
865,09	1662,95
865,27	1660,90
865,45	1638,38
865,63	1699,81
865,81	1679,33
865,99	1687,53
866,17	1720,29
866,35	1677,29
866,53	1726,44
866,71	1644,52
866,89	1673,19
867,07	1716,20
867,24	1701,86
867,42	1658,85
867,60	1730,53
867,78	1742,82
867,96	1642,47
868,14	1652,71
868,32	1828,84
868,50	1630,18
868,68	1728,49
868,86	1693,67
869,04	1689,57
869,22	1654,76
869,40	1646,57
869,58	1665,00
869,76	1667,05
869,94	1648,61
870,12	1626,09
870,30	1726,44
870,48	1685,48
870,66	1578,98
870,83	1673,19
871,01	1566,70
871,19	1638,38
871,37	1634,28
871,55	1589,22
871,73	1660,90
871,91	1734,63
872,09	1669,09
872,27	1630,18
872,45	1613,80
872,63	1585,13
872,81	1583,08
872,98	1673,19
873,16	1640,42
873,34	1701,86
873,52	1667,05
873,70	1681,38
873,88	1607,66
874,06	1560,55
874,24	1617,90
874,42	1540,07
874,60	1617,90
874,78	1570,79
874,95	1640,42
875,13	1626,09
875,31	1644,52
875,49	1730,53
875,67	1630,18
875,85	1636,33
876,03	1587,18
876,21	1624,04
876,39	1609,70
876,56	1568,74
876,74	1564,65
876,92	1632,23
877,10	1763,30
877,28	1687,53
877,46	1599,46
877,64	1665,00
877,82	1732,58
877,99	1626,09
878,17	1740,77
878,35	1609,70
878,53	1718,25
878,71	1728,49
878,89	1693,67
879,07	1699,81
879,24	1775,59
879,42	1662,95
879,60	1665,00
879,78	1728,49
879,96	1540,07
880,14	1755,11
880,32	1621,99
880,49	1630,18
880,67	1712,10
880,85	1710,05
881,03	1607,66
881,21	1671,14
881,39	1656,81
881,56	1695,72
881,74	1646,57
881,92	1583,08
882,10	1626,09
882,28	1679,33
882,46	1650,66
882,63	1615,85
882,81	1626,09
882,99	1593,32
883,17	1662,95
883,35	1685,48
883,52	1753,06
883,70	1632,23
883,88	1591,27
884,06	1705,96
884,24	1624,04
884,42	1734,63
884,59	1695,72
884,77	1658,85
884,95	1642,47
885,13	1650,66
885,31	1638,38
885,48	1599,46
885,66	1798,12
885,84	1679,33
886,02	1591,27
886,20	1724,39
886,37	1726,44
886,55	1785,83
886,73	1695,72
886,91	1640,42
887,08	1626,09
887,26	1617,90
887,44	1652,71
887,62	1599,46
887,80	1675,24
887,97	1660,90
888,15	1710,05
888,33	1669,09
888,51	1611,75
888,68	1687,53
888,86	1673,19
889,04	1603,56
889,22	1714,15
889,40	1581,03
889,57	1656,81
889,75	1665,00
889,93	1640,42
890,11	1699,81
890,28	1703,91
890,46	1603,56
890,64	1679,33
890,82	1679,33
890,99	1705,96
891,17	1681,38
891,35	1576,94
891,53	1630,18
891,70	1531,88
891,88	1646,57
892,06	1554,41
892,24	1646,57
892,41	1669,09
892,59	1617,90
892,77	1597,42
892,94	1636,33
893,12	1650,66
893,30	1632,23
893,48	1640,42
893,65	1718,25
893,83	1621,99
894,01	1662,95
894,19	1660,90
894,36	1761,25
894,54	1599,46
894,72	1679,33
894,89	1560,55
895,07	1613,80
895,25	1656,81
895,43	1609,70
895,60	1669,09
895,78	1722,34
895,96	1630,18
896,13	1648,61
896,31	1683,43
896,49	1638,38
896,66	1617,90
896,84	1644,52
897,02	1703,91
897,20	1683,43
897,37	1669,09
897,55	1603,56
897,73	1648,61
897,90	1669,09
898,08	1650,66
898,26	1652,71
898,43	1607,66
898,61	1589,22
898,79	1593,32
898,96	1609,70
899,14	1634,28
899,32	1615,85
899,49	1642,47
899,67	1531,88
899,85	1615,85
900,02	1746,92
900,20	1605,61
900,38	1648,61
900,55	1724,39
900,73	1722,34
900,91	1660,90
901,08	1656,81
901,26	1621,99
901,44	1628,14
901,61	1626,09
901,79	1650,66
901,97	1699,81
902,14	1566,70
902,32	1642,47
902,50	1597,42
902,67	1644,52
902,85	1662,95
903,02	1646,57
903,20	1581,03
903,38	1628,14
903,55	1658,85
903,73	1648,61
903,91	1640,42
904,08	1755,11
904,26	1662,95
904,44	1724,39
904,61	1570,79
904,79	1710,05
904,96	1648,61
905,14	1615,85
905,32	1720,29
905,49	1652,71
905,67	1583,08
905,84	1556,46
906,02	1583,08
906,20	1619,94
906,37	1765,35
906,55	1658,85
906,73	1648,61
906,90	1673,19
907,08	1677,29
907,25	1601,51
907,43	1658,85
907,61	1583,08
907,78	1665,00
907,96	1585,13
908,13	1591,27
908,31	1685,48
908,48	1630,18
908,66	1621,99
908,84	1540,07
909,01	1705,96
909,19	1671,14
909,36	1570,79
909,54	1581,03
909,72	1599,46
909,89	1576,94
910,07	1490,92
910,24	1662,95
910,42	1673,19
910,59	1642,47
910,77	1552,36
910,95	1578,98
911,12	1611,75
911,30	1576,94
911,47	1611,75
911,65	1650,66
911,82	1505,26
912,00	1621,99
912,17	1564,65
912,35	1652,71
912,53	1683,43
912,70	1701,86
912,88	1587,18
913,05	1572,84
913,23	1638,38
913,40	1619,94
913,58	1521,64
913,75	1599,46
913,93	1572,84
914,10	1511,40
914,28	1581,03
914,46	1562,60
914,63	1636,33
914,81	1638,38
914,98	1556,46
915,16	1650,66
915,33	1634,28
915,51	1738,73
915,68	1683,43
915,86	1671,14
916,03	1576,94
916,21	1529,83
916,38	1638,38
916,56	1640,42
916,73	1685,48
916,91	1576,94
917,08	1581,03
917,26	1656,81
917,43	1566,70
917,61	1595,37
917,78	1685,48
917,96	1613,80
918,13	1574,89
918,31	1566,70
918,48	1548,26
918,66	1515,50
918,83	1689,57
919,01	1624,04
919,18	1601,51
919,36	1644,52
919,53	1691,62
919,71	1732,58
919,88	1609,70
920,06	1603,56
920,23	1624,04
920,41	1667,05
920,58	1632,23
920,76	1630,18
920,93	1640,42
921,11	1538,02
921,28	1552,36
921,45	1761,25
921,63	1574,89
921,80	1619,94
921,98	1540,07
922,15	1660,90
922,33	1544,17
922,50	1615,85
922,68	1601,51
922,85	1619,94
923,03	1609,70
923,20	1677,29
923,38	1712,10
923,55	1658,85
923,72	1601,51
923,90	1787,88
924,07	1523,69
924,25	1583,08
924,42	1759,21
924,60	1593,32
924,77	1581,03
924,95	1685,48
925,12	1611,75
925,29	1689,57
925,47	1667,05
925,64	1556,46
925,82	1531,88
925,99	1568,74
926,17	1708,01
926,34	1624,04
926,51	1630,18
926,69	1615,85
926,86	1691,62
927,04	1689,57
927,21	1621,99
927,38	1542,12
927,56	1624,04
927,73	1718,25
927,91	1570,79
928,08	1769,44
928,25	1533,93
928,43	1636,33
928,60	1542,12
928,78	1593,32
928,95	1619,94
929,12	1607,66
929,30	1640,42
929,47	1589,22
929,65	1533,93
929,82	1574,89
929,99	1583,08
930,17	1578,98
930,34	1566,70
930,52	1554,41
930,69	1638,38
930,86	1662,95
931,04	1626,09
931,21	1566,70
931,38	1593,32
931,56	1562,60
931,73	1773,54
931,91	1611,75
932,08	1554,41
932,25	1748,97
932,43	1572,84
932,60	1581,03
932,77	1644,52
932,95	1591,27
933,12	1609,70
933,29	1529,83
933,47	1662,95
933,64	1572,84
933,82	1568,74
933,99	1621,99
934,16	1550,31
934,34	1595,37
934,51	1529,83
934,68	1597,42
934,86	1714,15
935,03	1513,45
935,20	1564,65
935,38	1513,45
935,55	1529,83
935,72	1589,22
935,90	1581,03
936,07	1587,18
936,24	1591,27
936,42	1697,77
936,59	1658,85
936,76	1665,00
936,94	1515,50
937,11	1619,94
937,28	1568,74
937,46	1609,70
937,63	1603,56
937,80	1595,37
937,97	1605,61
938,15	1599,46
938,32	1583,08
938,49	1654,76
938,67	1593,32
938,84	1660,90
939,01	1574,89
939,19	1576,94
939,36	1636,33
939,53	1576,94
939,70	1568,74
939,88	1675,24
940,05	1683,43
940,22	1548,26
940,40	1679,33
940,57	1654,76
940,74	1562,60
940,92	1554,41
941,09	1599,46
941,26	1564,65
941,43	1677,29
941,61	1646,57
941,78	1548,26
941,95	1638,38
942,12	1589,22
942,30	1605,61
942,47	1630,18
942,64	1560,55
942,82	1673,19
942,99	1671,14
943,16	1533,93
943,33	1669,09
943,51	1523,69
943,68	1626,09
943,85	1615,85
944,02	1564,65
944,20	1589,22
944,37	1550,31
944,54	1673,19
944,71	1550,31
944,89	1601,51
945,06	1501,16
945,23	1587,18
945,40	1671,14
945,58	1654,76
945,75	1531,88
945,92	1744,87
946,09	1621,99
946,27	1578,98
946,44	1535,98
946,61	1626,09
946,78	1519,59
946,95	1581,03
947,13	1632,23
947,30	1621,99
947,47	1544,17
947,64	1558,50
947,82	1523,69
947,99	1538,02
948,16	1669,09
948,33	1652,71
948,50	1513,45
948,68	1650,66
948,85	1595,37
949,02	1611,75
949,19	1572,84
949,36	1636,33
949,54	1607,66
949,71	1671,14
949,88	1587,18
950,05	1570,79
950,22	1624,04
950,40	1634,28
950,57	1533,93
950,74	1720,29
950,91	1691,62
951,08	1523,69
951,26	1613,80
951,43	1585,13
951,60	1505,26
951,77	1589,22
951,94	1740,77
952,11	1630,18
952,29	1660,90
952,46	1515,50
952,63	1593,32
952,80	1572,84
952,97	1630,18
953,15	1675,24
953,32	1570,79
953,49	1558,50
953,66	1665,00
953,83	1578,98
954,00	1568,74
954,17	1603,56
954,35	1644,52
954,52	1542,12
954,69	1642,47
954,86	1675,24
955,03	1701,86
955,20	1658,85
955,38	1550,31
955,55	1601,51
955,72	1646,57
955,89	1507,30
956,06	1613,80
956,23	1589,22
956,40	1630,18
956,58	1535,98
956,75	1558,50
956,92	1550,31
957,09	1560,55
957,26	1576,94
957,43	1628,14
957,60	1535,98
957,77	1572,84
957,95	1566,70
958,12	1634,28
958,29	1607,66
958,46	1636,33
958,63	1552,36
958,80	1644,52
958,97	1714,15
959,14	1529,83
959,31	1552,36
959,49	1578,98
959,66	1560,55
959,83	1568,74
960,00	1525,74
960,17	1665,00
960,34	1548,26
960,51	1587,18
960,68	1609,70
960,85	1638,38
961,02	1576,94
961,20	1656,81
961,37	1550,31
961,54	1605,61
961,71	1650,66
961,88	1654,76
962,05	1597,42
962,22	1683,43
962,39	1562,60
962,56	1613,80
962,73	1576,94
962,90	1513,45
963,07	1644,52
963,24	1617,90
963,42	1624,04
963,59	1660,90
963,76	1585,13
963,93	1716,20
964,10	1587,18
964,27	1646,57
964,44	1576,94
964,61	1650,66
964,78	1529,83
964,95	1609,70
965,12	1621,99
965,29	1646,57
965,46	1599,46
965,63	1677,29
965,80	1599,46
965,97	1517,54
966,14	1568,74
966,31	1593,32
966,48	1716,20
966,66	1583,08
966,83	1605,61
967,00	1646,57
967,17	1671,14
967,34	1626,09
967,51	1581,03
967,68	1619,94
967,85	1574,89
968,02	1695,72
968,19	1517,54
968,36	1691,62
968,53	1562,60
968,70	1576,94
968,87	1624,04
969,04	1572,84
969,21	1525,74
969,38	1777,64
969,55	1589,22
969,72	1687,53
969,89	1667,05
970,06	1611,75
970,23	1492,97
970,40	1654,76
970,57	1611,75
970,74	1589,22
970,91	1544,17
971,08	1587,18
971,25	1525,74
971,42	1630,18
971,59	1636,33
971,76	1593,32
971,93	1650,66
972,10	1542,12
972,27	1548,26
972,44	1576,94
972,61	1552,36
972,78	1511,40
972,95	1572,84
973,12	1681,38
973,29	1574,89
973,46	1609,70
973,63	1634,28
973,80	1671,14
973,97	1554,41
974,14	1585,13
974,30	1560,55
974,47	1648,61
974,64	1621,99
974,81	1578,98
974,98	1654,76
975,15	1591,27
975,32	1701,86
975,49	1568,74
975,66	1568,74
975,83	1638,38
976,00	1628,14
976,17	1599,46
976,34	1492,97
976,51	1548,26
976,68	1564,65
976,85	1574,89
977,02	1662,95
977,19	1646,57
977,36	1513,45
977,52	1693,67
977,69	1617,90
977,86	1634,28
978,03	1562,60
978,20	1654,76
978,37	1646,57
978,54	1654,76
978,71	1632,23
978,88	1732,58
979,05	1531,88
979,22	1550,31
979,39	1677,29
979,56	1705,96
979,72	1533,93
979,89	1648,61
980,06	1615,85
980,23	1689,57
980,40	1560,55
980,57	1615,85
980,74	1611,75
980,91	1564,65
981,08	1603,56
981,25	1648,61
981,41	1630,18
981,58	1484,78
981,75	1492,97
981,92	1562,60
982,09	1599,46
982,26	1560,55
982,43	1435,63
982,60	1693,67
982,77	1626,09
982,93	1638,38
983,10	1515,50
983,27	1572,84
983,44	1552,36
983,61	1691,62
983,78	1535,98
983,95	1560,55
984,11	1587,18
984,28	1662,95
984,45	1509,35
984,62	1525,74
984,79	1589,22
984,96	1662,95
985,13	1578,98
985,30	1648,61
985,46	1497,07
985,63	1585,13
985,80	1572,84
985,97	1540,07
986,14	1570,79
986,31	1617,90
986,47	1556,46
986,64	1505,26
986,81	1533,93
986,98	1538,02
987,15	1556,46
987,32	1658,85
987,48	1626,09
987,65	1601,51
987,82	1581,03
987,99	1728,49
988,16	2093,02
988,33	1722,34
988,49	1568,74
988,66	1626,09
988,83	1540,07
989,00	1638,38
989,17	1556,46
989,34	1662,95
989,50	1595,37
989,67	1535,98
989,84	1519,59
990,01	1546,22
990,18	1615,85
990,34	1591,27
990,51	1513,45
990,68	1638,38
990,85	1722,34
991,02	1619,94
991,18	1626,09
991,35	1603,56
991,52	1601,51
991,69	1550,31
991,86	1628,14
992,02	1558,50
992,19	1521,64
992,36	1685,48
992,53	1576,94
992,69	1630,18
992,86	1593,32
993,03	1687,53
993,20	1509,35
993,37	1720,29
993,53	1652,71
993,70	1560,55
993,87	1533,93
994,04	1597,42
994,20	1624,04
994,37	1617,90
994,54	1589,22
994,71	1544,17
994,87	1617,90
995,04	1581,03
995,21	1558,50
995,38	1476,59
995,55	1542,12
995,71	1576,94
995,88	1548,26
996,05	1646,57
996,22	1701,86
996,38	1572,84
996,55	1513,45
996,72	1480,68
996,88	1773,54
997,05	2475,99
997,22	1531,88
997,39	1576,94
997,55	1650,66
997,72	1589,22
997,89	1611,75
998,06	1662,95
998,22	1621,99
998,39	1548,26
998,56	1540,07
998,73	1495,02
998,89	1597,42
999,06	1599,46
999,23	1636,33
999,39	1570,79
999,56	1665,00
999,73	1617,90
999,90	1505,26
1000,06	1648,61
1000,23	1638,38
1000,40	1679,33
1000,56	1597,42
1000,73	1513,45
1000,90	1560,55
1001,06	1560,55
1001,23	1581,03
1001,40	1681,38
1001,57	1566,70
1001,73	1509,35
1001,90	1480,68
1002,07	1521,64
1002,23	1615,85
1002,40	1576,94
1002,57	1591,27
1002,73	1615,85
1002,90	1587,18
1003,07	1628,14
1003,23	1525,74
1003,40	1581,03
1003,57	1533,93
1003,73	1603,56
1003,90	1591,27
1004,07	1558,50
1004,23	1597,42
1004,40	1609,70
1004,57	1601,51
1004,73	1460,20
1004,90	1544,17
1005,07	1566,70
1005,23	1595,37
1005,40	1499,11
1005,57	1568,74
1005,73	1630,18
1005,90	1538,02
1006,07	1609,70
1006,23	1642,47
1006,40	1583,08
1006,57	1564,65
1006,73	1583,08
1006,90	1542,12
1007,06	1581,03
1007,23	1576,94
1007,40	1488,87
1007,56	1619,94
1007,73	1677,29
1007,90	1634,28
1008,06	1591,27
1008,23	1603,56
1008,40	1654,76
1008,56	1605,61
1008,73	1583,08
1008,89	1587,18
1009,06	1662,95
1009,23	1540,07
1009,39	1626,09
1009,56	1501,16
1009,72	1714,15
1009,89	1632,23
1010,06	1585,13
1010,22	1535,98
1010,39	1523,69
1010,55	1599,46
1010,72	1665,00
1010,89	1546,22
1011,05	1613,80
1011,22	1556,46
1011,38	1558,50
1011,55	1615,85
1011,72	1560,55
1011,88	1615,85
1012,05	1576,94
1012,21	1611,75
1012,38	1613,80
1012,55	1601,51
1012,71	1570,79
1012,88	1587,18
1013,04	1648,61
1013,21	1499,11
1013,37	1630,18
1013,54	1601,51
1013,71	1581,03
1013,87	1642,47
1014,04	1581,03
1014,20	1705,96
1014,37	1599,46
1014,53	1566,70
1014,70	1499,11
1014,87	1597,42
1015,03	1640,42
1015,20	1482,73
1015,36	1642,47
1015,53	1626,09
1015,69	1644,52
1015,86	1585,13
1016,02	1624,04
1016,19	1673,19
1016,36	1581,03
1016,52	1589,22
1016,69	1665,00
1016,85	1601,51
1017,02	1630,18
1017,18	1466,35
1017,35	1617,90
1017,51	1578,98
1017,68	1605,61
1017,84	1552,36
1018,01	1439,72
1018,17	1667,05
1018,34	1665,00
1018,50	1511,40
1018,67	1566,70
1018,84	1636,33
1019,00	1540,07
1019,17	1644,52
1019,33	1595,37
1019,50	1679,33
1019,66	1667,05
1019,83	1490,92
1019,99	1611,75
1020,16	1462,25
1020,32	1576,94
1020,49	1576,94
1020,65	1603,56
1020,82	1599,46
1020,98	1621,99
1021,15	1603,56
1021,31	1673,19
1021,48	1560,55
1021,64	1585,13
1021,81	1630,18
1021,97	1523,69
1022,14	1605,61
1022,30	1574,89
1022,47	1548,26
1022,63	1554,41
1022,79	1603,56
1022,96	1636,33
1023,12	1533,93
1023,29	1587,18
1023,45	1669,09
1023,62	1583,08
1023,78	1595,37
1023,95	1611,75
1024,11	1540,07
1024,28	1519,59
1024,44	1591,27
1024,61	1476,59
1024,77	1574,89
1024,94	1650,66
1025,10	1540,07
1025,26	1550,31
1025,43	1617,90
1025,59	1564,65
1025,76	1619,94
1025,92	1609,70
1026,09	1490,92
1026,25	1669,09
1026,42	1576,94
1026,58	1466,35
1026,74	1689,57
1026,91	1572,84
1027,07	1589,22
1027,24	1710,05
1027,40	1626,09
1027,57	1587,18
1027,73	1576,94
1027,90	1669,09
1028,06	1556,46
1028,22	1515,50
1028,39	1548,26
1028,55	1613,80
1028,72	1644,52
1028,88	1734,63
1029,04	1574,89
1029,21	1611,75
1029,37	1519,59
1029,54	1632,23
1029,70	1560,55
1029,87	1581,03
1030,03	1538,02
1030,19	1667,05
1030,36	1646,57
1030,52	1621,99
1030,69	1546,22
1030,85	1490,92
1031,01	1578,98
1031,18	1544,17
1031,34	1673,19
1031,50	1574,89
1031,67	1576,94
1031,83	1658,85
1032,00	1619,94
1032,16	1630,18
1032,32	1552,36
1032,49	1626,09
1032,65	1681,38
1032,82	1574,89
1032,98	1556,46
1033,14	1540,07
1033,31	1640,42
1033,47	1605,61
1033,63	1589,22
1033,80	1630,18
1033,96	1480,68
1034,13	1632,23
1034,29	1642,47
1034,45	1599,46
1034,62	1583,08
1034,78	1662,95
1034,94	1525,74
1035,11	1693,67
1035,27	1519,59
1035,43	1648,61
1035,60	1601,51
1035,76	1517,54
1035,92	1589,22
1036,09	1505,26
1036,25	1591,27
1036,41	1599,46
1036,58	1658,85
1036,74	1662,95
1036,90	1576,94
1037,07	1587,18
1037,23	1589,22
1037,39	1679,33
1037,56	1564,65
1037,72	1581,03
1037,88	1558,50
1038,05	1574,89
1038,21	1632,23
1038,37	1621,99
1038,54	1617,90
1038,70	1730,53
1038,86	1521,64
1039,03	1605,61
1039,19	1581,03
1039,35	1517,54
1039,52	1482,73
1039,68	1548,26
1039,84	1540,07
1040,00	1638,38
1040,17	1552,36
1040,33	1589,22
1040,49	1660,90
1040,66	1589,22
1040,82	1617,90
1040,98	1646,57
1041,15	1617,90
1041,31	1591,27
1041,47	1490,92
1041,63	1560,55
1041,80	1566,70
1041,96	1566,70
1042,12	1521,64
1042,29	1495,02
1042,45	1644,52
1042,61	1525,74
1042,77	1693,67
1042,94	1640,42
1043,10	1787,88
1043,26	1552,36
1043,42	1558,50
1043,59	1599,46
1043,75	1593,32
1043,91	1554,41
1044,07	1581,03
1044,24	1562,60
1044,40	1531,88
