345,22	1411,05
345,44	1411,05
345,66	1411,05
345,88	1402,86
346,10	1435,63
346,32	1626,09
346,54	1591,27
346,75	1650,66
346,97	1468,39
347,19	1621,99
347,41	1597,42
347,63	1581,03
347,85	1538,02
348,07	1597,42
348,29	1710,05
348,51	1564,65
348,73	1638,38
348,95	1474,54
349,16	1533,93
349,38	1527,78
349,60	1574,89
349,82	1535,98
350,04	1525,74
350,26	1613,80
350,48	1566,70
350,70	1603,56
350,92	1560,55
351,14	1691,62
351,35	1572,84
351,57	1564,65
351,79	1624,04
352,01	1447,91
352,23	1574,89
352,45	1587,18
352,67	1595,37
352,89	1591,27
353,10	1562,60
353,32	1558,50
353,54	1654,76
353,76	1570,79
353,98	1636,33
354,20	1538,02
354,42	1619,94
354,64	1556,46
354,85	1640,42
355,07	1605,61
355,29	1607,66
355,51	1554,41
355,73	1544,17
355,95	1593,32
356,17	1652,71
356,38	1552,36
356,60	1601,51
356,82	1644,52
357,04	1490,92
357,26	1476,59
357,48	1640,42
357,69	1591,27
357,91	1630,18
358,13	1535,98
358,35	1652,71
358,57	1656,81
358,79	1619,94
359,01	1607,66
359,22	1640,42
359,44	1652,71
359,66	1626,09
359,88	1554,41
360,10	1636,33
360,32	1621,99
360,53	1652,71
360,75	1607,66
360,97	1665,00
361,19	1611,75
361,41	1648,61
361,62	1685,48
361,84	1550,31
362,06	1558,50
362,28	1581,03
362,50	1757,16
362,72	1624,04
362,93	1527,78
363,15	1495,02
363,37	1542,12
363,59	1646,57
363,81	1578,98
364,02	1570,79
364,24	1556,46
364,46	1613,80
364,68	1642,47
364,90	1712,10
365,11	1613,80
365,33	1621,99
365,55	1533,93
365,77	1542,12
365,99	1464,30
366,20	1748,97
366,42	1630,18
366,64	1566,70
366,86	1628,14
367,07	1624,04
367,29	1574,89
367,51	1570,79
367,73	1538,02
367,95	1638,38
368,16	1591,27
368,38	1619,94
368,60	1648,61
368,82	1578,98
369,03	1701,86
369,25	1689,57
369,47	1558,50
369,69	1535,98
369,91	1591,27
370,12	1581,03
370,34	1492,97
370,56	1574,89
370,78	1601,51
370,99	1681,38
371,21	1581,03
371,43	1613,80
371,65	1560,55
371,86	1603,56
372,08	1675,24
372,30	1593,32
372,52	1546,22
372,73	1542,12
372,95	1611,75
373,17	1548,26
373,39	1560,55
373,60	1601,51
373,82	1556,46
374,04	1601,51
374,26	1525,74
374,47	1617,90
374,69	1587,18
374,91	1675,24
375,12	1685,48
375,34	1542,12
375,56	1554,41
375,78	1640,42
375,99	1540,07
376,21	1705,96
376,43	1595,37
376,65	1671,14
376,86	1634,28
377,08	1568,74
377,30	1654,76
377,51	1591,27
377,73	1607,66
377,95	1511,40
378,17	1540,07
378,38	1564,65
378,60	1687,53
378,82	1585,13
379,03	1613,80
379,25	1585,13
379,47	1654,76
379,68	1503,21
379,90	1548,26
380,12	1675,24
380,34	1558,50
380,55	1630,18
380,77	1583,08
380,99	1662,95
381,20	1687,53
381,42	1529,83
381,64	1531,88
381,85	1603,56
382,07	1693,67
382,29	1546,22
382,50	1628,14
382,72	1607,66
382,94	1568,74
383,15	1599,46
383,37	1611,75
383,59	1513,45
383,80	1482,73
384,02	1609,70
384,24	1619,94
384,45	1675,24
384,67	1597,42
384,89	1578,98
385,10	1535,98
385,32	1652,71
385,54	1550,31
385,75	1538,02
385,97	1632,23
386,19	1648,61
386,40	1656,81
386,62	1529,83
386,84	1519,59
387,05	1552,36
387,27	1566,70
387,49	1564,65
387,70	1560,55
387,92	1570,79
388,14	1470,44
388,35	1621,99
388,57	1578,98
388,79	1636,33
389,00	1544,17
389,22	1591,27
389,43	1560,55
389,65	1621,99
389,87	1597,42
390,08	1558,50
390,30	1570,79
390,52	1642,47
390,73	1646,57
390,95	1560,55
391,17	1595,37
391,38	1513,45
391,60	1630,18
391,81	1656,81
392,03	1472,49
392,25	1531,88
392,46	1521,64
392,68	1712,10
392,89	1558,50
393,11	1560,55
393,33	1593,32
393,54	1621,99
393,76	1640,42
393,98	1662,95
394,19	1519,59
394,41	1548,26
394,62	1484,78
394,84	1556,46
395,06	1628,14
395,27	1538,02
395,49	1488,87
395,70	1640,42
395,92	1578,98
396,13	1574,89
396,35	1642,47
396,57	1595,37
396,78	1488,87
397,00	1533,93
397,21	1669,09
397,43	1675,24
397,65	1535,98
397,86	1613,80
398,08	1550,31
398,29	1660,90
398,51	1554,41
398,72	1665,00
398,94	1728,49
399,16	1687,53
399,37	1595,37
399,59	1613,80
399,80	1597,42
400,02	1585,13
400,23	1642,47
400,45	1581,03
400,67	1595,37
400,88	1669,09
401,10	1611,75
401,31	1638,38
401,53	1540,07
401,74	1578,98
401,96	1533,93
402,17	1628,14
402,39	1566,70
402,61	1597,42
402,82	1540,07
403,04	1613,80
403,25	1634,28
403,47	1628,14
403,68	1482,73
403,90	1697,77
404,11	1548,26
404,33	1495,02
404,54	1634,28
404,76	1535,98
404,97	1648,61
405,19	1716,20
405,41	1611,75
405,62	1675,24
405,84	1531,88
406,05	1597,42
406,27	1546,22
406,48	1640,42
406,70	1665,00
406,91	1581,03
407,13	1601,51
407,34	1554,41
407,56	1673,19
407,77	1628,14
407,99	1621,99
408,20	1751,01
408,42	1546,22
408,63	1632,23
408,85	1679,33
409,06	1615,85
409,28	1746,92
409,49	1560,55
409,71	1648,61
409,92	1658,85
410,14	1572,84
410,35	1779,68
410,57	1667,05
410,78	1540,07
411,00	1671,14
411,21	1734,63
411,43	1648,61
411,64	1568,74
411,86	1570,79
412,07	1722,34
412,29	1617,90
412,50	1646,57
412,72	1638,38
412,93	1742,82
413,15	1650,66
413,36	1638,38
413,58	1730,53
413,79	1636,33
414,01	1656,81
414,22	1617,90
414,43	1660,90
414,65	1652,71
414,86	1585,13
415,08	1665,00
415,29	1697,77
415,51	1552,36
415,72	1660,90
415,94	1628,14
416,15	1671,14
416,37	1734,63
416,58	1517,54
416,80	1642,47
417,01	1621,99
417,22	1669,09
417,44	1691,62
417,65	1708,01
417,87	1585,13
418,08	1703,91
418,30	1570,79
418,51	1654,76
418,73	1675,24
418,94	1628,14
419,15	1654,76
419,37	1728,49
419,58	1628,14
419,80	1636,33
420,01	1642,47
420,23	1595,37
420,44	1667,05
420,65	1671,14
420,87	1732,58
421,08	1710,05
421,30	1662,95
421,51	1728,49
421,73	1708,01
421,94	1554,41
422,15	1646,57
422,37	1607,66
422,58	1591,27
422,80	1593,32
423,01	1679,33
423,22	1591,27
423,44	1591,27
423,65	1714,15
423,87	1619,94
424,08	1810,40
424,29	1669,09
424,51	1611,75
424,72	1691,62
424,94	1562,60
425,15	1673,19
425,36	1757,16
425,58	1701,86
425,79	1779,68
426,01	1814,50
426,22	1726,44
426,43	1728,49
426,65	1679,33
426,86	1740,77
427,08	1744,87
427,29	1669,09
427,50	1685,48
427,72	1695,72
427,93	1746,92
428,14	1572,84
428,36	1738,73
428,57	1699,81
428,79	1710,05
429,00	1834,98
429,21	1757,16
429,43	1701,86
429,64	1695,72
429,85	1689,57
430,07	1810,40
430,28	1652,71
430,49	1662,95
430,71	1712,10
430,92	1710,05
431,14	1732,58
431,35	1785,83
431,56	1834,98
431,78	1765,35
431,99	1851,36
432,20	1828,84
432,42	1759,21
432,63	1746,92
432,84	1804,26
433,06	1740,77
433,27	1773,54
433,48	1880,04
433,70	1724,39
433,91	1875,94
434,12	1708,01
434,34	1789,92
434,55	1812,45
434,76	1757,16
434,98	1839,08
435,19	1783,78
435,40	1785,83
435,62	1791,97
435,83	1929,19
436,04	1779,68
436,26	1839,08
436,47	1826,79
436,68	1882,08
436,90	1869,80
437,11	1890,28
437,32	1808,36
437,54	1873,89
437,75	1798,12
437,96	1927,14
438,17	1947,62
438,39	1877,99
438,60	1902,56
438,81	1968,10
439,03	2029,54
439,24	1892,32
439,45	2004,96
439,67	1918,95
439,88	2000,87
440,09	1978,34
440,30	2072,54
440,52	2004,96
440,73	1947,62
440,94	2002,91
441,16	1980,39
441,37	2023,39
441,58	2013,15
441,80	1974,24
442,01	2009,06
442,22	2072,54
442,43	2009,06
442,65	2150,37
442,86	2080,74
443,07	2072,54
443,28	1968,10
443,50	2050,02
443,71	2050,02
443,92	2095,07
444,14	2019,30
444,35	2176,99
444,56	2070,50
444,77	2015,20
444,99	2052,06
445,20	2060,26
445,41	2086,88
445,62	2060,26
445,84	2170,85
446,05	2205,66
446,26	2183,13
446,47	2174,94
446,69	2093,02
446,90	2019,30
447,11	2234,33
447,32	2029,54
447,54	2129,89
447,75	2138,08
447,96	2074,59
448,17	2097,12
448,39	2140,13
448,60	1980,39
448,81	2166,75
449,02	2140,13
449,23	2101,22
449,45	2142,18
449,66	1996,77
449,87	2015,20
450,08	2099,17
450,30	2021,35
450,51	1978,34
450,72	2021,35
450,93	2080,74
451,15	2103,26
451,36	2047,97
451,57	2088,93
451,78	2066,40
451,99	2113,50
452,21	2068,45
452,42	2062,30
452,63	2074,59
452,84	1978,34
453,05	2007,01
453,27	2037,73
453,48	2195,42
453,69	1961,95
453,90	2035,68
454,11	1959,91
454,33	2052,06
454,54	1984,48
454,75	2017,25
454,96	2027,49
455,17	2000,87
455,39	2013,15
455,60	1949,67
455,81	2066,40
456,02	2062,30
456,23	2060,26
456,45	2019,30
456,66	1978,34
456,87	1937,38
457,08	2015,20
457,29	2076,64
457,50	1902,56
457,72	1927,14
457,93	1929,19
458,14	1933,28
458,35	2021,35
458,56	1992,67
458,77	1925,09
458,99	2037,73
459,20	2009,06
459,41	1904,61
459,62	1978,34
459,83	2031,58
460,04	1892,32
460,26	1957,86
460,47	1943,52
460,68	1869,80
460,89	1957,86
461,10	1910,75
461,31	1968,10
461,52	1949,67
461,74	2064,35
461,95	1861,60
462,16	1910,75
462,37	1916,90
462,58	1959,91
462,79	1970,15
463,00	1955,81
463,22	2015,20
463,43	1828,84
463,64	1961,95
463,85	1877,99
464,06	1957,86
464,27	1961,95
464,48	1871,84
464,70	1867,75
464,91	1918,95
465,12	1943,52
465,33	2043,87
465,54	2037,73
465,75	1953,76
465,96	1900,52
466,17	1968,10
466,38	2000,87
466,60	1941,47
466,81	1898,47
467,02	1906,66
467,23	1912,80
467,44	1943,52
467,65	1947,62
467,86	2017,25
468,07	1871,84
468,28	1947,62
468,50	1896,42
468,71	1984,48
468,92	1968,10
469,13	1826,79
469,34	1964,00
469,55	1937,38
469,76	1859,56
469,97	2015,20
470,18	1884,13
470,39	1957,86
470,60	1914,85
470,82	1918,95
471,03	1796,07
471,24	1968,10
471,45	1964,00
471,66	1974,24
471,87	1849,32
472,08	1951,71
472,29	1923,04
472,50	1925,09
472,71	1888,23
472,92	1974,24
473,13	1900,52
473,34	1951,71
473,55	1968,10
473,77	1953,76
473,98	1959,91
474,19	1994,72
474,40	1877,99
474,61	1943,52
474,82	1886,18
475,03	1923,04
475,24	1875,94
475,45	1992,67
475,66	1982,43
475,87	2039,78
476,08	1929,19
476,29	1955,81
476,50	1929,19
476,71	1990,63
476,92	1964,00
477,13	1945,57
477,34	1964,00
477,55	2009,06
477,76	1964,00
477,97	1943,52
478,18	1972,19
478,40	2009,06
478,61	2066,40
478,82	2035,68
479,03	2009,06
479,24	2000,87
479,45	2002,91
479,66	2039,78
479,87	2133,98
480,08	1994,72
480,29	1966,05
480,50	2164,70
480,71	2115,55
480,92	2129,89
481,13	2064,35
481,34	2035,68
481,55	2015,20
481,76	2031,58
481,97	2017,25
482,18	2117,60
482,39	1957,86
482,60	2097,12
482,81	2047,97
483,02	2082,78
483,23	2205,66
483,44	2070,50
483,65	2043,87
483,86	2115,55
484,07	2129,89
484,28	2136,03
484,49	2144,22
484,70	2088,93
484,91	2080,74
485,12	2113,50
485,33	2107,36
485,54	2181,09
485,75	2101,22
485,96	2230,24
486,17	2093,02
486,38	2058,21
486,59	2166,75
486,80	2121,70
487,01	2170,85
487,21	2197,47
487,42	2179,04
487,63	2265,05
487,84	2158,56
488,05	2146,27
488,26	2385,88
488,47	2226,14
488,68	2176,99
488,89	2260,96
489,10	2164,70
489,31	2236,38
489,52	2260,96
489,73	2250,72
489,94	2379,74
490,15	2230,24
490,36	2320,35
490,57	2281,44
490,78	2152,42
490,99	2232,29
491,20	2283,49
491,41	2263,01
491,61	2387,93
491,82	2334,68
492,03	2361,31
492,24	2349,02
492,45	2330,59
492,66	2244,57
492,87	2303,96
493,08	2265,05
493,29	2252,77
493,50	2314,20
493,71	2346,97
493,92	2355,16
494,13	2404,32
494,34	2312,16
494,54	2408,41
494,75	2486,23
494,96	2578,39
495,17	2303,96
495,38	2412,51
495,59	2269,15
495,80	2410,46
496,01	2447,32
496,22	2394,08
496,43	2392,03
496,64	2402,27
496,84	2447,32
497,05	2504,67
497,26	2547,67
497,47	2496,47
497,68	2588,63
497,89	2365,40
498,10	2445,27
498,31	2559,96
498,52	2404,32
498,72	2492,38
498,93	2467,80
499,14	2486,23
499,35	2424,80
499,56	2408,41
499,77	2441,18
499,98	2594,78
500,19	2512,86
500,40	2463,71
500,60	2363,36
500,81	2637,78
501,02	2547,67
501,23	2529,24
501,44	2473,95
501,65	2506,71
501,86	2527,19
502,06	2486,23
502,27	2557,91
502,48	2584,54
502,69	2609,11
502,90	2674,65
503,11	2473,95
503,32	2680,79
503,53	2576,34
503,73	2607,06
503,94	2615,26
504,15	2756,57
504,36	2609,11
504,57	2598,87
504,78	2600,92
504,98	2586,58
505,19	2572,25
505,40	2605,02
505,61	2541,53
505,82	2684,89
506,03	2672,60
506,23	2648,02
506,44	2676,70
506,65	2727,89
506,86	2615,26
507,07	2705,37
507,28	2684,89
507,48	2627,54
507,69	2752,47
507,90	2637,78
508,11	2615,26
508,32	2701,27
508,53	2680,79
508,73	2836,44
508,94	2678,74
509,15	2688,98
509,36	2699,22
509,57	2709,46
509,77	2693,08
509,98	2713,56
510,19	2619,35
510,40	2805,72
510,61	2688,98
510,81	2813,91
511,02	2795,48
511,23	2744,28
511,44	2676,70
511,65	2652,12
511,85	2844,63
512,06	2815,96
512,27	2713,56
512,48	2867,16
512,69	2695,13
512,89	2760,66
513,10	2871,25
513,31	2809,81
513,52	2791,38
513,73	2828,24
513,93	2779,09
514,14	2924,50
514,35	2856,92
514,56	2865,11
514,76	2707,41
514,97	2901,97
515,18	2914,26
515,39	2828,24
515,60	2879,44
515,80	2799,57
516,01	2904,02
516,22	2869,20
516,43	2863,06
516,63	2926,55
516,84	2942,93
517,05	2895,83
517,26	2942,93
517,46	2916,31
517,67	2873,30
517,88	2815,96
518,09	2811,86
518,29	2807,77
518,50	2912,21
518,71	2848,72
518,92	2975,70
519,12	2924,50
519,33	2969,55
519,54	2912,21
519,75	3010,51
519,95	2985,94
520,16	2873,30
520,37	2803,67
520,57	2885,59
520,78	3037,14
520,99	2928,60
521,20	2877,40
521,40	2916,31
521,61	2936,79
521,82	2871,25
522,03	2840,53
522,23	2887,64
522,44	2904,02
522,65	2826,20
522,85	2858,96
523,06	2914,26
523,27	3039,19
523,48	3018,71
523,68	2891,73
523,89	2969,55
524,10	3022,80
524,30	2936,79
524,51	2924,50
524,72	3051,47
524,93	2990,03
525,13	2908,12
525,34	3028,95
525,55	3057,62
525,75	3014,61
525,96	2961,36
526,17	3000,27
526,37	2979,79
526,58	2979,79
526,79	3002,32
526,99	2971,60
527,20	3039,19
527,41	2967,51
527,62	2981,84
527,82	2951,12
528,03	2883,54
528,24	3004,37
528,44	2973,65
528,65	2977,75
528,86	2987,99
529,06	3022,80
529,27	3053,52
529,48	2998,23
529,68	2963,41
529,89	3076,05
530,10	3082,19
530,30	3057,62
530,51	3006,42
530,72	3065,81
530,92	3080,14
531,13	3043,28
531,34	3129,30
531,54	2983,89
531,75	3221,45
531,96	3182,54
532,16	3088,34
532,37	3110,86
532,57	3114,96
532,78	3131,34
532,99	3024,85
533,19	3145,68
533,40	3252,17
533,61	3033,04
533,81	3012,56
534,02	3035,09
534,23	3217,36
534,43	3071,95
534,64	3030,99
534,84	3104,72
535,05	3082,19
535,26	3098,58
535,46	3147,73
535,67	3170,26
535,88	2951,12
536,08	3133,39
536,29	3108,82
536,49	3045,33
536,70	3117,01
536,91	2979,79
537,11	3119,06
537,32	2998,23
537,53	3057,62
537,73	3149,78
537,94	3010,51
538,14	3127,25
538,35	3024,85
538,56	3069,91
538,76	2949,08
538,97	3106,77
539,17	2891,73
539,38	3155,92
539,59	3135,44
539,79	3127,25
540,00	3188,69
540,20	3110,86
540,41	3164,11
540,62	3168,21
540,82	3074,00
541,03	3028,95
541,23	3039,19
541,44	3104,72
541,64	3178,45
541,85	3088,34
542,06	3090,38
542,26	3076,05
542,47	3129,30
542,67	3106,77
542,88	3131,34
543,08	3160,02
543,29	3141,58
543,50	3196,88
543,70	3080,14
543,91	3233,74
544,11	3035,09
544,32	3209,17
544,52	3215,31
544,73	3094,48
544,94	3045,33
545,14	2967,51
545,35	2985,94
545,55	3211,22
545,76	3160,02
545,96	3020,75
546,17	3149,78
546,37	3219,41
546,58	3174,35
546,78	3086,29
546,99	3178,45
547,20	3252,17
547,40	3178,45
547,61	3037,14
547,81	3133,39
548,02	3215,31
548,22	3016,66
548,43	3223,50
548,63	3145,68
548,84	3160,02
549,04	3223,50
549,25	3096,53
549,45	3272,65
549,66	3094,48
549,86	3221,45
550,07	3014,61
550,27	3059,67
550,48	3121,10
550,69	3200,98
550,89	3225,55
551,10	3153,87
551,30	3280,85
551,51	3239,89
551,71	3307,47
551,92	3178,45
552,12	3143,63
552,33	3188,69
552,53	3074,00
552,74	3223,50
552,94	3182,54
553,15	3039,19
553,35	3243,98
553,56	3188,69
553,76	3200,98
553,97	3211,22
554,17	3076,05
554,38	3205,07
554,58	3157,97
554,79	3084,24
554,99	3125,20
555,19	2969,55
555,40	3286,99
555,60	3233,74
555,81	2987,99
556,01	3246,03
556,22	3198,93
556,42	3194,83
556,63	3141,58
556,83	3157,97
557,04	3219,41
557,24	3307,47
557,45	3192,78
557,65	3178,45
557,86	3123,15
558,06	3180,50
558,27	3235,79
558,47	3102,67
558,67	3280,85
558,88	3162,06
559,08	3194,83
559,29	3143,63
559,49	3192,78
559,70	3108,82
559,90	3282,89
560,11	3069,91
560,31	3215,31
560,52	3155,92
560,72	3219,41
560,92	3264,46
561,13	3129,30
561,33	3157,97
561,54	3256,27
561,74	3213,26
561,95	3100,62
562,15	3323,85
562,35	3117,01
562,56	3166,16
562,76	3094,48
562,97	3229,65
563,17	3166,16
563,38	3434,44
563,58	3164,11
563,78	3227,60
563,99	3176,40
564,19	3094,48
564,40	3303,37
564,60	3258,32
564,80	3082,19
565,01	3155,92
565,21	3231,69
565,42	3291,09
565,62	3153,87
565,83	3160,02
566,03	3235,79
566,23	3135,44
566,44	3258,32
566,64	3057,62
566,85	3139,54
567,05	3260,37
567,25	3190,74
567,46	3327,95
567,66	3198,93
567,86	3174,35
568,07	3231,69
568,27	3241,93
568,48	3092,43
568,68	3207,12
568,88	3147,73
569,09	3368,91
569,29	3192,78
569,50	3155,92
569,70	3106,77
569,90	3198,93
570,11	3278,80
570,31	3186,64
570,51	3213,26
570,72	3229,65
570,92	3303,37
571,13	3297,23
571,33	3141,58
571,53	3344,33
571,74	3180,50
571,94	3303,37
572,14	3196,88
572,35	3119,06
572,55	3330,00
572,75	3178,45
572,96	3356,62
573,16	3215,31
573,36	3266,51
573,57	3293,13
573,77	3151,82
573,97	3268,56
574,18	3203,02
574,38	3143,63
574,59	3272,65
574,79	3313,61
574,99	3303,37
575,20	3282,89
575,40	3090,38
575,60	3274,70
575,81	3307,47
576,01	3289,04
576,21	3270,61
576,42	3282,89
576,62	3063,76
576,82	3188,69
577,02	3239,89
577,23	3243,98
577,43	3301,33
577,63	3237,84
577,84	3157,97
578,04	3203,02
578,24	3086,29
578,45	3176,40
578,65	3243,98
578,85	3241,93
579,06	3342,28
579,26	3327,95
579,46	3196,88
579,67	3272,65
579,87	3307,47
580,07	3293,13
580,27	3186,64
580,48	3231,69
580,68	3282,89
580,88	3401,68
581,09	3280,85
581,29	3397,58
581,49	3270,61
581,69	3188,69
581,90	3190,74
582,10	3200,98
582,30	3315,66
582,51	3264,46
582,71	3307,47
582,91	3280,85
583,11	3403,72
583,32	3250,13
583,52	3262,41
583,72	3211,22
583,93	3233,74
584,13	3311,57
584,33	3375,05
584,53	3301,33
584,74	3350,48
584,94	3225,55
585,14	3344,33
585,34	3465,16
585,55	3338,19
585,75	3272,65
585,95	3246,03
586,15	3315,66
586,36	3291,09
586,56	3303,37
586,76	3295,18
586,96	3235,79
587,17	3196,88
587,37	3309,52
587,57	3301,33
587,77	3309,52
587,98	3368,91
588,18	3344,33
588,38	3307,47
588,58	3334,09
588,79	3387,34
588,99	3422,16
589,19	3418,06
589,39	3317,71
589,60	3336,14
589,80	3366,86
590,00	3403,72
590,20	3358,67
590,40	3370,96
590,61	3381,20
590,81	3350,48
591,01	3438,54
591,21	3596,23
591,42	3432,40
591,62	3334,09
591,82	3354,57
592,02	3456,97
592,22	3493,83
592,43	3362,76
592,63	3407,82
592,83	3536,84
593,03	3506,12
593,23	3565,51
593,44	3614,66
593,64	3502,03
593,84	3614,66
594,04	3684,30
594,24	3495,88
594,45	3596,23
594,65	3547,08
594,85	3626,95
595,05	3608,52
595,25	3434,44
595,46	3696,58
595,66	3659,72
595,86	3600,33
596,06	3618,76
596,26	3571,66
596,46	3766,21
596,67	3547,08
596,87	3637,19
597,07	3643,34
597,27	3708,87
597,47	3753,93
597,67	3862,47
597,88	3717,06
598,08	3776,45
598,28	3813,32
598,48	3758,02
598,68	3790,79
598,88	3919,81
599,09	3936,20
599,29	3874,76
599,49	4022,21
599,69	4032,45
599,89	4061,12
600,09	4063,17
600,30	3997,64
600,50	4114,37
600,70	4079,55
600,90	3999,68
601,10	4323,26
601,30	4102,08
601,50	4173,76
601,71	4288,45
601,91	4214,72
602,11	4061,12
602,31	4267,97
602,51	4239,30
602,71	4167,62
602,91	4265,92
603,11	4298,69
603,32	4407,23
603,52	4440,00
603,72	4431,80
603,92	4411,32
604,12	4505,53
604,32	4648,89
604,52	4652,98
604,72	4612,03
604,93	4687,80
605,13	4814,77
605,33	4695,99
605,53	4992,95
605,73	4667,32
605,93	4900,79
606,13	4765,62
606,33	4894,65
606,53	4978,61
606,74	4992,95
606,94	5091,25
607,14	5117,87
607,34	5021,62
607,54	5169,07
607,74	5312,43
607,94	5038,00
608,14	5353,39
608,34	5427,12
608,54	5451,69
608,74	5414,83
608,95	5533,61
609,15	5842,85
609,35	5539,76
609,55	5722,02
609,75	5681,07
609,95	5756,84
610,15	5867,43
610,35	5918,63
610,55	6037,41
610,75	6090,66
610,95	6025,12
611,15	6199,20
611,35	6295,46
611,55	6459,29
611,76	6606,75
611,96	6590,36
612,16	6778,78
612,36	6819,74
612,56	6823,83
612,76	6889,37
612,96	6832,02
613,16	7214,99
613,36	6985,62
613,56	7239,57
613,76	7235,47
613,96	7202,71
614,16	7407,50
614,36	7380,88
614,56	7702,41
614,76	7829,38
614,96	7993,22
615,16	7931,78
615,36	8015,75
615,56	8099,72
615,76	8142,72
615,97	8314,75
616,17	8343,42
616,37	8712,06
616,57	8836,99
616,77	8990,58
616,97	9123,70
617,17	9115,51
617,37	9303,92
617,57	9322,35
617,77	9584,49
617,97	9746,28
618,17	9797,48
618,37	9961,32
618,57	10178,40
618,77	10254,18
618,97	10354,53
619,17	10463,07
619,37	10825,56
619,57	10745,69
619,77	10823,51
619,97	11355,99
620,17	11413,33
620,37	11611,98
620,57	11517,78
620,77	11751,24
620,97	11972,43
621,17	12269,38
621,37	12232,52
621,57	12361,54
621,77	12816,19
621,97	12908,35
622,17	13102,90
622,37	13446,96
622,57	13643,57
622,77	13868,84
622,97	14155,56
623,17	14225,19
623,37	14667,55
623,57	14944,03
623,77	14972,70
623,97	15005,47
624,16	15181,59
624,36	15666,96
624,56	16078,60
624,76	16156,43
624,96	16482,05
625,16	16656,13
625,36	16912,13
625,56	17514,23
625,76	17667,83
625,96	17956,59
626,16	18204,39
626,36	18581,22
626,56	19062,49
626,76	19330,78
626,96	19523,29
627,16	19863,25
627,36	20190,92
627,56	20657,86
627,76	21233,34
627,96	21081,79
628,16	21964,46
628,35	22126,25
628,55	22509,22
628,75	22898,34
628,95	23320,22
629,15	23809,68
629,35	23953,04
629,55	24557,19
629,75	24491,66
629,95	25140,86
630,15	25876,09
630,35	26078,83
630,55	26529,39
630,75	26707,56
630,95	27336,29
631,14	28067,41
631,34	28460,62
631,54	28894,79
631,74	29711,93
631,94	29503,04
632,14	30549,55
632,34	30365,23
632,54	31385,12
632,74	31821,34
632,94	32243,22
633,14	33031,69
633,33	33373,70
633,53	33928,70
633,73	34508,27
633,93	34817,52
634,13	35423,72
634,33	35931,61
634,53	36081,11
634,73	36656,59
634,93	37508,55
635,12	37553,60
635,32	38393,27
635,52	38886,83
635,72	39353,77
635,92	39921,05
636,12	39947,68
636,32	40502,68
636,52	41006,48
636,71	41344,39
636,91	41682,31
637,11	41987,46
637,31	42687,86
637,51	42659,19
637,71	43703,65
637,91	43724,13
638,11	43515,24
638,30	43625,83
638,50	44504,41
638,70	45040,98
638,90	44277,08
639,10	44203,36
639,30	44625,24
639,50	44533,08
639,69	45147,47
639,89	44815,70
640,09	44367,20
640,29	44651,86
640,49	44367,20
640,69	44520,79
640,88	44156,25
641,08	44205,41
641,28	43920,74
641,48	43568,49
641,68	42718,58
641,88	43091,31
642,07	42380,67
642,27	41913,73
642,47	41475,46
642,67	41215,37
642,87	40394,14
643,07	39712,16
643,26	39613,86
643,46	38944,17
643,66	38221,24
643,86	37438,92
644,06	36967,88
644,26	36183,51
644,45	35620,32
644,65	35018,22
644,85	34702,83
645,05	33555,97
645,25	32654,86
645,44	32181,78
645,64	30922,28
645,84	30844,46
646,04	29863,48
646,24	29269,57
646,43	28446,29
646,63	27801,18
646,83	26850,92
647,03	26592,87
647,23	25362,04
647,42	25206,40
647,62	24088,21
647,82	23314,08
648,02	22769,32
648,22	21952,18
648,41	21249,72
648,61	20586,18
648,81	20096,72
649,01	19525,33
649,20	18872,03
649,40	18382,57
649,60	17886,96
649,80	17254,14
650,00	16754,43
650,19	16181,00
650,39	15781,65
650,59	15331,09
650,79	14866,21
650,98	14608,16
651,18	14092,07
651,38	13793,07
651,58	13217,59
651,77	12881,72
651,97	12289,86
652,17	12025,67
652,37	11693,90
652,56	11370,32
652,76	10977,11
652,96	10934,11
653,16	10569,57
653,35	10110,82
653,55	10026,86
653,75	9887,59
653,95	9490,29
654,14	9103,22
654,34	8888,18
654,54	8816,51
654,74	8597,37
654,93	8349,57
655,13	8163,20
655,33	7800,71
655,52	7552,91
655,72	7665,55
655,92	7378,83
656,12	7200,66
656,31	7020,44
656,51	6791,06
656,71	6707,10
656,91	6549,40
657,10	6356,90
657,30	6432,67
657,50	6184,87
657,69	6049,70
657,89	5877,67
658,09	5849,00
658,29	5668,78
658,48	5584,81
658,68	5425,07
658,88	5263,28
659,07	5185,46
659,27	5021,62
659,47	5011,38
659,66	5033,91
659,86	4734,90
660,06	4739,00
660,26	4587,45
660,45	4640,70
660,65	4700,09
660,85	4523,96
661,04	4323,26
661,24	4313,02
661,44	4069,31
661,63	4016,07
661,83	4140,99
662,03	3966,92
662,22	3960,77
662,42	3866,56
662,62	3768,26
662,81	3796,93
663,01	3659,72
663,21	3749,83
663,40	3530,70
663,60	3637,19
663,80	3487,69
663,99	3692,49
664,19	3487,69
664,39	3456,97
664,58	3336,14
664,78	3309,52
664,98	3194,83
665,17	3129,30
665,37	3160,02
665,57	3256,27
665,76	3092,43
665,96	3117,01
666,16	3051,47
666,35	3100,62
666,55	3090,38
666,74	3071,95
666,94	3043,28
667,14	2940,88
667,33	2842,58
667,53	2904,02
667,73	2799,57
667,92	2844,63
668,12	2750,42
668,32	2932,69
668,51	2799,57
668,71	2709,46
668,90	2666,46
669,10	2631,64
669,30	2727,89
669,49	2643,93
669,69	2678,74
669,89	2559,96
670,08	2635,74
670,28	2871,25
670,47	2625,50
670,67	2617,30
670,87	2568,15
671,06	2658,26
671,26	2557,91
671,45	2492,38
671,65	2545,63
671,85	2416,60
672,04	2469,85
672,24	2408,41
672,43	2500,57
672,63	2506,71
672,83	2426,84
673,02	2340,83
673,22	2361,31
673,41	2308,06
673,61	2322,40
673,81	2373,60
674,00	2510,81
674,20	2256,86
674,39	2271,20
674,59	2328,54
674,78	2238,43
674,98	2375,64
675,18	2316,25
675,37	2306,01
675,57	2271,20
675,76	2248,67
675,96	2303,96
676,15	2295,77
676,35	2197,47
676,55	2287,58
676,74	2174,94
676,94	2140,13
677,13	2244,57
677,33	2273,25
677,52	2273,25
677,72	2250,72
677,91	2050,02
678,11	2168,80
678,31	2199,52
678,50	2215,90
678,70	2176,99
678,89	2236,38
679,09	2148,32
679,28	2117,60
679,48	2217,95
679,67	2203,61
679,87	2105,31
680,06	2176,99
680,26	2244,57
680,46	2172,89
680,65	2144,22
680,85	2039,78
681,04	2119,65
681,24	2138,08
681,43	2068,45
681,63	2088,93
681,82	2070,50
682,02	2068,45
682,21	2158,56
682,41	1978,34
682,60	2066,40
682,80	2074,59
682,99	2090,98
683,19	2148,32
683,38	2183,13
683,58	2107,36
683,77	2054,11
683,97	2131,94
684,16	2107,36
684,36	1996,77
684,55	2025,44
684,75	1988,58
684,94	2047,97
685,14	2023,39
685,33	2017,25
685,53	1937,38
685,72	2019,30
685,92	2043,87
686,11	1933,28
686,31	2021,35
686,50	2037,73
686,70	1959,91
686,89	1947,62
687,09	1937,38
687,28	1988,58
687,48	1925,09
687,67	1955,81
687,87	2045,92
688,06	1982,43
688,26	2062,30
688,45	1998,82
688,65	1929,19
688,84	2068,45
689,03	1966,05
689,23	1894,37
689,42	2068,45
689,62	2013,15
689,81	1984,48
690,01	1910,75
690,20	1861,60
690,40	1986,53
690,59	2074,59
690,79	1990,63
690,98	1986,53
691,17	1976,29
691,37	2007,01
691,56	2011,11
691,76	2033,63
691,95	1968,10
692,15	1886,18
692,34	1957,86
692,54	2007,01
692,73	1904,61
692,92	2039,78
693,12	1900,52
693,31	1933,28
693,51	2017,25
693,70	1992,67
693,90	1961,95
694,09	2004,96
694,28	1929,19
694,48	1933,28
694,67	1918,95
694,87	1972,19
695,06	2013,15
695,26	1959,91
695,45	1992,67
695,64	1906,66
695,84	1990,63
696,03	1941,47
696,23	1994,72
696,42	1894,37
696,61	1988,58
696,81	1859,56
697,00	1865,70
697,20	1953,76
697,39	1892,32
697,58	1869,80
697,78	1961,95
697,97	2029,54
698,17	1976,29
698,36	1908,71
698,55	1880,04
698,75	2023,39
698,94	1877,99
699,14	1894,37
699,33	1853,41
699,52	1900,52
699,72	1908,71
699,91	1986,53
700,10	1916,90
700,30	1900,52
700,49	1982,43
700,69	1943,52
700,88	1908,71
701,07	1939,43
701,27	1916,90
701,46	2080,74
701,65	1877,99
701,85	1884,13
702,04	1984,48
702,23	1877,99
702,43	1933,28
702,62	1953,76
702,82	1851,36
703,01	2097,12
703,20	1947,62
703,40	1951,71
703,59	1908,71
703,78	1976,29
703,98	1947,62
704,17	1943,52
704,36	1949,67
704,56	2080,74
704,75	1882,08
704,94	1964,00
705,14	2017,25
705,33	1955,81
705,52	1953,76
705,72	1912,80
705,91	1882,08
706,10	2007,01
706,30	1888,23
706,49	1961,95
706,68	1927,14
706,88	1943,52
707,07	1912,80
707,26	1882,08
707,46	2070,50
707,65	2000,87
707,84	1894,37
708,04	1937,38
708,23	2041,82
708,42	1927,14
708,62	1875,94
708,81	1906,66
709,00	2029,54
709,19	1996,77
709,39	1947,62
709,58	1906,66
709,77	1865,70
709,97	1945,57
710,16	1966,05
710,35	2033,63
710,55	1966,05
710,74	2031,58
710,93	1902,56
711,12	1982,43
711,32	1877,99
711,51	1990,63
711,70	1892,32
711,90	1863,65
712,09	1806,31
712,28	1947,62
712,47	1970,15
712,67	1920,99
712,86	1947,62
713,05	1970,15
713,24	1843,17
713,44	1986,53
713,63	1865,70
713,82	1970,15
714,02	1990,63
714,21	2037,73
714,40	1992,67
714,59	1994,72
714,79	1783,78
714,98	1906,66
715,17	2072,54
715,36	1925,09
715,56	1916,90
715,75	1949,67
715,94	2050,02
716,13	1910,75
716,33	1880,04
716,52	1843,17
716,71	1832,93
716,90	1900,52
717,10	1912,80
717,29	1871,84
717,48	1955,81
717,67	1929,19
717,87	1855,46
718,06	1988,58
718,25	1908,71
718,44	1941,47
718,63	1888,23
718,83	1785,83
719,02	1810,40
719,21	1908,71
719,40	1769,44
719,60	1828,84
719,79	1892,32
719,98	1863,65
720,17	1853,41
720,36	1806,31
720,56	1892,32
720,75	1767,40
720,94	1890,28
721,13	1908,71
721,33	1865,70
721,52	1822,69
721,71	2002,91
721,90	1931,23
722,09	1865,70
722,29	1888,23
722,48	1769,44
722,67	1871,84
722,86	1984,48
723,05	1834,98
723,24	1994,72
723,44	1853,41
723,63	1826,79
723,82	1912,80
724,01	1916,90
724,20	1912,80
724,40	1775,59
724,59	1875,94
724,78	1787,88
724,97	1882,08
725,16	1843,17
725,35	1972,19
725,55	1839,08
725,74	1920,99
725,93	1980,39
726,12	1849,32
726,31	1923,04
726,51	1910,75
726,70	1800,16
726,89	1877,99
727,08	1828,84
727,27	1949,67
727,46	1968,10
727,65	1964,00
727,85	1824,74
728,04	1865,70
728,23	1791,97
728,42	1894,37
728,61	1877,99
728,80	1867,75
729,00	1834,98
729,19	1945,57
729,38	1959,91
729,57	1912,80
729,76	1753,06
729,95	1974,24
730,14	1890,28
730,33	1882,08
730,53	1888,23
730,72	1822,69
730,91	1906,66
731,10	1951,71
731,29	1994,72
731,48	1927,14
731,67	1841,12
731,86	1851,36
732,06	1929,19
732,25	1896,42
732,44	1970,15
732,63	1867,75
732,82	1959,91
733,01	1976,29
733,20	1923,04
733,39	1923,04
733,59	1880,04
733,78	1951,71
733,97	1998,82
734,16	1961,95
734,35	1892,32
734,54	1982,43
734,73	1834,98
734,92	1931,23
735,11	1863,65
735,30	1920,99
735,49	1990,63
735,69	2017,25
735,88	1947,62
736,07	1945,57
736,26	1896,42
736,45	1902,56
736,64	1834,98
736,83	1941,47
737,02	1943,52
737,21	1949,67
737,40	1882,08
737,59	2021,35
737,78	1798,12
737,98	1824,74
738,17	1847,27
738,36	2007,01
738,55	1978,34
738,74	1925,09
738,93	1920,99
739,12	1972,19
739,31	1880,04
739,50	1904,61
739,69	2058,21
739,88	1890,28
740,07	2007,01
740,26	1941,47
740,45	1951,71
740,64	1896,42
740,83	1884,13
741,02	1824,74
741,22	1923,04
741,41	1949,67
741,60	1970,15
741,79	2011,11
741,98	1937,38
742,17	1855,46
742,36	1902,56
742,55	1871,84
742,74	2084,83
742,93	2017,25
743,12	1964,00
743,31	1804,26
743,50	2002,91
743,69	1920,99
743,88	1970,15
744,07	1853,41
744,26	2070,50
744,45	1910,75
744,64	1953,76
744,83	1875,94
745,02	1787,88
745,21	1908,71
745,40	1873,89
745,59	2019,30
745,78	1927,14
745,97	1964,00
746,16	1912,80
746,35	1949,67
746,54	1869,80
746,73	1869,80
746,92	1970,15
747,11	1898,47
747,30	1933,28
747,49	1961,95
747,68	1927,14
747,87	1949,67
748,06	1966,05
748,25	1976,29
748,44	1914,85
748,63	1933,28
748,82	1902,56
749,01	1906,66
749,20	1896,42
749,39	1845,22
749,58	1966,05
749,77	1982,43
749,96	1914,85
750,15	1935,33
750,34	1857,51
750,53	1929,19
750,72	1898,47
750,91	1822,69
751,10	1927,14
751,29	1863,65
751,48	1798,12
751,67	1880,04
751,86	1972,19
752,04	1931,23
752,23	1937,38
752,42	1914,85
752,61	1869,80
752,80	1906,66
752,99	1877,99
753,18	1904,61
753,37	1923,04
753,56	1804,26
753,75	1890,28
753,94	1755,11
754,13	1943,52
754,32	1812,45
754,51	1806,31
754,70	1935,33
754,89	1982,43
755,08	1884,13
755,27	1800,16
755,45	1927,14
755,64	1871,84
755,83	1855,46
756,02	1914,85
756,21	1869,80
756,40	1863,65
756,59	1800,16
756,78	1839,08
756,97	1820,64
757,16	1824,74
757,35	1884,13
757,54	1775,59
757,72	1818,60
757,91	1753,06
758,10	1867,75
758,29	1783,78
758,48	1910,75
758,67	1859,56
758,86	1765,35
759,05	1798,12
759,24	1757,16
759,43	1843,17
759,61	1716,20
759,80	1751,01
759,99	1828,84
760,18	1740,77
760,37	1771,49
760,56	1626,09
760,75	1783,78
760,94	1794,02
761,13	1791,97
761,31	1834,98
761,50	1843,17
761,69	1779,68
761,88	1763,30
762,07	1703,91
762,26	1839,08
762,45	1787,88
762,64	1761,25
762,82	1658,85
763,01	1748,97
763,20	1742,82
763,39	1771,49
763,58	1789,92
763,77	1722,34
763,96	1630,18
764,14	1785,83
764,33	1722,34
764,52	1763,30
764,71	1798,12
764,90	1839,08
765,09	1712,10
765,27	1796,07
765,46	1791,97
765,65	1798,12
765,84	1808,36
766,03	1880,04
766,22	1808,36
766,41	1783,78
766,59	1757,16
766,78	1806,31
766,97	1814,50
767,16	1806,31
767,35	1761,25
767,54	1890,28
767,72	1910,75
767,91	1855,46
768,10	1810,40
768,29	1824,74
768,48	1867,75
768,66	1783,78
768,85	1849,32
769,04	1746,92
769,23	1814,50
769,42	1884,13
769,61	1869,80
769,79	1877,99
769,98	1875,94
770,17	1804,26
770,36	1912,80
770,55	1837,03
770,73	1908,71
770,92	1884,13
771,11	1863,65
771,30	1798,12
771,49	1964,00
771,67	1988,58
771,86	1808,36
772,05	1812,45
772,24	1742,82
772,42	1771,49
772,61	1896,42
772,80	1828,84
772,99	1802,21
773,18	1806,31
773,36	1767,40
773,55	1843,17
773,74	1775,59
773,93	1853,41
774,11	1746,92
774,30	1947,62
774,49	1816,55
774,68	1894,37
774,87	1880,04
775,05	1771,49
775,24	1763,30
775,43	1757,16
775,62	1845,22
775,80	1822,69
775,99	1826,79
776,18	1898,47
776,37	1794,02
776,55	1957,86
776,74	1744,87
776,93	1880,04
777,12	1888,23
777,30	1830,88
777,49	1734,63
777,68	1877,99
777,87	1777,64
778,05	1828,84
778,24	1796,07
778,43	1769,44
778,62	1865,70
778,80	1863,65
778,99	1826,79
779,18	1837,03
779,36	1925,09
779,55	1832,93
779,74	1857,51
779,93	1828,84
780,11	1861,60
780,30	1726,44
780,49	1916,90
780,68	1853,41
780,86	1847,27
781,05	1877,99
781,24	1789,92
781,42	1900,52
781,61	1837,03
781,80	1726,44
781,98	1845,22
782,17	1867,75
782,36	1806,31
782,55	1832,93
782,73	1722,34
782,92	1968,10
783,11	1746,92
783,29	1746,92
783,48	1849,32
783,67	1875,94
783,85	1873,89
784,04	1814,50
784,23	1884,13
784,42	1769,44
784,60	1779,68
784,79	1945,57
784,98	1751,01
785,16	1789,92
785,35	1783,78
785,54	1834,98
785,72	1882,08
785,91	1830,88
786,10	1863,65
786,28	1843,17
786,47	1855,46
786,66	1814,50
786,84	1839,08
787,03	1820,64
787,22	1736,68
787,40	1806,31
787,59	1800,16
787,78	1791,97
787,96	1785,83
788,15	1861,60
788,34	1785,83
788,52	1798,12
788,71	1935,33
788,89	1746,92
789,08	1812,45
789,27	1920,99
789,45	1816,55
789,64	1728,49
789,83	1826,79
790,01	1673,19
790,20	1869,80
790,39	1763,30
790,57	1734,63
790,76	1798,12
790,95	1708,01
791,13	1841,12
791,32	1757,16
791,50	1834,98
791,69	1751,01
791,88	1744,87
792,06	1810,40
792,25	1822,69
792,43	1695,72
792,62	1798,12
792,81	1605,61
792,99	1714,15
793,18	1775,59
793,37	1871,84
793,55	1791,97
793,74	1800,16
793,92	1843,17
794,11	1832,93
794,30	1783,78
794,48	1839,08
794,67	1816,55
794,85	1746,92
795,04	1802,21
795,23	1812,45
795,41	1712,10
795,60	1791,97
795,78	1824,74
795,97	1894,37
796,15	1875,94
796,34	1859,56
796,53	1791,97
796,71	1834,98
796,90	1871,84
797,08	1697,77
797,27	1902,56
797,46	1746,92
797,64	1722,34
797,83	1789,92
798,01	1730,53
798,20	1791,97
798,38	1763,30
798,57	1804,26
798,76	1638,38
798,94	1798,12
799,13	1748,97
799,31	1777,64
799,50	1671,14
799,68	1742,82
799,87	1703,91
800,05	1794,02
800,24	1830,88
800,43	1732,58
800,61	1849,32
800,80	1837,03
800,98	1705,96
801,17	1755,11
801,35	1697,77
801,54	1658,85
801,72	1779,68
801,91	1757,16
802,09	1796,07
802,28	1701,86
802,46	1810,40
802,65	1816,55
802,84	1873,89
803,02	1818,60
803,21	1718,25
803,39	1761,25
803,58	1834,98
803,76	1857,51
803,95	1877,99
804,13	1753,06
804,32	1783,78
804,50	1806,31
804,69	1843,17
804,87	1802,21
805,06	1826,79
805,24	1851,36
805,43	1791,97
805,61	1808,36
805,80	1830,88
805,98	1837,03
806,17	1757,16
806,35	1769,44
806,54	1753,06
806,72	1779,68
806,91	1816,55
807,09	1744,87
807,28	1791,97
807,46	1765,35
807,65	1806,31
807,83	1714,15
808,02	1769,44
808,20	1781,73
808,39	1773,54
808,57	1710,05
808,76	1669,09
808,94	1843,17
809,13	1755,11
809,31	1777,64
809,49	1837,03
809,68	1701,86
809,86	1761,25
810,05	1746,92
810,23	1783,78
810,42	1781,73
810,60	1720,29
810,79	1806,31
810,97	1732,58
811,16	1703,91
811,34	1710,05
811,53	1773,54
811,71	1730,53
811,89	1773,54
812,08	1781,73
812,26	1691,62
812,45	1761,25
812,63	1779,68
812,82	1753,06
813,00	1685,48
813,19	1716,20
813,37	1738,73
813,55	1689,57
813,74	1761,25
813,92	1822,69
814,11	1722,34
814,29	1615,85
814,48	1759,21
814,66	1755,11
814,84	1798,12
815,03	1716,20
815,21	1751,01
815,40	1734,63
815,58	1714,15
815,77	1740,77
815,95	1763,30
816,13	1730,53
816,32	1824,74
816,50	1787,88
816,69	1716,20
816,87	1652,71
817,05	1716,20
817,24	1746,92
817,42	1763,30
817,61	1662,95
817,79	1757,16
817,97	1699,81
818,16	1753,06
818,34	1753,06
818,53	1667,05
818,71	1746,92
818,89	1695,72
819,08	1699,81
819,26	1662,95
819,45	1699,81
819,63	1775,59
819,81	1746,92
820,00	1828,84
820,18	1681,38
820,36	1732,58
820,55	1619,94
820,73	1667,05
820,92	1728,49
821,10	1683,43
821,28	1671,14
821,47	1830,88
821,65	1728,49
821,83	1767,40
822,02	1708,01
822,20	1755,11
822,39	1628,14
822,57	1638,38
822,75	1644,52
822,94	1742,82
823,12	1642,47
823,30	1568,74
823,49	1843,17
823,67	1765,35
823,85	1687,53
824,04	1671,14
824,22	1728,49
824,40	1798,12
824,59	1703,91
824,77	1759,21
824,95	1712,10
825,14	1769,44
825,32	1802,21
825,50	1726,44
825,69	1683,43
825,87	1818,60
826,05	1689,57
826,24	1771,49
826,42	1757,16
826,60	1718,25
826,79	1681,38
826,97	1660,90
827,15	1708,01
827,34	1751,01
827,52	1710,05
827,70	1751,01
827,89	1669,09
828,07	1718,25
828,25	1781,73
828,44	1763,30
828,62	1710,05
828,80	1755,11
828,98	1744,87
829,17	1658,85
829,35	1755,11
829,53	1730,53
829,72	1769,44
829,90	1667,05
830,08	1691,62
830,27	1818,60
830,45	1761,25
830,63	1845,22
830,81	1636,33
831,00	1718,25
831,18	1699,81
831,36	1765,35
831,55	1701,86
831,73	1665,00
831,91	1705,96
832,09	1773,54
832,28	1867,75
832,46	1691,62
832,64	1798,12
832,82	1638,38
833,01	1796,07
833,19	1777,64
833,37	1683,43
833,55	1693,67
833,74	1742,82
833,92	1570,79
834,10	1644,52
834,29	1791,97
834,47	1675,24
834,65	1783,78
834,83	1726,44
835,02	1681,38
835,20	1675,24
835,38	1705,96
835,56	1712,10
835,75	1773,54
835,93	1798,12
836,11	1687,53
836,29	1583,08
836,47	1746,92
836,66	1658,85
836,84	1728,49
837,02	1658,85
837,20	1722,34
837,39	1830,88
837,57	1744,87
837,75	1736,68
837,93	1736,68
838,12	1650,66
838,30	1679,33
838,48	1740,77
838,66	1779,68
838,84	1699,81
839,03	1894,37
839,21	1613,80
839,39	1697,77
839,57	1773,54
839,75	1738,73
839,94	1742,82
840,12	1746,92
840,30	1671,14
840,48	1720,29
840,66	1677,29
840,85	1677,29
841,03	1693,67
841,21	1765,35
841,39	1794,02
841,57	1738,73
841,76	1759,21
841,94	1802,21
842,12	1681,38
842,30	1722,34
842,48	1798,12
842,67	1687,53
842,85	1662,95
843,03	1679,33
843,21	1789,92
843,39	1769,44
843,57	1576,94
843,76	1705,96
843,94	1687,53
844,12	1740,77
844,30	1603,56
844,48	1691,62
844,66	1808,36
844,85	1617,90
845,03	1703,91
845,21	1675,24
845,39	1851,36
845,57	1687,53
845,75	1667,05
845,94	1779,68
846,12	1720,29
846,30	1761,25
846,48	1679,33
846,66	1669,09
846,84	1630,18
847,02	1683,43
847,21	1658,85
847,39	1718,25
847,57	1662,95
847,75	1703,91
847,93	1755,11
848,11	1650,66
848,29	1634,28
848,48	1654,76
848,66	1744,87
848,84	1708,01
849,02	1669,09
849,20	1662,95
849,38	1646,57
849,56	1769,44
849,74	1685,48
849,93	1726,44
850,11	1703,91
850,29	1662,95
850,47	1640,42
850,65	1671,14
850,83	1634,28
851,01	1724,39
851,19	1744,87
851,37	1679,33
851,56	1587,18
851,74	1636,33
851,92	1624,04
852,10	1654,76
852,28	1712,10
852,46	1695,72
852,64	1759,21
852,82	1697,77
853,00	1779,68
853,18	1687,53
853,37	1634,28
853,55	1656,81
853,73	1712,10
853,91	1697,77
854,09	1642,47
854,27	1757,16
854,45	1798,12
854,63	1705,96
854,81	1687,53
854,99	1695,72
855,17	1675,24
855,35	1632,23
855,53	1660,90
855,72	1587,18
855,90	1691,62
856,08	1693,67
856,26	1634,28
856,44	1767,40
856,62	1587,18
856,80	1689,57
856,98	1667,05
857,16	1669,09
857,34	1691,62
857,52	1701,86
857,70	1816,55
857,88	1714,15
858,06	1718,25
858,24	1644,52
858,42	1742,82
858,60	1738,73
858,78	1734,63
858,96	1603,56
859,15	1724,39
859,33	1667,05
859,51	1748,97
859,69	1693,67
859,87	1644,52
860,05	1671,14
860,23	1691,62
860,41	1695,72
860,59	1685,48
860,77	1742,82
860,95	1687,53
861,13	1714,15
861,31	1640,42
861,49	1654,76
861,67	1765,35
861,85	1732,58
862,03	1742,82
862,21	1681,38
862,39	1675,24
862,57	1660,90
862,75	1644,52
862,93	1624,04
863,11	1708,01
863,29	1550,31
863,47	1675,24
863,65	1736,68
863,83	1650,66
864,01	1679,33
864,19	1619,94
864,37	1675,24
864,55	1714,15
864,73	1671,14
864,91	1660,90
865,09	1677,29
865,27	1714,15
865,45	1650,66
865,63	1677,29
865,81	1710,05
865,99	1714,15
866,17	1679,33
866,35	1642,47
866,53	1787,88
866,71	1642,47
866,89	1587,18
867,07	1646,57
867,24	1626,09
867,42	1669,09
867,60	1740,77
867,78	1724,39
867,96	1654,76
868,14	1699,81
868,32	1732,58
868,50	1675,24
868,68	1701,86
868,86	1726,44
869,04	1683,43
869,22	1570,79
869,40	1607,66
869,58	1642,47
869,76	1632,23
869,94	1576,94
870,12	1587,18
870,30	1720,29
870,48	1601,51
870,66	1652,71
870,83	1736,68
871,01	1642,47
871,19	1640,42
871,37	1644,52
871,55	1607,66
871,73	1656,81
871,91	1734,63
872,09	1726,44
872,27	1667,05
872,45	1568,74
872,63	1599,46
872,81	1679,33
872,98	1730,53
873,16	1697,77
873,34	1730,53
873,52	1720,29
873,70	1683,43
873,88	1667,05
874,06	1619,94
874,24	1611,75
874,42	1548,26
874,60	1695,72
874,78	1667,05
874,95	1675,24
875,13	1599,46
875,31	1716,20
875,49	1662,95
875,67	1585,13
875,85	1656,81
876,03	1624,04
876,21	1718,25
876,39	1640,42
876,56	1726,44
876,74	1535,98
876,92	1660,90
877,10	1724,39
877,28	1632,23
877,46	1626,09
877,64	1710,05
877,82	1701,86
877,99	1689,57
878,17	1648,61
878,35	1650,66
878,53	1658,85
878,71	1757,16
878,89	1679,33
879,07	1742,82
879,24	1685,48
879,42	1761,25
879,60	1613,80
879,78	1675,24
879,96	1638,38
880,14	1730,53
880,32	1554,41
880,49	1626,09
880,67	1744,87
880,85	1697,77
881,03	1597,42
881,21	1675,24
881,39	1634,28
881,56	1705,96
881,74	1669,09
881,92	1560,55
882,10	1591,27
882,28	1648,61
882,46	1687,53
882,63	1585,13
882,81	1572,84
882,99	1525,74
883,17	1720,29
883,35	1691,62
883,52	1644,52
883,70	1691,62
883,88	1617,90
884,06	1734,63
884,24	1667,05
884,42	1691,62
884,59	1624,04
884,77	1755,11
884,95	1634,28
885,13	1638,38
885,31	1718,25
885,48	1607,66
885,66	1755,11
885,84	1675,24
886,02	1697,77
886,20	1667,05
886,37	1675,24
886,55	1718,25
886,73	1740,77
886,91	1699,81
887,08	1687,53
887,26	1732,58
887,44	1642,47
887,62	1554,41
887,80	1662,95
887,97	1705,96
888,15	1644,52
888,33	1538,02
888,51	1667,05
888,68	1675,24
888,86	1601,51
889,04	1554,41
889,22	1642,47
889,40	1605,61
889,57	1679,33
889,75	1705,96
889,93	1683,43
890,11	1644,52
890,28	1634,28
890,46	1658,85
890,64	1656,81
890,82	1728,49
890,99	1679,33
891,17	1570,79
891,35	1617,90
891,53	1691,62
891,70	1576,94
891,88	1564,65
892,06	1656,81
892,24	1640,42
892,41	1679,33
892,59	1646,57
892,77	1621,99
892,94	1724,39
893,12	1660,90
893,30	1599,46
893,48	1648,61
893,65	1691,62
893,83	1589,22
894,01	1597,42
894,19	1605,61
894,36	1777,64
894,54	1630,18
894,72	1640,42
894,89	1546,22
895,07	1548,26
895,25	1624,04
895,43	1542,12
895,60	1685,48
895,78	1667,05
895,96	1605,61
896,13	1615,85
896,31	1738,73
896,49	1665,00
896,66	1560,55
896,84	1658,85
897,02	1632,23
897,20	1576,94
897,37	1589,22
897,55	1560,55
897,73	1769,44
897,90	1714,15
898,08	1726,44
898,26	1603,56
898,43	1607,66
898,61	1628,14
898,79	1607,66
898,96	1624,04
899,14	1617,90
899,32	1628,14
899,49	1599,46
899,67	1648,61
899,85	1722,34
900,02	1759,21
900,20	1609,70
900,38	1636,33
900,55	1771,49
900,73	1765,35
900,91	1578,98
901,08	1701,86
901,26	1572,84
901,44	1585,13
901,61	1609,70
901,79	1626,09
901,97	1714,15
902,14	1638,38
902,32	1669,09
902,50	1685,48
902,67	1578,98
902,85	1644,52
903,02	1615,85
903,20	1642,47
903,38	1611,75
903,55	1572,84
903,73	1648,61
903,91	1685,48
904,08	1636,33
904,26	1722,34
904,44	1796,07
904,61	1568,74
904,79	1667,05
904,96	1638,38
905,14	1597,42
905,32	1679,33
905,49	1624,04
905,67	1587,18
905,84	1576,94
906,02	1654,76
906,20	1624,04
906,37	1732,58
906,55	1599,46
906,73	1630,18
906,90	1662,95
907,08	1646,57
907,25	1578,98
907,43	1648,61
907,61	1558,50
907,78	1628,14
907,96	1572,84
908,13	1708,01
908,31	1748,97
908,48	1644,52
908,66	1587,18
908,84	1652,71
909,01	1705,96
909,19	1718,25
909,36	1562,60
909,54	1603,56
909,72	1650,66
909,89	1574,89
910,07	1642,47
910,24	1703,91
910,42	1675,24
910,59	1624,04
910,77	1662,95
910,95	1474,54
911,12	1574,89
911,30	1654,76
911,47	1636,33
911,65	1638,38
911,82	1566,70
912,00	1652,71
912,17	1591,27
912,35	1642,47
912,53	1679,33
912,70	1705,96
912,88	1593,32
913,05	1597,42
913,23	1576,94
913,40	1744,87
913,58	1603,56
913,75	1621,99
913,93	1630,18
914,10	1548,26
914,28	1609,70
914,46	1540,07
914,63	1560,55
914,81	1630,18
914,98	1624,04
915,16	1597,42
915,33	1554,41
915,51	1691,62
915,68	1685,48
915,86	1671,14
916,03	1589,22
916,21	1511,40
916,38	1646,57
916,56	1630,18
916,73	1671,14
916,91	1601,51
917,08	1589,22
917,26	1632,23
917,43	1683,43
917,61	1523,69
917,78	1675,24
917,96	1568,74
918,13	1585,13
918,31	1583,08
918,48	1552,36
918,66	1560,55
918,83	1660,90
919,01	1642,47
919,18	1609,70
919,36	1636,33
919,53	1683,43
919,71	1794,02
919,88	1626,09
920,06	1597,42
920,23	1548,26
920,41	1609,70
920,58	1607,66
920,76	1581,03
920,93	1660,90
921,11	1581,03
921,28	1527,78
921,45	1718,25
921,63	1630,18
921,80	1597,42
921,98	1626,09
922,15	1593,32
922,33	1507,30
922,50	1648,61
922,68	1599,46
922,85	1615,85
923,03	1583,08
923,20	1712,10
923,38	1609,70
923,55	1642,47
923,72	1523,69
923,90	1830,88
924,07	1531,88
924,25	1597,42
924,42	1697,77
924,60	1566,70
924,77	1490,92
924,95	1617,90
925,12	1619,94
925,29	1699,81
925,47	1652,71
925,64	1585,13
925,82	1552,36
925,99	1650,66
926,17	1662,95
926,34	1613,80
926,51	1581,03
926,69	1636,33
926,86	1755,11
927,04	1542,12
927,21	1605,61
927,38	1562,60
927,56	1587,18
927,73	1693,67
927,91	1517,54
928,08	1755,11
928,25	1603,56
928,43	1630,18
928,60	1595,37
928,78	1652,71
928,95	1527,78
929,12	1593,32
929,30	1630,18
929,47	1595,37
929,65	1527,78
929,82	1585,13
929,99	1644,52
930,17	1478,63
930,34	1667,05
930,52	1626,09
930,69	1576,94
930,86	1587,18
931,04	1589,22
931,21	1542,12
931,38	1511,40
931,56	1558,50
931,73	1691,62
931,91	1626,09
932,08	1611,75
932,25	1662,95
932,43	1578,98
932,60	1558,50
932,77	1562,60
932,95	1570,79
933,12	1572,84
933,29	1611,75
933,47	1646,57
933,64	1552,36
933,82	1605,61
933,99	1654,76
934,16	1617,90
934,34	1626,09
934,51	1626,09
934,68	1605,61
934,86	1673,19
935,03	1556,46
935,20	1581,03
935,38	1574,89
935,55	1613,80
935,72	1585,13
935,90	1595,37
936,07	1570,79
936,24	1529,83
936,42	1636,33
936,59	1595,37
936,76	1636,33
936,94	1538,02
937,11	1585,13
937,28	1566,70
937,46	1570,79
937,63	1605,61
937,80	1519,59
937,97	1656,81
938,15	1589,22
938,32	1556,46
938,49	1677,29
938,67	1636,33
938,84	1687,53
939,01	1519,59
939,19	1564,65
939,36	1581,03
939,53	1605,61
939,70	1642,47
939,88	1525,74
940,05	1701,86
940,22	1564,65
940,40	1646,57
940,57	1617,90
940,74	1558,50
940,92	1621,99
941,09	1505,26
941,26	1529,83
941,43	1603,56
941,61	1574,89
941,78	1591,27
941,95	1687,53
942,12	1644,52
942,30	1587,18
942,47	1617,90
942,64	1568,74
942,82	1609,70
942,99	1746,92
943,16	1490,92
943,33	1648,61
943,51	1511,40
943,68	1624,04
943,85	1578,98
944,02	1568,74
944,20	1595,37
944,37	1589,22
944,54	1658,85
944,71	1576,94
944,89	1583,08
945,06	1560,55
945,23	1574,89
945,40	1665,00
945,58	1558,50
945,75	1560,55
945,92	1689,57
946,09	1630,18
946,27	1624,04
946,44	1544,17
946,61	1673,19
946,78	1574,89
946,95	1538,02
947,13	1589,22
947,30	1556,46
947,47	1574,89
947,64	1476,59
947,82	1554,41
947,99	1544,17
948,16	1576,94
948,33	1581,03
948,50	1581,03
948,68	1654,76
948,85	1605,61
949,02	1638,38
949,19	1535,98
949,36	1603,56
949,54	1593,32
949,71	1683,43
949,88	1560,55
950,05	1583,08
950,22	1566,70
950,40	1617,90
950,57	1505,26
950,74	1685,48
950,91	1669,09
951,08	1599,46
951,26	1544,17
951,43	1562,60
951,60	1595,37
951,77	1601,51
951,94	1662,95
952,11	1601,51
952,29	1687,53
952,46	1521,64
952,63	1617,90
952,80	1587,18
952,97	1552,36
953,15	1578,98
953,32	1607,66
953,49	1529,83
953,66	1599,46
953,83	1560,55
954,00	1576,94
954,17	1634,28
954,35	1689,57
954,52	1558,50
954,69	1675,24
954,86	1679,33
955,03	1570,79
955,20	1615,85
955,38	1617,90
955,55	1607,66
955,72	1613,80
955,89	1503,21
956,06	1556,46
956,23	1552,36
956,40	1617,90
956,58	1482,73
956,75	1527,78
956,92	1540,07
957,09	1572,84
957,26	1552,36
957,43	1538,02
957,60	1599,46
957,77	1585,13
957,95	1603,56
958,12	1572,84
958,29	1548,26
958,46	1636,33
958,63	1523,69
958,80	1681,38
958,97	1685,48
959,14	1521,64
959,31	1648,61
959,49	1619,94
959,66	1542,12
959,83	1636,33
960,00	1523,69
960,17	1595,37
960,34	1654,76
960,51	1574,89
960,68	1605,61
960,85	1621,99
961,02	1570,79
961,20	1630,18
961,37	1570,79
961,54	1632,23
961,71	1591,27
961,88	1646,57
962,05	1556,46
962,22	1673,19
962,39	1593,32
962,56	1566,70
962,73	1601,51
962,90	1513,45
963,07	1701,86
963,24	1642,47
963,42	1574,89
963,59	1632,23
963,76	1650,66
963,93	1716,20
964,10	1558,50
964,27	1562,60
964,44	1617,90
964,61	1671,14
964,78	1673,19
964,95	1595,37
965,12	1634,28
965,29	1607,66
965,46	1546,22
965,63	1615,85
965,80	1662,95
965,97	1488,87
966,14	1581,03
966,31	1578,98
966,48	1662,95
966,66	1628,14
966,83	1634,28
967,00	1556,46
967,17	1624,04
967,34	1665,00
967,51	1658,85
967,68	1591,27
967,85	1599,46
968,02	1691,62
968,19	1507,30
968,36	1650,66
968,53	1527,78
968,70	1515,50
968,87	1648,61
969,04	1570,79
969,21	1550,31
969,38	1693,67
969,55	1568,74
969,72	1581,03
969,89	1687,53
970,06	1605,61
970,23	1535,98
970,40	1648,61
970,57	1560,55
970,74	1603,56
970,91	1538,02
971,08	1581,03
971,25	1501,16
971,42	1689,57
971,59	1570,79
971,76	1611,75
971,93	1642,47
972,10	1542,12
972,27	1554,41
972,44	1519,59
972,61	1574,89
972,78	1572,84
972,95	1640,42
973,12	1753,06
973,29	1581,03
973,46	1517,54
973,63	1544,17
973,80	1624,04
973,97	1509,35
974,14	1581,03
974,30	1685,48
974,47	1689,57
974,64	1671,14
974,81	1550,31
974,98	1701,86
975,15	1562,60
975,32	1585,13
975,49	1601,51
975,66	1509,35
975,83	1642,47
976,00	1654,76
976,17	1535,98
976,34	1642,47
976,51	1673,19
976,68	1572,84
976,85	1601,51
977,02	1636,33
977,19	1609,70
977,36	1542,12
977,52	1679,33
977,69	1695,72
977,86	1683,43
978,03	1570,79
978,20	1642,47
978,37	1589,22
978,54	1673,19
978,71	1656,81
978,88	1736,68
979,05	1517,54
979,22	1556,46
979,39	1626,09
979,56	1591,27
979,72	1556,46
979,89	1640,42
980,06	1691,62
980,23	1665,00
980,40	1597,42
980,57	1556,46
980,74	1511,40
980,91	1609,70
981,08	1593,32
981,25	1605,61
981,41	1611,75
981,58	1515,50
981,75	1581,03
981,92	1574,89
982,09	1667,05
982,26	1533,93
982,43	1540,07
982,60	1562,60
982,77	1585,13
982,93	1626,09
983,10	1529,83
983,27	1509,35
983,44	1597,42
983,61	1710,05
983,78	1626,09
983,95	1583,08
984,11	1546,22
984,28	1640,42
984,45	1605,61
984,62	1576,94
984,79	1599,46
984,96	1531,88
985,13	1550,31
985,30	1589,22
985,46	1554,41
985,63	1568,74
985,80	1578,98
985,97	1593,32
986,14	1535,98
986,31	1576,94
986,47	1562,60
986,64	1472,49
986,81	1642,47
986,98	1603,56
987,15	1611,75
987,32	1619,94
987,48	1546,22
987,65	1617,90
987,82	1509,35
987,99	1621,99
988,16	2060,26
988,33	1798,12
988,49	1615,85
988,66	1617,90
988,83	1619,94
989,00	1630,18
989,17	1556,46
989,34	1660,90
989,50	1615,85
989,67	1574,89
989,84	1495,02
990,01	1511,40
990,18	1558,50
990,34	1591,27
990,51	1523,69
990,68	1609,70
990,85	1671,14
991,02	1624,04
991,18	1523,69
991,35	1624,04
991,52	1656,81
991,69	1484,78
991,86	1615,85
992,02	1599,46
992,19	1562,60
992,36	1581,03
992,53	1685,48
992,69	1628,14
992,86	1552,36
993,03	1595,37
993,20	1454,06
993,37	1632,23
993,53	1695,72
993,70	1599,46
993,87	1513,45
994,04	1552,36
994,20	1523,69
994,37	1568,74
994,54	1597,42
994,71	1581,03
994,87	1654,76
995,04	1638,38
995,21	1581,03
995,38	1538,02
995,55	1527,78
995,71	1538,02
995,88	1609,70
996,05	1499,11
996,22	1638,38
996,38	1632,23
996,55	1529,83
996,72	1529,83
996,88	1759,21
997,05	2602,97
997,22	1566,70
997,39	1558,50
997,55	1617,90
997,72	1609,70
997,89	1552,36
998,06	1583,08
998,22	1599,46
998,39	1572,84
998,56	1566,70
998,73	1552,36
998,89	1658,85
999,06	1591,27
999,23	1609,70
999,39	1650,66
999,56	1660,90
999,73	1566,70
999,90	1542,12
1000,06	1642,47
1000,23	1591,27
1000,40	1644,52
1000,56	1611,75
1000,73	1544,17
1000,90	1603,56
1001,06	1593,32
1001,23	1533,93
1001,40	1665,00
1001,57	1617,90
1001,73	1513,45
1001,90	1439,72
1002,07	1615,85
1002,23	1587,18
1002,40	1527,78
1002,57	1474,54
1002,73	1572,84
1002,90	1517,54
1003,07	1644,52
1003,23	1509,35
1003,40	1593,32
1003,57	1546,22
1003,73	1511,40
1003,90	1609,70
1004,07	1519,59
1004,23	1542,12
1004,40	1593,32
1004,57	1544,17
1004,73	1546,22
1004,90	1593,32
1005,07	1531,88
1005,23	1650,66
1005,40	1507,30
1005,57	1507,30
1005,73	1615,85
1005,90	1540,07
1006,07	1732,58
1006,23	1464,30
1006,40	1597,42
1006,57	1533,93
1006,73	1560,55
1006,90	1593,32
1007,06	1495,02
1007,23	1542,12
1007,40	1599,46
1007,56	1576,94
1007,73	1687,53
1007,90	1644,52
1008,06	1570,79
1008,23	1599,46
1008,40	1634,28
1008,56	1529,83
1008,73	1548,26
1008,89	1630,18
1009,06	1681,38
1009,23	1542,12
1009,39	1578,98
1009,56	1564,65
1009,72	1673,19
1009,89	1578,98
1010,06	1556,46
1010,22	1517,54
1010,39	1540,07
1010,55	1548,26
1010,72	1585,13
1010,89	1576,94
1011,05	1603,56
1011,22	1640,42
1011,38	1533,93
1011,55	1562,60
1011,72	1509,35
1011,88	1609,70
1012,05	1609,70
1012,21	1632,23
1012,38	1558,50
1012,55	1601,51
1012,71	1466,35
1012,88	1572,84
1013,04	1611,75
1013,21	1554,41
1013,37	1603,56
1013,54	1607,66
1013,71	1605,61
1013,87	1615,85
1014,04	1546,22
1014,20	1652,71
1014,37	1583,08
1014,53	1566,70
1014,70	1486,83
1014,87	1564,65
1015,03	1708,01
1015,20	1554,41
1015,36	1605,61
1015,53	1621,99
1015,69	1628,14
1015,86	1605,61
1016,02	1564,65
1016,19	1642,47
1016,36	1554,41
1016,52	1568,74
1016,69	1581,03
1016,85	1605,61
1017,02	1632,23
1017,18	1603,56
1017,35	1570,79
1017,51	1636,33
1017,68	1636,33
1017,84	1480,68
1018,01	1531,88
1018,17	1609,70
1018,34	1714,15
1018,50	1591,27
1018,67	1566,70
1018,84	1677,29
1019,00	1587,18
1019,17	1660,90
1019,33	1529,83
1019,50	1640,42
1019,66	1679,33
1019,83	1509,35
1019,99	1632,23
1020,16	1523,69
1020,32	1562,60
1020,49	1581,03
1020,65	1597,42
1020,82	1603,56
1020,98	1701,86
1021,15	1591,27
1021,31	1671,14
1021,48	1585,13
1021,64	1589,22
1021,81	1626,09
1021,97	1544,17
1022,14	1605,61
1022,30	1624,04
1022,47	1552,36
1022,63	1568,74
1022,79	1617,90
1022,96	1542,12
1023,12	1632,23
1023,29	1591,27
1023,45	1585,13
1023,62	1611,75
1023,78	1603,56
1023,95	1634,28
1024,11	1576,94
1024,28	1533,93
1024,44	1554,41
1024,61	1513,45
1024,77	1550,31
1024,94	1630,18
1025,10	1546,22
1025,26	1521,64
1025,43	1583,08
1025,59	1609,70
1025,76	1681,38
1025,92	1617,90
1026,09	1503,21
1026,25	1636,33
1026,42	1519,59
1026,58	1527,78
1026,74	1640,42
1026,91	1591,27
1027,07	1570,79
1027,24	1578,98
1027,40	1542,12
1027,57	1679,33
1027,73	1492,97
1027,90	1601,51
1028,06	1521,64
1028,22	1617,90
1028,39	1599,46
1028,55	1568,74
1028,72	1638,38
1028,88	1683,43
1029,04	1562,60
1029,21	1632,23
1029,37	1529,83
1029,54	1642,47
1029,70	1566,70
1029,87	1560,55
1030,03	1499,11
1030,19	1716,20
1030,36	1542,12
1030,52	1648,61
1030,69	1617,90
1030,85	1501,16
1031,01	1621,99
1031,18	1593,32
1031,34	1654,76
1031,50	1513,45
1031,67	1560,55
1031,83	1570,79
1032,00	1587,18
1032,16	1574,89
1032,32	1507,30
1032,49	1662,95
1032,65	1679,33
1032,82	1603,56
1032,98	1574,89
1033,14	1548,26
1033,31	1642,47
1033,47	1677,29
1033,63	1585,13
1033,80	1585,13
1033,96	1564,65
1034,13	1636,33
1034,29	1636,33
1034,45	1578,98
1034,62	1570,79
1034,78	1630,18
1034,94	1574,89
1035,11	1628,14
1035,27	1488,87
1035,43	1658,85
1035,60	1605,61
1035,76	1486,83
1035,92	1605,61
1036,09	1556,46
1036,25	1566,70
1036,41	1578,98
1036,58	1601,51
1036,74	1658,85
1036,90	1490,92
1037,07	1535,98
1037,23	1589,22
1037,39	1572,84
1037,56	1527,78
1037,72	1597,42
1037,88	1656,81
1038,05	1454,06
1038,21	1642,47
1038,37	1589,22
1038,54	1560,55
1038,70	1665,00
1038,86	1626,09
1039,03	1630,18
1039,19	1591,27
1039,35	1507,30
1039,52	1488,87
1039,68	1474,54
1039,84	1531,88
1040,00	1603,56
1040,17	1572,84
1040,33	1587,18
1040,49	1613,80
1040,66	1632,23
1040,82	1566,70
1040,98	1542,12
1041,15	1591,27
1041,31	1533,93
1041,47	1669,09
1041,63	1566,70
1041,80	1611,75
1041,96	1701,86
1042,12	1517,54
1042,29	1601,51
1042,45	1611,75
1042,61	1464,30
1042,77	1611,75
1042,94	1650,66
1043,10	1804,26
1043,26	1585,13
1043,42	1523,69
1043,59	1621,99
1043,75	1542,12
1043,91	1564,65
1044,07	1560,55
1044,24	1535,98
1044,40	1603,56
