345,22	1368,04
345,44	1368,04
345,66	1368,04
345,88	1429,48
346,10	1366,00
346,32	1646,57
346,54	1619,94
346,75	1611,75
346,97	1535,98
347,19	1654,76
347,41	1617,90
347,63	1574,89
347,85	1601,51
348,07	1572,84
348,29	1630,18
348,51	1581,03
348,73	1648,61
348,95	1624,04
349,16	1605,61
349,38	1617,90
349,60	1581,03
349,82	1589,22
350,04	1560,55
350,26	1585,13
350,48	1593,32
350,70	1621,99
350,92	1609,70
351,14	1665,00
351,35	1662,95
351,57	1593,32
351,79	1583,08
352,01	1511,40
352,23	1546,22
352,45	1603,56
352,67	1626,09
352,89	1599,46
353,10	1593,32
353,32	1548,26
353,54	1607,66
353,76	1652,71
353,98	1697,77
354,20	1646,57
354,42	1570,79
354,64	1679,33
354,85	1695,72
355,07	1615,85
355,29	1603,56
355,51	1611,75
355,73	1605,61
355,95	1632,23
356,17	1630,18
356,38	1495,02
356,60	1595,37
356,82	1638,38
357,04	1548,26
357,26	1552,36
357,48	1568,74
357,69	1576,94
357,91	1601,51
358,13	1562,60
358,35	1642,47
358,57	1560,55
358,79	1615,85
359,01	1648,61
359,22	1599,46
359,44	1636,33
359,66	1593,32
359,88	1501,16
360,10	1589,22
360,32	1560,55
360,53	1605,61
360,75	1599,46
360,97	1665,00
361,19	1533,93
361,41	1746,92
361,62	1654,76
361,84	1542,12
362,06	1507,30
362,28	1558,50
362,50	1630,18
362,72	1615,85
362,93	1509,35
363,15	1492,97
363,37	1591,27
363,59	1681,38
363,81	1495,02
364,02	1640,42
364,24	1599,46
364,46	1697,77
364,68	1556,46
364,90	1699,81
365,11	1589,22
365,33	1714,15
365,55	1535,98
365,77	1574,89
365,99	1497,07
366,20	1724,39
366,42	1646,57
366,64	1525,74
366,86	1578,98
367,07	1644,52
367,29	1490,92
367,51	1531,88
367,73	1505,26
367,95	1695,72
368,16	1642,47
368,38	1621,99
368,60	1621,99
368,82	1589,22
369,03	1667,05
369,25	1634,28
369,47	1562,60
369,69	1654,76
369,91	1615,85
370,12	1540,07
370,34	1515,50
370,56	1562,60
370,78	1646,57
370,99	1710,05
371,21	1626,09
371,43	1558,50
371,65	1591,27
371,86	1638,38
372,08	1662,95
372,30	1562,60
372,52	1550,31
372,73	1550,31
372,95	1624,04
373,17	1564,65
373,39	1585,13
373,60	1552,36
373,82	1605,61
374,04	1515,50
374,26	1630,18
374,47	1597,42
374,69	1609,70
374,91	1693,67
375,12	1642,47
375,34	1583,08
375,56	1544,17
375,78	1624,04
375,99	1513,45
376,21	1654,76
376,43	1624,04
376,65	1581,03
376,86	1626,09
377,08	1533,93
377,30	1669,09
377,51	1572,84
377,73	1529,83
377,95	1540,07
378,17	1589,22
378,38	1550,31
378,60	1662,95
378,82	1734,63
379,03	1578,98
379,25	1589,22
379,47	1638,38
379,68	1546,22
379,90	1513,45
380,12	1624,04
380,34	1566,70
380,55	1613,80
380,77	1644,52
380,99	1548,26
381,20	1687,53
381,42	1548,26
381,64	1605,61
381,85	1585,13
382,07	1662,95
382,29	1624,04
382,50	1611,75
382,72	1648,61
382,94	1599,46
383,15	1601,51
383,37	1603,56
383,59	1572,84
383,80	1576,94
384,02	1615,85
384,24	1607,66
384,45	1617,90
384,67	1597,42
384,89	1538,02
385,10	1513,45
385,32	1593,32
385,54	1527,78
385,75	1632,23
385,97	1738,73
386,19	1734,63
386,40	1650,66
386,62	1552,36
386,84	1626,09
387,05	1544,17
387,27	1634,28
387,49	1566,70
387,70	1564,65
387,92	1679,33
388,14	1535,98
388,35	1525,74
388,57	1576,94
388,79	1656,81
389,00	1523,69
389,22	1544,17
389,43	1562,60
389,65	1626,09
389,87	1630,18
390,08	1538,02
390,30	1628,14
390,52	1554,41
390,73	1710,05
390,95	1538,02
391,17	1550,31
391,38	1644,52
391,60	1736,68
391,81	1667,05
392,03	1576,94
392,25	1517,54
392,46	1548,26
392,68	1689,57
392,89	1562,60
393,11	1570,79
393,33	1583,08
393,54	1646,57
393,76	1650,66
393,98	1638,38
394,19	1578,98
394,41	1519,59
394,62	1501,16
394,84	1585,13
395,06	1562,60
395,27	1515,50
395,49	1564,65
395,70	1699,81
395,92	1538,02
396,13	1562,60
396,35	1634,28
396,57	1550,31
396,78	1521,64
397,00	1583,08
397,21	1619,94
397,43	1669,09
397,65	1591,27
397,86	1621,99
398,08	1611,75
398,29	1662,95
398,51	1613,80
398,72	1687,53
398,94	1667,05
399,16	1568,74
399,37	1533,93
399,59	1642,47
399,80	1540,07
400,02	1574,89
400,23	1544,17
400,45	1597,42
400,67	1673,19
400,88	1615,85
401,10	1591,27
401,31	1607,66
401,53	1517,54
401,74	1562,60
401,96	1546,22
402,17	1599,46
402,39	1499,11
402,61	1583,08
402,82	1581,03
403,04	1677,29
403,25	1556,46
403,47	1615,85
403,68	1568,74
403,90	1654,76
404,11	1538,02
404,33	1564,65
404,54	1621,99
404,76	1665,00
404,97	1546,22
405,19	1728,49
405,41	1597,42
405,62	1634,28
405,84	1517,54
406,05	1691,62
406,27	1540,07
406,48	1665,00
406,70	1628,14
406,91	1607,66
407,13	1505,26
407,34	1484,78
407,56	1722,34
407,77	1654,76
407,99	1642,47
408,20	1718,25
408,42	1540,07
408,63	1581,03
408,85	1578,98
409,06	1638,38
409,28	1751,01
409,49	1560,55
409,71	1671,14
409,92	1619,94
410,14	1630,18
410,35	1765,35
410,57	1671,14
410,78	1492,97
411,00	1607,66
411,21	1667,05
411,43	1658,85
411,64	1599,46
411,86	1632,23
412,07	1720,29
412,29	1648,61
412,50	1585,13
412,72	1648,61
412,93	1730,53
413,15	1769,44
413,36	1542,12
413,58	1708,01
413,79	1601,51
414,01	1726,44
414,22	1642,47
414,43	1703,91
414,65	1662,95
414,86	1599,46
415,08	1660,90
415,29	1619,94
415,51	1595,37
415,72	1642,47
415,94	1660,90
416,15	1673,19
416,37	1665,00
416,58	1572,84
416,80	1626,09
417,01	1619,94
417,22	1605,61
417,44	1673,19
417,65	1656,81
417,87	1650,66
418,08	1830,88
418,30	1660,90
418,51	1691,62
418,73	1658,85
418,94	1607,66
419,15	1607,66
419,37	1732,58
419,58	1615,85
419,80	1550,31
420,01	1675,24
420,23	1660,90
420,44	1630,18
420,65	1634,28
420,87	1736,68
421,08	1648,61
421,30	1726,44
421,51	1621,99
421,73	1648,61
421,94	1615,85
422,15	1591,27
422,37	1683,43
422,58	1538,02
422,80	1665,00
423,01	1644,52
423,22	1589,22
423,44	1558,50
423,65	1689,57
423,87	1630,18
424,08	1671,14
424,29	1593,32
424,51	1636,33
424,72	1605,61
424,94	1677,29
425,15	1658,85
425,36	1699,81
425,58	1677,29
425,79	1759,21
426,01	1812,45
426,22	1685,48
426,43	1681,38
426,65	1644,52
426,86	1689,57
427,08	1757,16
427,29	1646,57
427,50	1644,52
427,72	1642,47
427,93	1697,77
428,14	1634,28
428,36	1732,58
428,57	1742,82
428,79	1697,77
429,00	1693,67
429,21	1648,61
429,43	1658,85
429,64	1744,87
429,85	1728,49
430,07	1861,60
430,28	1660,90
430,49	1740,77
430,71	1779,68
430,92	1763,30
431,14	1728,49
431,35	1744,87
431,56	1748,97
431,78	1814,50
431,99	1744,87
432,20	1779,68
432,42	1710,05
432,63	1781,73
432,84	1814,50
433,06	1757,16
433,27	1787,88
433,48	1841,12
433,70	1800,16
433,91	1816,55
434,12	1722,34
434,34	1828,84
434,55	1826,79
434,76	1748,97
434,98	1888,23
435,19	1742,82
435,40	1843,17
435,62	1775,59
435,83	1908,71
436,04	1886,18
436,26	1892,32
436,47	1849,32
436,68	1814,50
436,90	1796,07
437,11	1888,23
437,32	1892,32
437,54	2019,30
437,75	1867,75
437,96	1992,67
438,17	1968,10
438,39	1916,90
438,60	1896,42
438,81	1880,04
439,03	1990,63
439,24	1873,89
439,45	2009,06
439,67	1896,42
439,88	1984,48
440,09	1939,43
440,30	2080,74
440,52	1894,37
440,73	1867,75
440,94	1918,95
441,16	1916,90
441,37	2033,63
441,58	1945,57
441,80	2054,11
442,01	1947,62
442,22	2064,35
442,43	1994,72
442,65	2156,51
442,86	2103,26
443,07	2004,96
443,28	1939,43
443,50	2052,06
443,71	2095,07
443,92	2011,11
444,14	2019,30
444,35	2138,08
444,56	2058,21
444,77	2000,87
444,99	2113,50
445,20	2080,74
445,41	2154,46
445,62	2023,39
445,84	2080,74
446,05	2076,64
446,26	2142,18
446,47	2115,55
446,69	2095,07
446,90	2133,98
447,11	2095,07
447,32	2070,50
447,54	2066,40
447,75	2013,15
447,96	2047,97
448,17	2047,97
448,39	2090,98
448,60	1923,04
448,81	2037,73
449,02	2140,13
449,23	2050,02
449,45	2017,25
449,66	2062,30
449,87	1945,57
450,08	2052,06
450,30	1968,10
450,51	2015,20
450,72	2082,78
450,93	2060,26
451,15	2056,16
451,36	2062,30
451,57	2021,35
451,78	2009,06
451,99	2066,40
452,21	2007,01
452,42	2041,82
452,63	1992,67
452,84	1994,72
453,05	1925,09
453,27	1970,15
453,48	2140,13
453,69	1884,13
453,90	2047,97
454,11	1964,00
454,33	1937,38
454,54	1949,67
454,75	1966,05
454,96	1964,00
455,17	1914,85
455,39	1941,47
455,60	1904,61
455,81	2062,30
456,02	1908,71
456,23	1964,00
456,45	1959,91
456,66	1994,72
456,87	1871,84
457,08	2041,82
457,29	2060,26
457,50	1910,75
457,72	1908,71
457,93	1937,38
458,14	1976,29
458,35	2068,45
458,56	2019,30
458,77	1875,94
458,99	2033,63
459,20	1923,04
459,41	1859,56
459,62	1964,00
459,83	1935,33
460,04	1935,33
460,26	1863,65
460,47	1857,51
460,68	1882,08
460,89	1826,79
461,10	1947,62
461,31	1869,80
461,52	1875,94
461,74	1998,82
461,95	1890,28
462,16	1892,32
462,37	1828,84
462,58	1906,66
462,79	1910,75
463,00	1837,03
463,22	1929,19
463,43	1894,37
463,64	1914,85
463,85	1906,66
464,06	1908,71
464,27	1834,98
464,48	1810,40
464,70	1859,56
464,91	1914,85
465,12	1873,89
465,33	1910,75
465,54	1953,76
465,75	1900,52
465,96	1935,33
466,17	1845,22
466,38	1859,56
466,60	1820,64
466,81	1923,04
467,02	1992,67
467,23	1843,17
467,44	1867,75
467,65	1783,78
467,86	1966,05
468,07	1785,83
468,28	1877,99
468,50	1824,74
468,71	1959,91
468,92	1845,22
469,13	1798,12
469,34	1941,47
469,55	1902,56
469,76	1814,50
469,97	2002,91
470,18	1810,40
470,39	1900,52
470,60	1877,99
470,82	1945,57
471,03	1789,92
471,24	1847,27
471,45	1918,95
471,66	1867,75
471,87	1877,99
472,08	1841,12
472,29	1791,97
472,50	1877,99
472,71	1798,12
472,92	1867,75
473,13	1877,99
473,34	1910,75
473,55	1865,70
473,77	1912,80
473,98	1908,71
474,19	1949,67
474,40	1877,99
474,61	1834,98
474,82	1806,31
475,03	1834,98
475,24	1837,03
475,45	1941,47
475,66	1937,38
475,87	1904,61
476,08	1888,23
476,29	1964,00
476,50	2011,11
476,71	1984,48
476,92	1816,55
477,13	1959,91
477,34	1931,23
477,55	1851,36
477,76	1925,09
477,97	1783,78
478,18	1906,66
478,40	1908,71
478,61	1976,29
478,82	1808,36
479,03	1933,28
479,24	1929,19
479,45	1898,47
479,66	2056,16
479,87	2021,35
480,08	1900,52
480,29	1937,38
480,50	2011,11
480,71	1941,47
480,92	1972,19
481,13	1880,04
481,34	1875,94
481,55	1902,56
481,76	1910,75
481,97	2007,01
482,18	2002,91
482,39	1886,18
482,60	1988,58
482,81	1898,47
483,02	1994,72
483,23	2086,88
483,44	2019,30
483,65	1918,95
483,86	2031,58
484,07	2056,16
484,28	2064,35
484,49	2058,21
484,70	2023,39
484,91	2009,06
485,12	2041,82
485,33	1990,63
485,54	2090,98
485,75	2004,96
485,96	2064,35
486,17	2064,35
486,38	1953,76
486,59	2088,93
486,80	2105,31
487,01	2002,91
487,21	2099,17
487,42	1994,72
487,63	2154,46
487,84	2119,65
488,05	2127,84
488,26	2199,52
488,47	2031,58
488,68	2000,87
488,89	2140,13
489,10	2043,87
489,31	2205,66
489,52	2207,71
489,73	2090,98
489,94	2279,39
490,15	2211,81
490,36	2183,13
490,57	2086,88
490,78	2125,79
490,99	2138,08
491,20	2129,89
491,41	2127,84
491,61	2293,72
491,82	2244,57
492,03	2211,81
492,24	2224,09
492,45	2146,27
492,66	2191,33
492,87	2183,13
493,08	2154,46
493,29	2072,54
493,50	2234,33
493,71	2224,09
493,92	2238,43
494,13	2297,82
494,34	2123,74
494,54	2310,11
494,75	2228,19
494,96	2424,80
495,17	2310,11
495,38	2312,16
495,59	2125,79
495,80	2299,87
496,01	2400,22
496,22	2297,82
496,43	2174,94
496,64	2267,10
496,84	2254,81
497,05	2295,77
497,26	2324,44
497,47	2256,86
497,68	2287,58
497,89	2344,92
498,10	2369,50
498,31	2451,42
498,52	2420,70
498,72	2332,64
498,93	2455,51
499,14	2260,96
499,35	2326,49
499,56	2357,21
499,77	2349,02
499,98	2432,99
500,19	2336,73
500,40	2289,63
500,60	2197,47
500,81	2490,33
501,02	2318,30
501,23	2324,44
501,44	2402,27
501,65	2344,92
501,86	2383,84
502,06	2306,01
502,27	2353,12
502,48	2469,85
502,69	2449,37
502,90	2490,33
503,11	2301,92
503,32	2392,03
503,53	2330,59
503,73	2428,89
503,94	2455,51
504,15	2582,49
504,36	2414,56
504,57	2389,98
504,78	2473,95
504,98	2465,75
505,19	2344,92
505,40	2455,51
505,61	2473,95
505,82	2365,40
506,03	2447,32
506,23	2449,37
506,44	2500,57
506,65	2547,67
506,86	2445,27
507,07	2467,80
507,28	2455,51
507,48	2588,63
507,69	2523,10
507,90	2467,80
508,11	2430,94
508,32	2519,00
508,53	2523,10
508,73	2469,85
508,94	2519,00
509,15	2459,61
509,36	2502,62
509,57	2473,95
509,77	2531,29
509,98	2562,01
510,19	2508,76
510,40	2643,93
510,61	2580,44
510,81	2537,43
511,02	2645,98
511,23	2611,16
511,44	2541,53
511,65	2465,75
511,85	2725,85
512,06	2455,51
512,27	2566,10
512,48	2549,72
512,69	2662,36
512,89	2564,06
513,10	2510,81
513,31	2588,63
513,52	2615,26
513,73	2660,31
513,93	2746,33
514,14	2578,39
514,35	2719,70
514,56	2664,41
514,76	2637,78
514,97	2748,37
515,18	2703,32
515,39	2637,78
515,60	2693,08
515,80	2672,60
516,01	2668,50
516,22	2709,46
516,43	2555,86
516,63	2652,12
516,84	2621,40
517,05	2635,74
517,26	2643,93
517,46	2711,51
517,67	2832,34
517,88	2707,41
518,09	2648,02
518,29	2574,30
518,50	2740,18
518,71	2635,74
518,92	2697,17
519,12	2654,17
519,33	2750,42
519,54	2715,61
519,75	2801,62
519,95	2723,80
520,16	2756,57
520,37	2666,46
520,57	2643,93
520,78	2815,96
520,99	2750,42
521,20	2697,17
521,40	2592,73
521,61	2752,47
521,82	2631,64
522,03	2643,93
522,23	2623,45
522,44	2727,89
522,65	2736,09
522,85	2684,89
523,06	2740,18
523,27	2662,36
523,48	2867,16
523,68	2731,99
523,89	2770,90
524,10	2678,74
524,30	2766,81
524,51	2760,66
524,72	2803,67
524,93	2727,89
525,13	2713,56
525,34	2668,50
525,55	2906,07
525,75	2801,62
525,96	2828,24
526,17	2815,96
526,37	2791,38
526,58	2807,77
526,79	2824,15
526,99	2731,99
527,20	2924,50
527,41	2664,41
527,62	2709,46
527,82	2725,85
528,03	2734,04
528,24	2795,48
528,44	2863,06
528,65	2754,52
528,86	2797,53
529,06	2662,36
529,27	2721,75
529,48	2752,47
529,68	2813,91
529,89	2785,24
530,10	2781,14
530,30	2711,51
530,51	2772,95
530,72	2762,71
530,92	2734,04
531,13	2830,29
531,34	2772,95
531,54	2756,57
531,75	2818,00
531,96	2987,99
532,16	2824,15
532,37	2848,72
532,57	2875,35
532,78	2768,85
532,99	2858,96
533,19	2910,16
533,40	2811,86
533,61	2836,44
533,81	2815,96
534,02	2807,77
534,23	2809,81
534,43	2836,44
534,64	2836,44
534,84	2893,78
535,05	2750,42
535,26	2875,35
535,46	2918,36
535,67	2895,83
535,88	2772,95
536,08	2686,94
536,29	2801,62
536,49	2805,72
536,70	2826,20
536,91	2832,34
537,11	2875,35
537,32	2877,40
537,53	2893,78
537,73	2832,34
537,94	2772,95
538,14	2875,35
538,35	2748,37
538,56	2842,58
538,76	2858,96
538,97	2836,44
539,17	2807,77
539,38	2820,05
539,59	2777,05
539,79	2901,97
540,00	2889,68
540,20	2949,08
540,41	2867,16
540,62	2971,60
540,82	2813,91
541,03	2865,11
541,23	2899,92
541,44	2838,48
541,64	2856,92
541,85	2795,48
542,06	2899,92
542,26	2764,76
542,47	2844,63
542,67	2863,06
542,88	2959,31
543,08	2809,81
543,29	2967,51
543,50	2934,74
543,70	2830,29
543,91	2869,20
544,11	2885,59
544,32	2904,02
544,52	2938,84
544,73	2828,24
544,94	2777,05
545,14	2781,14
545,35	2840,53
545,55	2901,97
545,76	2787,29
545,96	2912,21
546,17	2793,43
546,37	2848,72
546,58	3033,04
546,78	2840,53
546,99	2893,78
547,20	3022,80
547,40	2899,92
547,61	2873,30
547,81	2895,83
548,02	2797,53
548,22	2957,27
548,43	3080,14
548,63	2838,48
548,84	2963,41
549,04	2912,21
549,25	2797,53
549,45	2965,46
549,66	2867,16
549,86	3002,32
550,07	2877,40
550,27	2852,82
550,48	2973,65
550,69	2912,21
550,89	2938,84
551,10	2830,29
551,30	3067,86
551,51	2850,77
551,71	2920,40
551,92	2951,12
552,12	2811,86
552,33	2875,35
552,53	2838,48
552,74	2953,17
552,94	3014,61
553,15	2777,05
553,35	2938,84
553,56	2887,64
553,76	2852,82
553,97	3039,19
554,17	2914,26
554,38	2957,27
554,58	2951,12
554,79	2777,05
554,99	2961,36
555,19	2938,84
555,40	2908,12
555,60	2971,60
555,81	2775,00
556,01	2881,49
556,22	2912,21
556,42	2877,40
556,63	2959,31
556,83	2938,84
557,04	2877,40
557,24	2965,46
557,45	2891,73
557,65	2893,78
557,86	2873,30
558,06	2971,60
558,27	2887,64
558,47	2777,05
558,67	2942,93
558,88	2832,34
559,08	2889,68
559,29	2916,31
559,49	2938,84
559,70	2987,99
559,90	2985,94
560,11	2916,31
560,31	2873,30
560,52	2998,23
560,72	2875,35
560,92	2846,68
561,13	2971,60
561,33	2992,08
561,54	2975,70
561,74	3000,27
561,95	2934,74
562,15	3010,51
562,35	2928,60
562,56	2981,84
562,76	2858,96
562,97	2951,12
563,17	2967,51
563,38	2953,17
563,58	2944,98
563,78	3000,27
563,99	2838,48
564,19	2850,77
564,40	2961,36
564,60	2998,23
564,80	2969,55
565,01	2936,79
565,21	2908,12
565,42	3151,82
565,62	2883,54
565,83	3026,90
566,03	2981,84
566,23	2965,46
566,44	2983,89
566,64	2865,11
566,85	2942,93
567,05	3030,99
567,25	2955,22
567,46	3065,81
567,66	3053,52
567,86	3067,86
568,07	2803,67
568,27	3026,90
568,48	2920,40
568,68	3002,32
568,88	2951,12
569,09	2965,46
569,29	3053,52
569,50	2979,79
569,70	2932,69
569,90	2924,50
570,11	2975,70
570,31	2916,31
570,51	2983,89
570,72	2875,35
570,92	3002,32
571,13	3041,23
571,33	2893,78
571,53	2998,23
571,74	2885,59
571,94	2977,75
572,14	2908,12
572,35	2883,54
572,55	2897,88
572,75	2932,69
572,96	3020,75
573,16	3049,43
573,36	2987,99
573,57	3117,01
573,77	3014,61
573,97	2922,45
574,18	2985,94
574,38	3086,29
574,59	2969,55
574,79	2985,94
574,99	2848,72
575,20	2985,94
575,40	2897,88
575,60	3047,38
575,81	3039,19
576,01	3035,09
576,21	3008,47
576,42	3043,28
576,62	2895,83
576,82	2981,84
577,02	2932,69
577,23	2938,84
577,43	2990,03
577,63	2940,88
577,84	2842,58
578,04	3002,32
578,24	2914,26
578,45	2998,23
578,65	3045,33
578,85	2875,35
579,06	3080,14
579,26	3063,76
579,46	2930,64
579,67	3012,56
579,87	3051,47
580,07	3145,68
580,27	2947,03
580,48	3045,33
580,68	3141,58
580,88	3061,71
581,09	3033,04
581,29	2981,84
581,49	3033,04
581,69	3022,80
581,90	2992,08
582,10	2949,08
582,30	2987,99
582,51	3076,05
582,71	2979,79
582,91	3008,47
583,11	3094,48
583,32	3125,20
583,52	3057,62
583,72	3010,51
583,93	3071,95
584,13	3094,48
584,33	3104,72
584,53	3098,58
584,74	2957,27
584,94	2942,93
585,14	3041,23
585,34	3137,49
585,55	2985,94
585,75	3174,35
585,95	2916,31
586,15	2998,23
586,36	3022,80
586,56	3182,54
586,76	3121,10
586,96	2979,79
587,17	3043,28
587,37	3074,00
587,57	2977,75
587,77	3094,48
587,98	3196,88
588,18	3071,95
588,38	3008,47
588,58	3108,82
588,79	3145,68
588,99	3002,32
589,19	3227,60
589,39	3278,80
589,60	3131,34
589,80	3106,77
590,00	3112,91
590,20	3155,92
590,40	3192,78
590,61	3112,91
590,81	3117,01
591,01	3145,68
591,21	3182,54
591,42	3123,15
591,62	3145,68
591,82	3174,35
592,02	3233,74
592,22	3284,94
592,43	3213,26
592,63	3250,13
592,83	3383,24
593,03	3205,07
593,23	3223,50
593,44	3260,37
593,64	3188,69
593,84	3268,56
594,04	3315,66
594,24	3215,31
594,45	3301,33
594,65	3385,29
594,85	3479,50
595,05	3286,99
595,25	3252,17
595,46	3389,39
595,66	3317,71
595,86	3399,63
596,06	3344,33
596,26	3344,33
596,46	3352,52
596,67	3354,57
596,87	3411,92
597,07	3446,73
597,27	3399,63
597,47	3491,79
597,67	3553,23
597,88	3528,65
598,08	3596,23
598,28	3499,98
598,48	3594,19
598,68	3639,24
598,88	3669,96
599,09	3719,11
599,29	3594,19
599,49	3598,28
599,69	3723,21
599,89	3686,34
600,09	3596,23
600,30	3712,97
600,50	3817,41
600,70	3768,26
600,90	3696,58
601,10	3891,14
601,30	3950,53
601,50	3805,13
601,71	4034,50
601,91	3919,81
602,11	3831,75
602,31	3903,43
602,51	3958,72
602,71	4042,69
602,91	3985,35
603,11	3991,49
603,32	4085,70
603,52	4106,18
603,72	4270,01
603,92	4116,42
604,12	4159,42
604,32	4128,70
604,52	4351,93
604,72	4360,13
604,93	4263,87
605,13	4425,66
605,33	4519,87
605,53	4452,28
605,73	4505,53
605,93	4724,66
606,13	4425,66
606,33	4491,20
606,53	4593,59
606,74	4673,46
606,94	4769,72
607,14	4818,87
607,34	4806,58
607,54	4890,55
607,74	4974,52
607,94	4982,71
608,14	5111,73
608,34	5070,77
608,54	5226,42
608,74	5142,45
608,95	5195,70
609,15	5283,76
609,35	5339,05
609,55	5220,27
609,75	5384,11
609,95	5515,18
610,15	5525,42
610,35	5633,96
610,55	5656,49
610,75	5728,17
610,95	5783,46
611,15	5691,31
611,35	5961,64
611,55	6035,36
611,76	6293,41
611,96	6231,97
612,16	6217,63
612,36	6451,10
612,56	6553,50
612,76	6625,18
612,96	6567,84
613,16	6713,24
613,36	6791,06
613,56	6612,89
613,76	6829,98
613,96	6936,47
614,16	7081,88
614,36	7081,88
614,56	7155,60
614,76	7511,95
614,96	7452,56
615,16	7460,75
615,36	7479,18
615,56	7858,06
615,76	7835,53
615,97	8028,04
616,17	8116,10
616,37	8417,15
616,57	8368,00
616,77	8540,03
616,97	8775,55
617,17	8742,78
617,37	9058,17
617,57	8906,62
617,77	9232,24
617,97	9232,24
618,17	9332,59
618,37	9639,79
618,57	9600,88
618,77	9748,33
618,97	9932,65
619,17	10016,62
619,37	10266,47
619,57	10391,39
619,77	10567,52
619,97	10872,67
620,17	11011,93
620,37	11167,57
620,57	11208,53
620,77	11485,01
620,97	11607,89
621,17	11626,32
621,37	11865,93
621,57	11988,81
621,77	12232,52
621,97	12605,25
622,17	12932,92
622,37	13123,38
622,57	13369,14
622,77	13283,13
622,97	13670,19
623,17	13858,60
623,37	14401,32
623,57	14427,94
623,77	14528,29
623,97	14847,77
624,16	14853,92
624,36	15374,10
624,56	15408,92
624,76	15896,33
624,96	16086,79
625,16	16295,69
625,36	16529,16
625,56	16940,80
625,76	17311,48
625,96	17434,36
626,16	17766,13
626,36	18482,92
626,56	18695,91
626,76	18919,14
626,96	19050,21
627,16	19685,08
627,36	19719,89
627,56	20414,15
627,76	20864,71
627,96	20475,59
628,16	21470,90
628,35	21599,93
628,55	21982,90
628,75	22746,79
628,95	22976,16
629,15	23510,68
629,35	23789,20
629,55	23768,73
629,75	24329,87
629,95	25040,51
630,15	25097,86
630,35	25589,37
630,55	26164,85
630,75	26152,56
630,95	26842,73
631,14	27307,62
631,34	27803,22
631,54	28122,71
631,74	28788,30
631,94	28880,46
632,14	29480,51
632,34	30006,84
632,54	30576,17
632,74	31018,53
632,94	31325,73
633,14	31790,62
633,33	32069,14
633,53	32359,95
633,73	33103,37
633,93	33551,87
634,13	34119,16
634,33	34381,30
634,53	34713,07
634,73	34835,95
634,93	35323,36
635,12	35313,13
635,32	35579,36
635,52	35952,09
635,72	36636,11
635,92	36892,11
636,12	36912,59
636,32	37139,91
636,52	37184,97
636,71	37580,23
636,91	37787,07
637,11	37787,07
637,31	37647,81
637,51	37903,81
637,71	37948,86
637,91	37909,95
638,11	37569,99
638,30	37367,24
638,50	37682,62
638,70	37313,99
638,90	37209,54
639,10	36722,13
639,30	36656,59
639,50	36017,63
639,69	35999,19
639,89	35636,70
640,09	35145,19
640,29	34815,47
640,49	34420,21
640,69	34151,93
640,88	33310,21
641,08	32853,51
641,28	32439,82
641,48	32110,10
641,68	31073,83
641,88	30801,45
642,07	30221,87
642,27	29988,41
642,47	28814,92
642,67	28186,19
642,87	27721,30
643,07	27188,83
643,26	26885,73
643,46	25826,93
643,66	25216,64
643,86	24559,24
644,06	23959,19
644,26	23379,61
644,45	22490,79
644,65	22238,89
644,85	21341,88
645,05	20778,69
645,25	20289,23
645,44	19465,94
645,64	18818,78
645,84	18304,74
646,04	17467,13
646,24	17340,15
646,43	16854,78
646,63	16332,55
646,83	15875,85
647,03	15490,84
647,23	14638,88
647,42	14405,41
647,62	13598,51
647,82	13293,37
648,02	12977,98
648,22	12592,96
648,41	12296,00
648,61	11896,65
648,81	11517,78
649,01	11108,18
649,20	10760,03
649,40	10803,04
649,60	10407,78
649,80	9813,87
650,00	9918,31
650,19	9371,50
650,39	9148,28
650,59	9113,46
650,79	8810,36
650,98	8535,93
651,18	8136,58
651,38	8062,85
651,58	8009,61
651,77	7720,84
651,97	7434,13
652,17	7309,20
652,37	7038,87
652,56	6950,81
652,76	6684,57
652,96	6741,91
653,16	6406,05
653,35	6238,11
653,55	6231,97
653,75	6061,99
653,95	6074,28
654,14	5818,28
654,34	5547,95
654,54	5640,11
654,74	5531,56
654,93	5318,57
655,13	5148,59
655,33	5144,50
655,52	5162,93
655,72	4915,12
655,92	4800,44
656,12	4786,10
656,31	4691,90
656,51	4536,25
656,71	4401,08
656,91	4437,95
657,10	4227,01
657,30	4163,52
657,50	4128,70
657,69	4106,18
657,89	4069,31
658,09	4054,98
658,29	3895,24
658,48	3962,82
658,68	3706,82
658,88	3870,66
659,07	3755,97
659,27	3731,40
659,47	3502,03
659,66	3579,85
659,86	3502,03
660,06	3444,68
660,26	3389,39
660,45	3346,38
660,65	3397,58
660,85	3336,14
661,04	3233,74
661,24	3137,49
661,44	3117,01
661,63	3059,67
661,83	3094,48
662,03	3045,33
662,22	2990,03
662,42	2949,08
662,62	2953,17
662,81	3002,32
663,01	2830,29
663,21	2951,12
663,40	2842,58
663,60	2836,44
663,80	2768,85
663,99	2822,10
664,19	2707,41
664,39	2772,95
664,58	2680,79
664,78	2662,36
664,98	2672,60
665,17	2672,60
665,37	2621,40
665,57	2639,83
665,76	2602,97
665,96	2508,76
666,16	2602,97
666,35	2621,40
666,55	2564,06
666,74	2527,19
666,94	2543,58
667,14	2420,70
667,33	2484,19
667,53	2471,90
667,73	2361,31
667,92	2512,86
668,12	2383,84
668,32	2549,72
668,51	2396,12
668,71	2422,75
668,90	2377,69
669,10	2316,25
669,30	2281,44
669,49	2389,98
669,69	2355,16
669,89	2213,85
670,08	2238,43
670,28	2566,10
670,47	2316,25
670,67	2220,00
670,87	2263,01
671,06	2326,49
671,26	2244,57
671,45	2224,09
671,65	2287,58
671,85	2260,96
672,04	2281,44
672,24	2185,18
672,43	2211,81
672,63	2213,85
672,83	2097,12
673,02	2160,61
673,22	2148,32
673,41	2117,60
673,61	2050,02
673,81	2164,70
674,00	2279,39
674,20	2133,98
674,39	2078,69
674,59	2127,84
674,78	2086,88
674,98	2215,90
675,18	2138,08
675,37	2035,68
675,57	2144,22
675,76	2142,18
675,96	2105,31
676,15	2052,06
676,35	2078,69
676,55	2074,59
676,74	2031,58
676,94	1990,63
677,13	2025,44
677,33	2119,65
677,52	2123,74
677,72	2093,02
677,91	1968,10
678,11	1996,77
678,31	2017,25
678,50	2031,58
678,70	2015,20
678,89	1986,53
679,09	1984,48
679,28	1976,29
679,48	2090,98
679,67	1929,19
679,87	1943,52
680,06	2148,32
680,26	2101,22
680,46	2004,96
680,65	1986,53
680,85	1955,81
681,04	1906,66
681,24	1998,82
681,43	1923,04
681,63	2023,39
681,82	1970,15
682,02	2015,20
682,21	1925,09
682,41	1900,52
682,60	2011,11
682,80	2029,54
682,99	2009,06
683,19	1988,58
683,38	2025,44
683,58	1935,33
683,77	1992,67
683,97	1918,95
684,16	2011,11
684,36	1900,52
684,55	1851,36
684,75	1945,57
684,94	1945,57
685,14	1929,19
685,33	1771,49
685,53	1884,13
685,72	1988,58
685,92	1888,23
686,11	1920,99
686,31	1933,28
686,50	1931,23
686,70	1871,84
686,89	1871,84
687,09	1837,03
687,28	1964,00
687,48	1875,94
687,67	1961,95
687,87	1914,85
688,06	1933,28
688,26	1990,63
688,45	1896,42
688,65	1851,36
688,84	1943,52
689,03	1875,94
689,23	1892,32
689,42	1894,37
689,62	1959,91
689,81	1937,38
690,01	1949,67
690,20	1837,03
690,40	1839,08
690,59	1992,67
690,79	1853,41
690,98	1941,47
691,17	1935,33
691,37	1935,33
691,56	1847,27
691,76	2035,68
691,95	1927,14
692,15	1810,40
692,34	1937,38
692,54	1822,69
692,73	1896,42
692,92	1978,34
693,12	1892,32
693,31	1828,84
693,51	1906,66
693,70	1845,22
693,90	1877,99
694,09	1839,08
694,28	1939,43
694,48	1882,08
694,67	1933,28
694,87	1941,47
695,06	1896,42
695,26	1875,94
695,45	1841,12
695,64	1892,32
695,84	1910,75
696,03	1802,21
696,23	1898,47
696,42	1847,27
696,61	1845,22
696,81	1783,78
697,00	1877,99
697,20	1941,47
697,39	1826,79
697,58	1765,35
697,78	1896,42
697,97	1806,31
698,17	1808,36
698,36	1849,32
698,55	1859,56
698,75	1961,95
698,94	1849,32
699,14	1828,84
699,33	1824,74
699,52	1841,12
699,72	1906,66
699,91	1800,16
700,10	1826,79
700,30	1894,37
700,49	1859,56
700,69	1884,13
700,88	1849,32
701,07	1890,28
701,27	1816,55
701,46	2015,20
701,65	1861,60
701,85	1845,22
702,04	1992,67
702,23	1843,17
702,43	1830,88
702,62	1781,73
702,82	1884,13
703,01	1994,72
703,20	1873,89
703,40	1867,75
703,59	1861,60
703,78	1935,33
703,98	1906,66
704,17	1810,40
704,36	1818,60
704,56	1933,28
704,75	1763,30
704,94	1871,84
705,14	1933,28
705,33	1937,38
705,52	1849,32
705,72	1871,84
705,91	1837,03
706,10	1861,60
706,30	1896,42
706,49	1900,52
706,68	1925,09
706,88	1871,84
707,07	1841,12
707,26	1882,08
707,46	1900,52
707,65	1910,75
707,84	1824,74
708,04	1832,93
708,23	1902,56
708,42	1898,47
708,62	1832,93
708,81	1859,56
709,00	1964,00
709,19	1904,61
709,39	1818,60
709,58	1925,09
709,77	1791,97
709,97	1873,89
710,16	1816,55
710,35	1984,48
710,55	1920,99
710,74	1953,76
710,93	1777,64
711,12	1966,05
711,32	1916,90
711,51	1986,53
711,70	1820,64
711,90	1980,39
712,09	1812,45
712,28	1908,71
712,47	1880,04
712,67	1843,17
712,86	1845,22
713,05	1929,19
713,24	1816,55
713,44	1912,80
713,63	1841,12
713,82	1828,84
714,02	1939,43
714,21	1914,85
714,40	1904,61
714,59	1896,42
714,79	1779,68
714,98	1839,08
715,17	1920,99
715,36	1812,45
715,56	1865,70
715,75	1781,73
715,94	1837,03
716,13	1900,52
716,33	1849,32
716,52	1824,74
716,71	1812,45
716,90	1902,56
717,10	1820,64
717,29	1861,60
717,48	1929,19
717,67	1880,04
717,87	1841,12
718,06	1900,52
718,25	1884,13
718,44	1834,98
718,63	1794,02
718,83	1771,49
719,02	1753,06
719,21	1871,84
719,40	1759,21
719,60	1710,05
719,79	1863,65
719,98	1861,60
720,17	1765,35
720,36	1843,17
720,56	1806,31
720,75	1748,97
720,94	1834,98
721,13	1818,60
721,33	1851,36
721,52	1804,26
721,71	1855,46
721,90	1925,09
722,09	1853,41
722,29	1902,56
722,48	1751,01
722,67	1779,68
722,86	1945,57
723,05	1783,78
723,24	1953,76
723,44	1849,32
723,63	1796,07
723,82	1902,56
724,01	1781,73
724,20	1820,64
724,40	1785,83
724,59	1822,69
724,78	1800,16
724,97	1820,64
725,16	1832,93
725,35	1804,26
725,55	1748,97
725,74	1882,08
725,93	1943,52
726,12	1859,56
726,31	1906,66
726,51	1894,37
726,70	1839,08
726,89	1884,13
727,08	1855,46
727,27	1855,46
727,46	1861,60
727,65	1853,41
727,85	1785,83
728,04	1816,55
728,23	1730,53
728,42	1894,37
728,61	1882,08
728,80	1732,58
729,00	1861,60
729,19	1791,97
729,38	1920,99
729,57	1871,84
729,76	1783,78
729,95	1894,37
730,14	1777,64
730,33	1787,88
730,53	1816,55
730,72	1865,70
730,91	1816,55
731,10	1851,36
731,29	1953,76
731,48	1892,32
731,67	1826,79
731,86	1824,74
732,06	1865,70
732,25	1794,02
732,44	1787,88
732,63	1824,74
732,82	1880,04
733,01	1966,05
733,20	1761,25
733,39	1857,51
733,59	1843,17
733,78	1843,17
733,97	1923,04
734,16	1845,22
734,35	1916,90
734,54	1869,80
734,73	1859,56
734,92	1894,37
735,11	1890,28
735,30	1777,64
735,49	1929,19
735,69	1830,88
735,88	1820,64
736,07	1849,32
736,26	1882,08
736,45	1820,64
736,64	1798,12
736,83	1906,66
737,02	1914,85
737,21	1834,98
737,40	1773,54
737,59	2015,20
737,78	1804,26
737,98	1814,50
738,17	1853,41
738,36	1959,91
738,55	1855,46
738,74	1857,51
738,93	1787,88
739,12	1757,16
739,31	1808,36
739,50	1767,40
739,69	1775,59
739,88	1839,08
740,07	1886,18
740,26	1931,23
740,45	1851,36
740,64	1900,52
740,83	1814,50
741,02	1847,27
741,22	1873,89
741,41	1847,27
741,60	1845,22
741,79	1800,16
741,98	1898,47
742,17	1849,32
742,36	1925,09
742,55	1859,56
742,74	1937,38
742,93	1851,36
743,12	1898,47
743,31	1851,36
743,50	1884,13
743,69	1808,36
743,88	1875,94
744,07	1832,93
744,26	1937,38
744,45	1837,03
744,64	1951,71
744,83	1910,75
745,02	1775,59
745,21	1796,07
745,40	1914,85
745,59	1890,28
745,78	1728,49
745,97	1859,56
746,16	1943,52
746,35	1863,65
746,54	1748,97
746,73	1830,88
746,92	1773,54
747,11	1853,41
747,30	1888,23
747,49	1904,61
747,68	1810,40
747,87	1789,92
748,06	1830,88
748,25	1863,65
748,44	1834,98
748,63	1892,32
748,82	1824,74
749,01	1855,46
749,20	1828,84
749,39	1796,07
749,58	1843,17
749,77	1779,68
749,96	1800,16
750,15	1910,75
750,34	1894,37
750,53	1910,75
750,72	1863,65
750,91	1800,16
751,10	1882,08
751,29	1736,68
751,48	1789,92
751,67	1771,49
751,86	1902,56
752,04	1910,75
752,23	1859,56
752,42	1834,98
752,61	1824,74
752,80	1869,80
752,99	1810,40
753,18	1794,02
753,37	1828,84
753,56	1763,30
753,75	1867,75
753,94	1708,01
754,13	1945,57
754,32	1863,65
754,51	1755,11
754,70	1906,66
754,89	1703,91
755,08	1904,61
755,27	1728,49
755,45	1814,50
755,64	1800,16
755,83	1806,31
756,02	1818,60
756,21	1791,97
756,40	1855,46
756,59	1695,72
756,78	1820,64
756,97	1763,30
757,16	1734,63
757,35	1918,95
757,54	1746,92
757,72	1845,22
757,91	1802,21
758,10	1816,55
758,29	1751,01
758,48	1810,40
758,67	1699,81
758,86	1738,73
759,05	1738,73
759,24	1757,16
759,43	1726,44
759,61	1665,00
759,80	1716,20
759,99	1767,40
760,18	1777,64
760,37	1742,82
760,56	1652,71
760,75	1789,92
760,94	1771,49
761,13	1751,01
761,31	1851,36
761,50	1767,40
761,69	1652,71
761,88	1720,29
762,07	1617,90
762,26	1769,44
762,45	1693,67
762,64	1714,15
762,82	1703,91
763,01	1810,40
763,20	1740,77
763,39	1703,91
763,58	1785,83
763,77	1705,96
763,96	1748,97
764,14	1671,14
764,33	1720,29
764,52	1755,11
764,71	1787,88
764,90	1787,88
765,09	1796,07
765,27	1744,87
765,46	1802,21
765,65	1734,63
765,84	1740,77
766,03	1802,21
766,22	1779,68
766,41	1681,38
766,59	1814,50
766,78	1771,49
766,97	1712,10
767,16	1761,25
767,35	1718,25
767,54	1923,04
767,72	1826,79
767,91	1822,69
768,10	1789,92
768,29	1751,01
768,48	1798,12
768,66	1736,68
768,85	1861,60
769,04	1837,03
769,23	1775,59
769,42	1796,07
769,61	1765,35
769,79	1841,12
769,98	1824,74
770,17	1830,88
770,36	1851,36
770,55	1740,77
770,73	1851,36
770,92	1869,80
771,11	1812,45
771,30	1785,83
771,49	1863,65
771,67	1851,36
771,86	1767,40
772,05	1820,64
772,24	1824,74
772,42	1738,73
772,61	1775,59
772,80	1785,83
772,99	1763,30
773,18	1787,88
773,36	1806,31
773,55	1703,91
773,74	1771,49
773,93	1820,64
774,11	1740,77
774,30	1894,37
774,49	1789,92
774,68	1783,78
774,87	1816,55
775,05	1767,40
775,24	1687,53
775,43	1828,84
775,62	1740,77
775,80	1751,01
775,99	1875,94
776,18	1884,13
776,37	1822,69
776,55	1777,64
776,74	1804,26
776,93	1822,69
777,12	1806,31
777,30	1761,25
777,49	1787,88
777,68	1781,73
777,87	1777,64
778,05	1714,15
778,24	1814,50
778,43	1771,49
778,62	1669,09
778,80	1746,92
778,99	1812,45
779,18	1802,21
779,36	1802,21
779,55	1753,06
779,74	1796,07
779,93	1777,64
780,11	1845,22
780,30	1765,35
780,49	1826,79
780,68	1855,46
780,86	1894,37
781,05	1769,44
781,24	1812,45
781,42	1812,45
781,61	1736,68
781,80	1693,67
781,98	1830,88
782,17	1810,40
782,36	1703,91
782,55	1746,92
782,73	1744,87
782,92	1890,28
783,11	1728,49
783,29	1779,68
783,48	1873,89
783,67	1783,78
783,85	1777,64
784,04	1847,27
784,23	1894,37
784,42	1800,16
784,60	1732,58
784,79	1947,62
784,98	1798,12
785,16	1847,27
785,35	1755,11
785,54	1820,64
785,72	1894,37
785,91	1810,40
786,10	1693,67
786,28	1837,03
786,47	1818,60
786,66	1699,81
786,84	1908,71
787,03	1867,75
787,22	1775,59
787,40	1724,39
787,59	1806,31
787,78	1777,64
787,96	1777,64
788,15	1712,10
788,34	1732,58
788,52	1744,87
788,71	1697,77
788,89	1746,92
789,08	1591,27
789,27	1869,80
789,45	1787,88
789,64	1675,24
789,83	1726,44
790,01	1763,30
790,20	1857,51
790,39	1652,71
790,57	1716,20
790,76	1695,72
790,95	1662,95
791,13	1738,73
791,32	1658,85
791,50	1857,51
791,69	1732,58
791,88	1798,12
792,06	1814,50
792,25	1775,59
792,43	1695,72
792,62	1794,02
792,81	1699,81
792,99	1646,57
793,18	1789,92
793,37	1693,67
793,55	1812,45
793,74	1777,64
793,92	1806,31
794,11	1736,68
794,30	1712,10
794,48	1742,82
794,67	1845,22
794,85	1738,73
795,04	1693,67
795,23	1785,83
795,41	1687,53
795,60	1769,44
795,78	1753,06
795,97	1824,74
796,15	1814,50
796,34	1744,87
796,53	1695,72
796,71	1738,73
796,90	1794,02
797,08	1638,38
797,27	1816,55
797,46	1716,20
797,64	1771,49
797,83	1757,16
798,01	1841,12
798,20	1779,68
798,38	1783,78
798,57	1609,70
798,76	1681,38
798,94	1744,87
799,13	1734,63
799,31	1783,78
799,50	1683,43
799,68	1734,63
799,87	1632,23
800,05	1789,92
800,24	1736,68
800,43	1753,06
800,61	1859,56
800,80	1779,68
800,98	1689,57
801,17	1748,97
801,35	1681,38
801,54	1753,06
801,72	1761,25
801,91	1724,39
802,09	1712,10
802,28	1761,25
802,46	1740,77
802,65	1775,59
802,84	1861,60
803,02	1796,07
803,21	1751,01
803,39	1738,73
803,58	1722,34
803,76	1773,54
803,95	1773,54
804,13	1675,24
804,32	1708,01
804,50	1791,97
804,69	1849,32
804,87	1757,16
805,06	1744,87
805,24	1828,84
805,43	1783,78
805,61	1712,10
805,80	1710,05
805,98	1761,25
806,17	1683,43
806,35	1699,81
806,54	1724,39
806,72	1701,86
806,91	1736,68
807,09	1767,40
807,28	1751,01
807,46	1718,25
807,65	1761,25
807,83	1634,28
808,02	1689,57
808,20	1789,92
808,39	1775,59
808,57	1724,39
808,76	1755,11
808,94	1761,25
809,13	1732,58
809,31	1673,19
809,49	1798,12
809,68	1640,42
809,86	1720,29
810,05	1693,67
810,23	1787,88
810,42	1781,73
810,60	1671,14
810,79	1695,72
810,97	1751,01
811,16	1652,71
811,34	1773,54
811,53	1689,57
811,71	1681,38
811,89	1726,44
812,08	1748,97
812,26	1687,53
812,45	1732,58
812,63	1695,72
812,82	1771,49
813,00	1652,71
813,19	1724,39
813,37	1716,20
813,55	1646,57
813,74	1714,15
813,92	1808,36
814,11	1751,01
814,29	1566,70
814,48	1785,83
814,66	1769,44
814,84	1775,59
815,03	1697,77
815,21	1822,69
815,40	1683,43
815,58	1753,06
815,77	1759,21
815,95	1708,01
816,13	1636,33
816,32	1804,26
816,50	1763,30
816,69	1648,61
816,87	1669,09
817,05	1648,61
817,24	1744,87
817,42	1677,29
817,61	1613,80
817,79	1763,30
817,97	1738,73
818,16	1658,85
818,34	1851,36
818,53	1718,25
818,71	1765,35
818,89	1656,81
819,08	1675,24
819,26	1691,62
819,45	1703,91
819,63	1746,92
819,81	1748,97
820,00	1830,88
820,18	1615,85
820,36	1744,87
820,55	1689,57
820,73	1621,99
820,92	1665,00
821,10	1701,86
821,28	1724,39
821,47	1740,77
821,65	1720,29
821,83	1830,88
822,02	1671,14
822,20	1718,25
822,39	1701,86
822,57	1574,89
822,75	1689,57
822,94	1687,53
823,12	1658,85
823,30	1693,67
823,49	1753,06
823,67	1708,01
823,85	1644,52
824,04	1640,42
824,22	1695,72
824,40	1728,49
824,59	1685,48
824,77	1705,96
824,95	1716,20
825,14	1724,39
825,32	1761,25
825,50	1673,19
825,69	1765,35
825,87	1828,84
826,05	1636,33
826,24	1830,88
826,42	1822,69
826,60	1722,34
826,79	1705,96
826,97	1642,47
827,15	1712,10
827,34	1693,67
827,52	1636,33
827,70	1728,49
827,89	1654,76
828,07	1654,76
828,25	1665,00
828,44	1650,66
828,62	1660,90
828,80	1722,34
828,98	1718,25
829,17	1570,79
829,35	1675,24
829,53	1714,15
829,72	1730,53
829,90	1626,09
830,08	1724,39
830,27	1777,64
830,45	1781,73
830,63	1777,64
830,81	1611,75
831,00	1703,91
831,18	1703,91
831,36	1708,01
831,55	1646,57
831,73	1626,09
831,91	1687,53
832,09	1820,64
832,28	1765,35
832,46	1634,28
832,64	1660,90
832,82	1671,14
833,01	1732,58
833,19	1742,82
833,37	1583,08
833,55	1597,42
833,74	1757,16
833,92	1669,09
834,10	1693,67
834,29	1642,47
834,47	1679,33
834,65	1695,72
834,83	1699,81
835,02	1617,90
835,20	1703,91
835,38	1677,29
835,56	1699,81
835,75	1712,10
835,93	1775,59
836,11	1642,47
836,29	1646,57
836,47	1732,58
836,66	1693,67
836,84	1775,59
837,02	1642,47
837,20	1738,73
837,39	1759,21
837,57	1644,52
837,75	1718,25
837,93	1708,01
838,12	1665,00
838,30	1687,53
838,48	1673,19
838,66	1728,49
838,84	1642,47
839,03	1738,73
839,21	1632,23
839,39	1665,00
839,57	1701,86
839,75	1763,30
839,94	1646,57
840,12	1708,01
840,30	1628,14
840,48	1703,91
840,66	1669,09
840,85	1632,23
841,03	1630,18
841,21	1834,98
841,39	1828,84
841,57	1630,18
841,76	1728,49
841,94	1742,82
842,12	1701,86
842,30	1726,44
842,48	1742,82
842,67	1708,01
842,85	1667,05
843,03	1701,86
843,21	1781,73
843,39	1730,53
843,57	1697,77
843,76	1720,29
843,94	1646,57
844,12	1734,63
844,30	1624,04
844,48	1716,20
844,66	1861,60
844,85	1703,91
845,03	1722,34
845,21	1648,61
845,39	1804,26
845,57	1718,25
845,75	1587,18
845,94	1695,72
846,12	1757,16
846,30	1665,00
846,48	1687,53
846,66	1722,34
846,84	1669,09
847,02	1722,34
847,21	1712,10
847,39	1640,42
847,57	1658,85
847,75	1632,23
847,93	1660,90
848,11	1687,53
848,29	1642,47
848,48	1660,90
848,66	1658,85
848,84	1769,44
849,02	1646,57
849,20	1634,28
849,38	1691,62
849,56	1708,01
849,74	1769,44
849,93	1873,89
850,11	1689,57
850,29	1662,95
850,47	1718,25
850,65	1656,81
850,83	1593,32
851,01	1746,92
851,19	1673,19
851,37	1679,33
851,56	1636,33
851,74	1695,72
851,92	1650,66
852,10	1581,03
852,28	1626,09
852,46	1591,27
852,64	1691,62
852,82	1740,77
853,00	1712,10
853,18	1701,86
853,37	1669,09
853,55	1632,23
853,73	1658,85
853,91	1673,19
854,09	1597,42
854,27	1691,62
854,45	1755,11
854,63	1693,67
854,81	1634,28
854,99	1644,52
855,17	1634,28
855,35	1613,80
855,53	1656,81
855,72	1632,23
855,90	1699,81
856,08	1742,82
856,26	1570,79
856,44	1710,05
856,62	1578,98
856,80	1626,09
856,98	1673,19
857,16	1609,70
857,34	1683,43
857,52	1693,67
857,70	1710,05
857,88	1712,10
858,06	1705,96
858,24	1671,14
858,42	1722,34
858,60	1695,72
858,78	1564,65
858,96	1699,81
859,15	1646,57
859,33	1665,00
859,51	1607,66
859,69	1632,23
859,87	1611,75
860,05	1646,57
860,23	1787,88
860,41	1693,67
860,59	1681,38
860,77	1777,64
860,95	1718,25
861,13	1638,38
861,31	1605,61
861,49	1525,74
861,67	1687,53
861,85	1662,95
862,03	1726,44
862,21	1675,24
862,39	1656,81
862,57	1728,49
862,75	1683,43
862,93	1685,48
863,11	1728,49
863,29	1544,17
863,47	1644,52
863,65	1753,06
863,83	1626,09
864,01	1632,23
864,19	1683,43
864,37	1658,85
864,55	1642,47
864,73	1589,22
864,91	1630,18
865,09	1640,42
865,27	1681,38
865,45	1581,03
865,63	1671,14
865,81	1679,33
865,99	1667,05
866,17	1685,48
866,35	1714,15
866,53	1720,29
866,71	1613,80
866,89	1683,43
867,07	1632,23
867,24	1634,28
867,42	1613,80
867,60	1695,72
867,78	1726,44
867,96	1624,04
868,14	1736,68
868,32	1701,86
868,50	1617,90
868,68	1667,05
868,86	1685,48
869,04	1644,52
869,22	1572,84
869,40	1599,46
869,58	1679,33
869,76	1689,57
869,94	1601,51
870,12	1628,14
870,30	1656,81
870,48	1669,09
870,66	1652,71
870,83	1693,67
871,01	1617,90
871,19	1593,32
871,37	1593,32
871,55	1617,90
871,73	1572,84
871,91	1759,21
872,09	1658,85
872,27	1640,42
872,45	1658,85
872,63	1550,31
872,81	1607,66
872,98	1753,06
873,16	1699,81
873,34	1693,67
873,52	1607,66
873,70	1632,23
873,88	1701,86
874,06	1603,56
874,24	1695,72
874,42	1576,94
874,60	1613,80
874,78	1640,42
874,95	1669,09
875,13	1671,14
875,31	1628,14
875,49	1607,66
875,67	1593,32
875,85	1699,81
876,03	1560,55
876,21	1685,48
876,39	1662,95
876,56	1687,53
876,74	1556,46
876,92	1646,57
877,10	1708,01
877,28	1574,89
877,46	1640,42
877,64	1751,01
877,82	1757,16
877,99	1578,98
878,17	1630,18
878,35	1701,86
878,53	1662,95
878,71	1771,49
878,89	1609,70
879,07	1685,48
879,24	1660,90
879,42	1755,11
879,60	1658,85
879,78	1720,29
879,96	1589,22
880,14	1785,83
880,32	1591,27
880,49	1591,27
880,67	1685,48
880,85	1673,19
881,03	1613,80
881,21	1705,96
881,39	1658,85
881,56	1642,47
881,74	1617,90
881,92	1570,79
882,10	1665,00
882,28	1654,76
882,46	1667,05
882,63	1615,85
882,81	1546,22
882,99	1583,08
883,17	1658,85
883,35	1642,47
883,52	1716,20
883,70	1638,38
883,88	1566,70
884,06	1667,05
884,24	1591,27
884,42	1755,11
884,59	1597,42
884,77	1687,53
884,95	1689,57
885,13	1578,98
885,31	1611,75
885,48	1632,23
885,66	1716,20
885,84	1718,25
886,02	1626,09
886,20	1708,01
886,37	1644,52
886,55	1710,05
886,73	1775,59
886,91	1566,70
887,08	1648,61
887,26	1644,52
887,44	1677,29
887,62	1527,78
887,80	1658,85
887,97	1705,96
888,15	1675,24
888,33	1560,55
888,51	1673,19
888,68	1660,90
888,86	1617,90
889,04	1595,37
889,22	1714,15
889,40	1636,33
889,57	1665,00
889,75	1697,77
889,93	1628,14
890,11	1724,39
890,28	1761,25
890,46	1605,61
890,64	1601,51
890,82	1699,81
890,99	1720,29
891,17	1640,42
891,35	1642,47
891,53	1589,22
891,70	1593,32
891,88	1552,36
892,06	1652,71
892,24	1621,99
892,41	1626,09
892,59	1566,70
892,77	1675,24
892,94	1611,75
893,12	1667,05
893,30	1597,42
893,48	1611,75
893,65	1658,85
893,83	1628,14
894,01	1597,42
894,19	1685,48
894,36	1712,10
894,54	1613,80
894,72	1640,42
894,89	1566,70
895,07	1554,41
895,25	1636,33
895,43	1544,17
895,60	1646,57
895,78	1712,10
895,96	1544,17
896,13	1697,77
896,31	1660,90
896,49	1693,67
896,66	1529,83
896,84	1654,76
897,02	1576,94
897,20	1675,24
897,37	1634,28
897,55	1468,39
897,73	1687,53
897,90	1634,28
898,08	1681,38
898,26	1705,96
898,43	1581,03
898,61	1677,29
898,79	1613,80
898,96	1626,09
899,14	1570,79
899,32	1634,28
899,49	1574,89
899,67	1650,66
899,85	1734,63
900,02	1703,91
900,20	1630,18
900,38	1599,46
900,55	1753,06
900,73	1742,82
900,91	1529,83
901,08	1681,38
901,26	1589,22
901,44	1636,33
901,61	1640,42
901,79	1683,43
901,97	1740,77
902,14	1568,74
902,32	1734,63
902,50	1550,31
902,67	1646,57
902,85	1687,53
903,02	1638,38
903,20	1566,70
903,38	1656,81
903,55	1583,08
903,73	1650,66
903,91	1628,14
904,08	1683,43
904,26	1642,47
904,44	1765,35
904,61	1531,88
904,79	1650,66
904,96	1599,46
905,14	1640,42
905,32	1605,61
905,49	1578,98
905,67	1556,46
905,84	1683,43
906,02	1703,91
906,20	1634,28
906,37	1755,11
906,55	1699,81
906,73	1703,91
906,90	1671,14
907,08	1593,32
907,25	1535,98
907,43	1697,77
907,61	1550,31
907,78	1613,80
907,96	1552,36
908,13	1675,24
908,31	1693,67
908,48	1632,23
908,66	1533,93
908,84	1607,66
909,01	1648,61
909,19	1658,85
909,36	1595,37
909,54	1574,89
909,72	1595,37
909,89	1472,49
910,07	1585,13
910,24	1591,27
910,42	1613,80
910,59	1574,89
910,77	1599,46
910,95	1626,09
911,12	1542,12
911,30	1568,74
911,47	1581,03
911,65	1562,60
911,82	1535,98
912,00	1611,75
912,17	1521,64
912,35	1644,52
912,53	1636,33
912,70	1654,76
912,88	1593,32
913,05	1660,90
913,23	1595,37
913,40	1648,61
913,58	1529,83
913,75	1656,81
913,93	1595,37
914,10	1581,03
914,28	1521,64
914,46	1630,18
914,63	1601,51
914,81	1648,61
914,98	1492,97
915,16	1621,99
915,33	1613,80
915,51	1665,00
915,68	1656,81
915,86	1607,66
916,03	1656,81
916,21	1519,59
916,38	1572,84
916,56	1652,71
916,73	1611,75
916,91	1570,79
917,08	1638,38
917,26	1632,23
917,43	1621,99
917,61	1607,66
917,78	1658,85
917,96	1484,78
918,13	1570,79
918,31	1583,08
918,48	1523,69
918,66	1499,11
918,83	1621,99
919,01	1648,61
919,18	1617,90
919,36	1562,60
919,53	1626,09
919,71	1773,54
919,88	1624,04
920,06	1601,51
920,23	1605,61
920,41	1599,46
920,58	1658,85
920,76	1519,59
920,93	1619,94
921,11	1560,55
921,28	1527,78
921,45	1699,81
921,63	1546,22
921,80	1679,33
921,98	1638,38
922,15	1556,46
922,33	1599,46
922,50	1652,71
922,68	1513,45
922,85	1556,46
923,03	1601,51
923,20	1738,73
923,38	1621,99
923,55	1636,33
923,72	1589,22
923,90	1775,59
924,07	1546,22
924,25	1642,47
924,42	1730,53
924,60	1652,71
924,77	1570,79
924,95	1724,39
925,12	1671,14
925,29	1718,25
925,47	1562,60
925,64	1544,17
925,82	1568,74
925,99	1554,41
926,17	1597,42
926,34	1603,56
926,51	1630,18
926,69	1613,80
926,86	1677,29
927,04	1599,46
927,21	1624,04
927,38	1613,80
927,56	1595,37
927,73	1624,04
927,91	1626,09
928,08	1789,92
928,25	1591,27
928,43	1617,90
928,60	1628,14
928,78	1621,99
928,95	1581,03
929,12	1675,24
929,30	1585,13
929,47	1589,22
929,65	1476,59
929,82	1480,68
929,99	1632,23
930,17	1492,97
930,34	1642,47
930,52	1626,09
930,69	1599,46
930,86	1597,42
931,04	1587,18
931,21	1505,26
931,38	1568,74
931,56	1605,61
931,73	1669,09
931,91	1597,42
932,08	1533,93
932,25	1677,29
932,43	1570,79
932,60	1589,22
932,77	1568,74
932,95	1556,46
933,12	1605,61
933,29	1525,74
933,47	1624,04
933,64	1515,50
933,82	1550,31
933,99	1656,81
934,16	1515,50
934,34	1677,29
934,51	1554,41
934,68	1617,90
934,86	1613,80
935,03	1603,56
935,20	1568,74
935,38	1548,26
935,55	1648,61
935,72	1564,65
935,90	1597,42
936,07	1478,63
936,24	1525,74
936,42	1689,57
936,59	1574,89
936,76	1642,47
936,94	1562,60
937,11	1624,04
937,28	1593,32
937,46	1624,04
937,63	1634,28
937,80	1599,46
937,97	1689,57
938,15	1578,98
938,32	1568,74
938,49	1613,80
938,67	1515,50
938,84	1589,22
939,01	1570,79
939,19	1609,70
939,36	1527,78
939,53	1648,61
939,70	1654,76
939,88	1576,94
940,05	1699,81
940,22	1658,85
940,40	1630,18
940,57	1636,33
940,74	1576,94
940,92	1515,50
941,09	1519,59
941,26	1556,46
941,43	1613,80
941,61	1570,79
941,78	1554,41
941,95	1613,80
942,12	1642,47
942,30	1587,18
942,47	1611,75
942,64	1499,11
942,82	1693,67
942,99	1691,62
943,16	1554,41
943,33	1581,03
943,51	1552,36
943,68	1593,32
943,85	1595,37
944,02	1691,62
944,20	1646,57
944,37	1550,31
944,54	1689,57
944,71	1677,29
944,89	1609,70
945,06	1509,35
945,23	1546,22
945,40	1650,66
945,58	1609,70
945,75	1568,74
945,92	1708,01
946,09	1603,56
946,27	1626,09
946,44	1519,59
946,61	1595,37
946,78	1650,66
946,95	1503,21
947,13	1570,79
947,30	1621,99
947,47	1540,07
947,64	1595,37
947,82	1572,84
947,99	1548,26
948,16	1619,94
948,33	1646,57
948,50	1611,75
948,68	1662,95
948,85	1591,27
949,02	1605,61
949,19	1570,79
949,36	1650,66
949,54	1572,84
949,71	1693,67
949,88	1646,57
950,05	1648,61
950,22	1568,74
950,40	1636,33
950,57	1523,69
950,74	1660,90
950,91	1613,80
951,08	1650,66
951,26	1646,57
951,43	1611,75
951,60	1615,85
951,77	1654,76
951,94	1681,38
952,11	1646,57
952,29	1669,09
952,46	1552,36
952,63	1652,71
952,80	1556,46
952,97	1669,09
953,15	1650,66
953,32	1568,74
953,49	1587,18
953,66	1615,85
953,83	1556,46
954,00	1595,37
954,17	1587,18
954,35	1757,16
954,52	1609,70
954,69	1560,55
954,86	1665,00
955,03	1589,22
955,20	1523,69
955,38	1523,69
955,55	1636,33
955,72	1628,14
955,89	1556,46
956,06	1607,66
956,23	1552,36
956,40	1658,85
956,58	1525,74
956,75	1529,83
956,92	1591,27
957,09	1525,74
957,26	1673,19
957,43	1599,46
957,60	1533,93
957,77	1581,03
957,95	1607,66
958,12	1564,65
958,29	1658,85
958,46	1656,81
958,63	1585,13
958,80	1607,66
958,97	1640,42
959,14	1589,22
959,31	1650,66
959,49	1583,08
959,66	1621,99
959,83	1470,44
960,00	1558,50
960,17	1695,72
960,34	1603,56
960,51	1525,74
960,68	1650,66
960,85	1644,52
961,02	1507,30
961,20	1603,56
961,37	1624,04
961,54	1630,18
961,71	1609,70
961,88	1593,32
962,05	1591,27
962,22	1662,95
962,39	1581,03
962,56	1609,70
962,73	1658,85
962,90	1554,41
963,07	1621,99
963,24	1589,22
963,42	1519,59
963,59	1605,61
963,76	1619,94
963,93	1656,81
964,10	1507,30
964,27	1521,64
964,44	1634,28
964,61	1583,08
964,78	1574,89
964,95	1574,89
965,12	1587,18
965,29	1613,80
965,46	1572,84
965,63	1642,47
965,80	1617,90
965,97	1558,50
966,14	1554,41
966,31	1578,98
966,48	1679,33
966,66	1581,03
966,83	1615,85
967,00	1650,66
967,17	1644,52
967,34	1572,84
967,51	1667,05
967,68	1595,37
967,85	1546,22
968,02	1632,23
968,19	1601,51
968,36	1665,00
968,53	1523,69
968,70	1560,55
968,87	1679,33
969,04	1613,80
969,21	1548,26
969,38	1652,71
969,55	1583,08
969,72	1609,70
969,89	1646,57
970,06	1556,46
970,23	1550,31
970,40	1605,61
970,57	1605,61
970,74	1658,85
970,91	1554,41
971,08	1548,26
971,25	1593,32
971,42	1646,57
971,59	1570,79
971,76	1624,04
971,93	1581,03
972,10	1617,90
972,27	1554,41
972,44	1665,00
972,61	1640,42
972,78	1634,28
972,95	1492,97
973,12	1656,81
973,29	1597,42
973,46	1556,46
973,63	1617,90
973,80	1646,57
973,97	1542,12
974,14	1634,28
974,30	1617,90
974,47	1699,81
974,64	1658,85
974,81	1558,50
974,98	1660,90
975,15	1658,85
975,32	1591,27
975,49	1609,70
975,66	1554,41
975,83	1648,61
976,00	1679,33
976,17	1581,03
976,34	1529,83
976,51	1593,32
976,68	1574,89
976,85	1593,32
977,02	1652,71
977,19	1589,22
977,36	1583,08
977,52	1640,42
977,69	1660,90
977,86	1673,19
978,03	1607,66
978,20	1650,66
978,37	1570,79
978,54	1705,96
978,71	1601,51
978,88	1726,44
979,05	1597,42
979,22	1656,81
979,39	1621,99
979,56	1515,50
979,72	1527,78
979,89	1708,01
980,06	1638,38
980,23	1660,90
980,40	1646,57
980,57	1626,09
980,74	1562,60
980,91	1576,94
981,08	1601,51
981,25	1630,18
981,41	1581,03
981,58	1470,44
981,75	1501,16
981,92	1581,03
982,09	1658,85
982,26	1486,83
982,43	1509,35
982,60	1712,10
982,77	1587,18
982,93	1662,95
983,10	1501,16
983,27	1533,93
983,44	1593,32
983,61	1634,28
983,78	1609,70
983,95	1499,11
984,11	1523,69
984,28	1617,90
984,45	1519,59
984,62	1535,98
984,79	1576,94
984,96	1607,66
985,13	1572,84
985,30	1535,98
985,46	1548,26
985,63	1601,51
985,80	1656,81
985,97	1554,41
986,14	1542,12
986,31	1619,94
986,47	1517,54
986,64	1566,70
986,81	1574,89
986,98	1607,66
987,15	1548,26
987,32	1597,42
987,48	1599,46
987,65	1634,28
987,82	1499,11
987,99	1632,23
988,16	2111,46
988,33	1753,06
988,49	1642,47
988,66	1648,61
988,83	1603,56
989,00	1718,25
989,17	1509,35
989,34	1628,14
989,50	1634,28
989,67	1505,26
989,84	1562,60
990,01	1638,38
990,18	1648,61
990,34	1634,28
990,51	1578,98
990,68	1523,69
990,85	1728,49
991,02	1665,00
991,18	1599,46
991,35	1533,93
991,52	1654,76
991,69	1589,22
991,86	1677,29
992,02	1595,37
992,19	1490,92
992,36	1589,22
992,53	1726,44
992,69	1591,27
992,86	1574,89
993,03	1728,49
993,20	1429,48
993,37	1658,85
993,53	1712,10
993,70	1568,74
993,87	1509,35
994,04	1583,08
994,20	1519,59
994,37	1603,56
994,54	1574,89
994,71	1527,78
994,87	1621,99
995,04	1538,02
995,21	1701,86
995,38	1558,50
995,55	1538,02
995,71	1570,79
995,88	1650,66
996,05	1642,47
996,22	1617,90
996,38	1597,42
996,55	1497,07
996,72	1523,69
996,88	1732,58
997,05	2576,34
997,22	1533,93
997,39	1585,13
997,55	1621,99
997,72	1638,38
997,89	1581,03
998,06	1636,33
998,22	1591,27
998,39	1587,18
998,56	1599,46
998,73	1531,88
998,89	1609,70
999,06	1574,89
999,23	1521,64
999,39	1564,65
999,56	1619,94
999,73	1509,35
999,90	1560,55
1000,06	1654,76
1000,23	1578,98
1000,40	1615,85
1000,56	1626,09
1000,73	1601,51
1000,90	1613,80
1001,06	1644,52
1001,23	1603,56
1001,40	1632,23
1001,57	1624,04
1001,73	1617,90
1001,90	1535,98
1002,07	1525,74
1002,23	1613,80
1002,40	1624,04
1002,57	1585,13
1002,73	1548,26
1002,90	1603,56
1003,07	1652,71
1003,23	1519,59
1003,40	1566,70
1003,57	1490,92
1003,73	1572,84
1003,90	1599,46
1004,07	1513,45
1004,23	1699,81
1004,40	1609,70
1004,57	1603,56
1004,73	1515,50
1004,90	1544,17
1005,07	1621,99
1005,23	1624,04
1005,40	1542,12
1005,57	1550,31
1005,73	1523,69
1005,90	1556,46
1006,07	1734,63
1006,23	1681,38
1006,40	1546,22
1006,57	1597,42
1006,73	1652,71
1006,90	1509,35
1007,06	1554,41
1007,23	1546,22
1007,40	1476,59
1007,56	1621,99
1007,73	1693,67
1007,90	1628,14
1008,06	1603,56
1008,23	1662,95
1008,40	1660,90
1008,56	1515,50
1008,73	1589,22
1008,89	1583,08
1009,06	1728,49
1009,23	1558,50
1009,39	1679,33
1009,56	1605,61
1009,72	1650,66
1009,89	1583,08
1010,06	1609,70
1010,22	1529,83
1010,39	1521,64
1010,55	1589,22
1010,72	1621,99
1010,89	1554,41
1011,05	1583,08
1011,22	1519,59
1011,38	1621,99
1011,55	1593,32
1011,72	1515,50
1011,88	1503,21
1012,05	1585,13
1012,21	1615,85
1012,38	1562,60
1012,55	1638,38
1012,71	1472,49
1012,88	1568,74
1013,04	1646,57
1013,21	1488,87
1013,37	1611,75
1013,54	1589,22
1013,71	1525,74
1013,87	1630,18
1014,04	1529,83
1014,20	1630,18
1014,37	1513,45
1014,53	1665,00
1014,70	1499,11
1014,87	1570,79
1015,03	1660,90
1015,20	1574,89
1015,36	1609,70
1015,53	1617,90
1015,69	1621,99
1015,86	1601,51
1016,02	1613,80
1016,19	1650,66
1016,36	1523,69
1016,52	1568,74
1016,69	1601,51
1016,85	1546,22
1017,02	1648,61
1017,18	1538,02
1017,35	1595,37
1017,51	1505,26
1017,68	1626,09
1017,84	1535,98
1018,01	1497,07
1018,17	1648,61
1018,34	1714,15
1018,50	1527,78
1018,67	1544,17
1018,84	1646,57
1019,00	1615,85
1019,17	1619,94
1019,33	1550,31
1019,50	1615,85
1019,66	1626,09
1019,83	1570,79
1019,99	1662,95
1020,16	1529,83
1020,32	1519,59
1020,49	1611,75
1020,65	1603,56
1020,82	1658,85
1020,98	1581,03
1021,15	1585,13
1021,31	1662,95
1021,48	1542,12
1021,64	1632,23
1021,81	1619,94
1021,97	1591,27
1022,14	1576,94
1022,30	1560,55
1022,47	1574,89
1022,63	1556,46
1022,79	1581,03
1022,96	1615,85
1023,12	1574,89
1023,29	1576,94
1023,45	1617,90
1023,62	1570,79
1023,78	1578,98
1023,95	1648,61
1024,11	1599,46
1024,28	1505,26
1024,44	1599,46
1024,61	1540,07
1024,77	1568,74
1024,94	1605,61
1025,10	1617,90
1025,26	1546,22
1025,43	1603,56
1025,59	1607,66
1025,76	1513,45
1025,92	1593,32
1026,09	1548,26
1026,25	1656,81
1026,42	1454,06
1026,58	1607,66
1026,74	1667,05
1026,91	1654,76
1027,07	1554,41
1027,24	1697,77
1027,40	1581,03
1027,57	1628,14
1027,73	1497,07
1027,90	1601,51
1028,06	1576,94
1028,22	1523,69
1028,39	1611,75
1028,55	1574,89
1028,72	1603,56
1028,88	1718,25
1029,04	1527,78
1029,21	1662,95
1029,37	1544,17
1029,54	1640,42
1029,70	1490,92
1029,87	1521,64
1030,03	1517,54
1030,19	1683,43
1030,36	1576,94
1030,52	1544,17
1030,69	1519,59
1030,85	1529,83
1031,01	1615,85
1031,18	1648,61
1031,34	1566,70
1031,50	1578,98
1031,67	1601,51
1031,83	1654,76
1032,00	1521,64
1032,16	1636,33
1032,32	1613,80
1032,49	1683,43
1032,65	1626,09
1032,82	1648,61
1032,98	1544,17
1033,14	1531,88
1033,31	1552,36
1033,47	1718,25
1033,63	1535,98
1033,80	1646,57
1033,96	1548,26
1034,13	1589,22
1034,29	1578,98
1034,45	1538,02
1034,62	1593,32
1034,78	1697,77
1034,94	1574,89
1035,11	1673,19
1035,27	1495,02
1035,43	1597,42
1035,60	1597,42
1035,76	1511,40
1035,92	1554,41
1036,09	1599,46
1036,25	1611,75
1036,41	1591,27
1036,58	1621,99
1036,74	1740,77
1036,90	1509,35
1037,07	1572,84
1037,23	1595,37
1037,39	1681,38
1037,56	1591,27
1037,72	1601,51
1037,88	1609,70
1038,05	1501,16
1038,21	1533,93
1038,37	1583,08
1038,54	1572,84
1038,70	1617,90
1038,86	1632,23
1039,03	1587,18
1039,19	1585,13
1039,35	1617,90
1039,52	1574,89
1039,68	1503,21
1039,84	1564,65
1040,00	1593,32
1040,17	1544,17
1040,33	1603,56
1040,49	1538,02
1040,66	1654,76
1040,82	1587,18
1040,98	1595,37
1041,15	1566,70
1041,31	1609,70
1041,47	1628,14
1041,63	1546,22
1041,80	1609,70
1041,96	1662,95
1042,12	1544,17
1042,29	1630,18
1042,45	1660,90
1042,61	1529,83
1042,77	1601,51
1042,94	1624,04
1043,10	1765,35
1043,26	1615,85
1043,42	1558,50
1043,59	1615,85
1043,75	1611,75
1043,91	1611,75
1044,07	1650,66
1044,24	1515,50
1044,40	1576,94
