345,22	1269,74
345,44	1269,74
345,66	1269,74
345,88	1339,37
346,10	1259,50
346,32	1437,67
346,54	1466,35
346,75	1419,24
346,97	1423,34
347,19	1443,82
347,41	1445,87
347,63	1433,58
347,85	1409,00
348,07	1384,43
348,29	1415,15
348,51	1394,67
348,73	1382,38
348,95	1380,33
349,16	1384,43
349,38	1376,24
349,60	1431,53
349,82	1439,72
350,04	1433,58
350,26	1361,90
350,48	1433,58
350,70	1445,87
350,92	1421,29
351,14	1529,83
351,35	1462,25
351,57	1392,62
351,79	1417,19
352,01	1308,65
352,23	1400,81
352,45	1482,73
352,67	1445,87
352,89	1419,24
353,10	1435,63
353,32	1445,87
353,54	1458,15
353,76	1431,53
353,98	1458,15
354,20	1392,62
354,42	1478,63
354,64	1501,16
354,85	1535,98
355,07	1535,98
355,29	1406,95
355,51	1400,81
355,73	1466,35
355,95	1452,01
356,17	1478,63
356,38	1374,19
356,60	1480,68
356,82	1482,73
357,04	1445,87
357,26	1445,87
357,48	1413,10
357,69	1468,39
357,91	1435,63
358,13	1495,02
358,35	1521,64
358,57	1538,02
358,79	1439,72
359,01	1460,20
359,22	1447,91
359,44	1519,59
359,66	1458,15
359,88	1396,71
360,10	1445,87
360,32	1431,53
360,53	1413,10
360,75	1507,30
360,97	1488,87
361,19	1429,48
361,41	1529,83
361,62	1509,35
361,84	1484,78
362,06	1402,86
362,28	1429,48
362,50	1480,68
362,72	1486,83
362,93	1355,76
363,15	1380,33
363,37	1490,92
363,59	1476,59
363,81	1404,91
364,02	1507,30
364,24	1396,71
364,46	1435,63
364,68	1372,14
364,90	1556,46
365,11	1435,63
365,33	1470,44
365,55	1445,87
365,77	1470,44
365,99	1429,48
366,20	1529,83
366,42	1441,77
366,64	1357,80
366,86	1454,06
367,07	1486,83
367,29	1400,81
367,51	1466,35
367,73	1417,19
367,95	1441,77
368,16	1458,15
368,38	1538,02
368,60	1484,78
368,82	1390,57
369,03	1497,07
369,25	1521,64
369,47	1507,30
369,69	1370,09
369,91	1468,39
370,12	1400,81
370,34	1378,28
370,56	1388,52
370,78	1562,60
370,99	1449,96
371,21	1386,47
371,43	1429,48
371,65	1458,15
371,86	1396,71
372,08	1533,93
372,30	1458,15
372,52	1499,11
372,73	1421,29
372,95	1470,44
373,17	1482,73
373,39	1427,43
373,60	1417,19
373,82	1474,54
374,04	1447,91
374,26	1406,95
374,47	1392,62
374,69	1435,63
374,91	1490,92
375,12	1486,83
375,34	1400,81
375,56	1458,15
375,78	1421,29
375,99	1427,43
376,21	1513,45
376,43	1398,76
376,65	1474,54
376,86	1474,54
377,08	1425,39
377,30	1550,31
377,51	1472,49
377,73	1447,91
377,95	1429,48
378,17	1380,33
378,38	1347,56
378,60	1503,21
378,82	1490,92
379,03	1421,29
379,25	1482,73
379,47	1556,46
379,68	1366,00
379,90	1384,43
380,12	1456,11
380,34	1495,02
380,55	1466,35
380,77	1417,19
380,99	1441,77
381,20	1515,50
381,42	1382,38
381,64	1417,19
381,85	1404,91
382,07	1540,07
382,29	1460,20
382,50	1445,87
382,72	1445,87
382,94	1382,38
383,15	1409,00
383,37	1355,76
383,59	1445,87
383,80	1355,76
384,02	1400,81
384,24	1462,25
384,45	1519,59
384,67	1445,87
384,89	1384,43
385,10	1368,04
385,32	1468,39
385,54	1380,33
385,75	1423,34
385,97	1423,34
386,19	1439,72
386,40	1458,15
386,62	1458,15
386,84	1544,17
387,05	1452,01
387,27	1417,19
387,49	1327,08
387,70	1425,39
387,92	1429,48
388,14	1406,95
388,35	1449,96
388,57	1390,57
388,79	1523,69
389,00	1394,67
389,22	1398,76
389,43	1454,06
389,65	1488,87
389,87	1398,76
390,08	1390,57
390,30	1490,92
390,52	1462,25
390,73	1478,63
390,95	1435,63
391,17	1415,15
391,38	1482,73
391,60	1546,22
391,81	1443,82
392,03	1437,67
392,25	1368,04
392,46	1333,23
392,68	1490,92
392,89	1413,10
393,11	1357,80
393,33	1427,43
393,54	1433,58
393,76	1456,11
393,98	1435,63
394,19	1466,35
394,41	1462,25
394,62	1378,28
394,84	1507,30
395,06	1413,10
395,27	1398,76
395,49	1425,39
395,70	1501,16
395,92	1380,33
396,13	1423,34
396,35	1462,25
396,57	1503,21
396,78	1351,66
397,00	1384,43
397,21	1449,96
397,43	1538,02
397,65	1452,01
397,86	1482,73
398,08	1396,71
398,29	1495,02
398,51	1345,52
398,72	1464,30
398,94	1523,69
399,16	1482,73
399,37	1406,95
399,59	1578,98
399,80	1419,24
400,02	1433,58
400,23	1431,53
400,45	1490,92
400,67	1511,40
400,88	1488,87
401,10	1409,00
401,31	1437,67
401,53	1449,96
401,74	1490,92
401,96	1384,43
402,17	1441,77
402,39	1447,91
402,61	1409,00
402,82	1433,58
403,04	1490,92
403,25	1509,35
403,47	1462,25
403,68	1445,87
403,90	1505,26
404,11	1413,10
404,33	1339,37
404,54	1540,07
404,76	1454,06
404,97	1447,91
405,19	1595,37
405,41	1464,30
405,62	1452,01
405,84	1366,00
406,05	1425,39
406,27	1349,61
406,48	1497,07
406,70	1382,38
406,91	1478,63
407,13	1474,54
407,34	1445,87
407,56	1521,64
407,77	1437,67
407,99	1411,05
408,20	1544,17
408,42	1417,19
408,63	1396,71
408,85	1413,10
409,06	1392,62
409,28	1525,74
409,49	1366,00
409,71	1441,77
409,92	1480,68
410,14	1458,15
410,35	1511,40
410,57	1458,15
410,78	1325,04
411,00	1454,06
411,21	1513,45
411,43	1488,87
411,64	1482,73
411,86	1425,39
412,07	1484,78
412,29	1476,59
412,50	1376,24
412,72	1468,39
412,93	1564,65
413,15	1417,19
413,36	1462,25
413,58	1490,92
413,79	1417,19
414,01	1456,11
414,22	1468,39
414,43	1511,40
414,65	1468,39
414,86	1429,48
415,08	1380,33
415,29	1447,91
415,51	1409,00
415,72	1484,78
415,94	1425,39
416,15	1511,40
416,37	1527,78
416,58	1449,96
416,80	1439,72
417,01	1419,24
417,22	1458,15
417,44	1503,21
417,65	1425,39
417,87	1382,38
418,08	1609,70
418,30	1447,91
418,51	1468,39
418,73	1544,17
418,94	1474,54
419,15	1509,35
419,37	1562,60
419,58	1423,34
419,80	1427,43
420,01	1544,17
420,23	1452,01
420,44	1513,45
420,65	1517,54
420,87	1503,21
421,08	1519,59
421,30	1464,30
421,51	1429,48
421,73	1402,86
421,94	1388,52
422,15	1449,96
422,37	1423,34
422,58	1427,43
422,80	1474,54
423,01	1433,58
423,22	1400,81
423,44	1431,53
423,65	1497,07
423,87	1441,77
424,08	1554,41
424,29	1433,58
424,51	1429,48
424,72	1478,63
424,94	1417,19
425,15	1462,25
425,36	1497,07
425,58	1513,45
425,79	1521,64
426,01	1540,07
426,22	1517,54
426,43	1576,94
426,65	1402,86
426,86	1488,87
427,08	1466,35
427,29	1458,15
427,50	1415,15
427,72	1464,30
427,93	1527,78
428,14	1476,59
428,36	1476,59
428,57	1468,39
428,79	1484,78
429,00	1460,20
429,21	1468,39
429,43	1503,21
429,64	1449,96
429,85	1478,63
430,07	1511,40
430,28	1456,11
430,49	1382,38
430,71	1533,93
430,92	1503,21
431,14	1470,44
431,35	1513,45
431,56	1521,64
431,78	1525,74
431,99	1507,30
432,20	1513,45
432,42	1462,25
432,63	1476,59
432,84	1458,15
433,06	1550,31
433,27	1544,17
433,48	1544,17
433,70	1511,40
433,91	1560,55
434,12	1445,87
434,34	1581,03
434,55	1605,61
434,76	1466,35
434,98	1482,73
435,19	1552,36
435,40	1478,63
435,62	1538,02
435,83	1652,71
436,04	1466,35
436,26	1546,22
436,47	1515,50
436,68	1535,98
436,90	1519,59
437,11	1601,51
437,32	1376,24
437,54	1601,51
437,75	1507,30
437,96	1519,59
438,17	1570,79
438,39	1581,03
438,60	1540,07
438,81	1570,79
439,03	1652,71
439,24	1513,45
439,45	1687,53
439,67	1548,26
439,88	1574,89
440,09	1583,08
440,30	1574,89
440,52	1533,93
440,73	1501,16
440,94	1562,60
441,16	1558,50
441,37	1601,51
441,58	1626,09
441,80	1593,32
442,01	1583,08
442,22	1609,70
442,43	1593,32
442,65	1638,38
442,86	1648,61
443,07	1558,50
443,28	1593,32
443,50	1515,50
443,71	1634,28
443,92	1611,75
444,14	1583,08
444,35	1693,67
444,56	1568,74
444,77	1550,31
444,99	1648,61
445,20	1615,85
445,41	1646,57
445,62	1693,67
445,84	1708,01
446,05	1687,53
446,26	1785,83
446,47	1687,53
446,69	1621,99
446,90	1597,42
447,11	1740,77
447,32	1648,61
447,54	1617,90
447,75	1673,19
447,96	1593,32
448,17	1642,47
448,39	1654,76
448,60	1540,07
448,81	1626,09
449,02	1695,72
449,23	1648,61
449,45	1597,42
449,66	1642,47
449,87	1677,29
450,08	1632,23
450,30	1587,18
450,51	1611,75
450,72	1662,95
450,93	1662,95
451,15	1591,27
451,36	1632,23
451,57	1619,94
451,78	1650,66
451,99	1650,66
452,21	1658,85
452,42	1685,48
452,63	1648,61
452,84	1630,18
453,05	1630,18
453,27	1609,70
453,48	1759,21
453,69	1560,55
453,90	1685,48
454,11	1601,51
454,33	1662,95
454,54	1617,90
454,75	1589,22
454,96	1599,46
455,17	1576,94
455,39	1691,62
455,60	1589,22
455,81	1650,66
456,02	1642,47
456,23	1597,42
456,45	1681,38
456,66	1652,71
456,87	1576,94
457,08	1673,19
457,29	1740,77
457,50	1607,66
457,72	1566,70
457,93	1583,08
458,14	1552,36
458,35	1689,57
458,56	1611,75
458,77	1578,98
458,99	1658,85
459,20	1572,84
459,41	1505,26
459,62	1587,18
459,83	1679,33
460,04	1605,61
460,26	1607,66
460,47	1636,33
460,68	1570,79
460,89	1492,97
461,10	1677,29
461,31	1574,89
461,52	1585,13
461,74	1619,94
461,95	1531,88
462,16	1609,70
462,37	1583,08
462,58	1632,23
462,79	1624,04
463,00	1593,32
463,22	1687,53
463,43	1638,38
463,64	1564,65
463,85	1564,65
464,06	1660,90
464,27	1542,12
464,48	1644,52
464,70	1562,60
464,91	1531,88
465,12	1585,13
465,33	1607,66
465,54	1736,68
465,75	1585,13
465,96	1621,99
466,17	1490,92
466,38	1615,85
466,60	1585,13
466,81	1562,60
467,02	1650,66
467,23	1556,46
467,44	1658,85
467,65	1544,17
467,86	1703,91
468,07	1621,99
468,28	1597,42
468,50	1556,46
468,71	1681,38
468,92	1591,27
469,13	1517,54
469,34	1572,84
469,55	1646,57
469,76	1501,16
469,97	1621,99
470,18	1646,57
470,39	1632,23
470,60	1662,95
470,82	1671,14
471,03	1527,78
471,24	1650,66
471,45	1517,54
471,66	1632,23
471,87	1617,90
472,08	1609,70
472,29	1507,30
472,50	1687,53
472,71	1572,84
472,92	1527,78
473,13	1542,12
473,34	1605,61
473,55	1583,08
473,77	1615,85
473,98	1611,75
474,19	1630,18
474,40	1552,36
474,61	1570,79
474,82	1578,98
475,03	1587,18
475,24	1556,46
475,45	1640,42
475,66	1605,61
475,87	1517,54
476,08	1591,27
476,29	1722,34
476,50	1638,38
476,71	1615,85
476,92	1632,23
477,13	1638,38
477,34	1609,70
477,55	1626,09
477,76	1640,42
477,97	1564,65
478,18	1665,00
478,40	1542,12
478,61	1611,75
478,82	1578,98
479,03	1621,99
479,24	1607,66
479,45	1724,39
479,66	1654,76
479,87	1650,66
480,08	1587,18
480,29	1628,14
480,50	1716,20
480,71	1662,95
480,92	1679,33
481,13	1619,94
481,34	1689,57
481,55	1607,66
481,76	1679,33
481,97	1673,19
482,18	1724,39
482,39	1519,59
482,60	1705,96
482,81	1673,19
483,02	1681,38
483,23	1753,06
483,44	1677,29
483,65	1615,85
483,86	1642,47
484,07	1710,05
484,28	1744,87
484,49	1755,11
484,70	1757,16
484,91	1634,28
485,12	1630,18
485,33	1634,28
485,54	1667,05
485,75	1595,37
485,96	1761,25
486,17	1738,73
486,38	1630,18
486,59	1691,62
486,80	1695,72
487,01	1708,01
487,21	1660,90
487,42	1742,82
487,63	1765,35
487,84	1665,00
488,05	1642,47
488,26	1877,99
488,47	1687,53
488,68	1656,81
488,89	1800,16
489,10	1669,09
489,31	1619,94
489,52	1738,73
489,73	1712,10
489,94	1767,40
490,15	1753,06
490,36	1841,12
490,57	1767,40
490,78	1689,57
490,99	1781,73
491,20	1699,81
491,41	1787,88
491,61	1855,46
491,82	1759,21
492,03	1785,83
492,24	1808,36
492,45	1728,49
492,66	1796,07
492,87	1796,07
493,08	1761,25
493,29	1662,95
493,50	1785,83
493,71	1830,88
493,92	1761,25
494,13	1794,02
494,34	1746,92
494,54	1896,42
494,75	1839,08
494,96	1902,56
495,17	1890,28
495,38	1851,36
495,59	1834,98
495,80	1759,21
496,01	1931,23
496,22	1863,65
496,43	1765,35
496,64	1875,94
496,84	1814,50
497,05	1861,60
497,26	1982,43
497,47	1884,13
497,68	1892,32
497,89	1757,16
498,10	1853,41
498,31	1898,47
498,52	1929,19
498,72	1834,98
498,93	1884,13
499,14	1896,42
499,35	1832,93
499,56	1834,98
499,77	1845,22
499,98	1892,32
500,19	1894,37
500,40	1845,22
500,60	1837,03
500,81	2007,01
501,02	1804,26
501,23	1914,85
501,44	1906,66
501,65	1894,37
501,86	1900,52
502,06	1910,75
502,27	1927,14
502,48	1914,85
502,69	1982,43
502,90	1974,24
503,11	1875,94
503,32	1933,28
503,53	1900,52
503,73	1920,99
503,94	1998,82
504,15	1976,29
504,36	1970,15
504,57	1959,91
504,78	1918,95
504,98	1931,23
505,19	1970,15
505,40	1920,99
505,61	1914,85
505,82	1941,47
506,03	2000,87
506,23	2031,58
506,44	2004,96
506,65	1988,58
506,86	1966,05
507,07	1986,53
507,28	1996,77
507,48	1957,86
507,69	1990,63
507,90	2041,82
508,11	1894,37
508,32	2060,26
508,53	2041,82
508,73	1923,04
508,94	2058,21
509,15	2109,41
509,36	2019,30
509,57	2004,96
509,77	2068,45
509,98	2031,58
510,19	2033,63
510,40	1996,77
510,61	2011,11
510,81	2072,54
511,02	2052,06
511,23	2019,30
511,44	2007,01
511,65	1947,62
511,85	2088,93
512,06	2007,01
512,27	2019,30
512,48	2103,26
512,69	2097,12
512,89	2095,07
513,10	2086,88
513,31	2082,78
513,52	2074,59
513,73	2086,88
513,93	2144,22
514,14	2142,18
514,35	2078,69
514,56	2047,97
514,76	2021,35
514,97	2195,42
515,18	2195,42
515,39	2068,45
515,60	2097,12
515,80	2131,94
516,01	2066,40
516,22	2162,66
516,43	2045,92
516,63	2191,33
516,84	2174,94
517,05	2078,69
517,26	2111,46
517,46	2133,98
517,67	2166,75
517,88	2140,13
518,09	2078,69
518,29	2080,74
518,50	2291,68
518,71	2111,46
518,92	2260,96
519,12	2228,19
519,33	2258,91
519,54	2244,57
519,75	2224,09
519,95	2004,96
520,16	2146,27
520,37	2144,22
520,57	2158,56
520,78	2301,92
520,99	2113,50
521,20	2234,33
521,40	2121,70
521,61	2320,35
521,82	2164,70
522,03	2209,76
522,23	2217,95
522,44	2142,18
522,65	2176,99
522,85	2164,70
523,06	2086,88
523,27	2209,76
523,48	2179,04
523,68	2168,80
523,89	2228,19
524,10	2230,24
524,30	2189,28
524,51	2197,47
524,72	2252,77
524,93	2127,84
525,13	2244,57
525,34	2246,62
525,55	2224,09
525,75	2263,01
525,96	2265,05
526,17	2203,61
526,37	2207,71
526,58	2293,72
526,79	2301,92
526,99	2187,23
527,20	2324,44
527,41	2275,29
527,62	2166,75
527,82	2217,95
528,03	2246,62
528,24	2222,05
528,44	2320,35
528,65	2222,05
528,86	2260,96
529,06	2125,79
529,27	2211,81
529,48	2275,29
529,68	2303,96
529,89	2279,39
530,10	2316,25
530,30	2232,29
530,51	2293,72
530,72	2365,40
530,92	2183,13
531,13	2287,58
531,34	2277,34
531,54	2291,68
531,75	2299,87
531,96	2410,46
532,16	2252,77
532,37	2316,25
532,57	2285,53
532,78	2299,87
532,99	2297,82
533,19	2336,73
533,40	2430,94
533,61	2379,74
533,81	2320,35
534,02	2318,30
534,23	2303,96
534,43	2269,15
534,64	2365,40
534,84	2283,49
535,05	2387,93
535,26	2316,25
535,46	2400,22
535,67	2375,64
535,88	2297,82
536,08	2330,59
536,29	2379,74
536,49	2336,73
536,70	2265,05
536,91	2197,47
537,11	2316,25
537,32	2344,92
537,53	2334,68
537,73	2371,55
537,94	2297,82
538,14	2404,32
538,35	2328,54
538,56	2363,36
538,76	2340,83
538,97	2351,07
539,17	2281,44
539,38	2463,71
539,59	2389,98
539,79	2381,79
540,00	2361,31
540,20	2398,17
540,41	2375,64
540,62	2639,83
540,82	2379,74
541,03	2394,08
541,23	2424,80
541,44	2365,40
541,64	2373,60
541,85	2340,83
542,06	2410,46
542,26	2373,60
542,47	2271,20
542,67	2310,11
542,88	2338,78
543,08	2371,55
543,29	2353,12
543,50	2471,90
543,70	2418,65
543,91	2363,36
544,11	2504,67
544,32	2478,04
544,52	2439,13
544,73	2359,26
544,94	2424,80
545,14	2273,25
545,35	2412,51
545,55	2435,03
545,76	2473,95
545,96	2400,22
546,17	2451,42
546,37	2406,36
546,58	2377,69
546,78	2351,07
546,99	2473,95
547,20	2516,95
547,40	2516,95
547,61	2451,42
547,81	2445,27
548,02	2478,04
548,22	2402,27
548,43	2586,58
548,63	2498,52
548,84	2443,23
549,04	2443,23
549,25	2375,64
549,45	2445,27
549,66	2406,36
549,86	2486,23
550,07	2453,47
550,27	2414,56
550,48	2422,75
550,69	2465,75
550,89	2525,15
551,10	2447,32
551,30	2537,43
551,51	2426,84
551,71	2525,15
551,92	2537,43
552,12	2494,43
552,33	2457,56
552,53	2299,87
552,74	2453,47
552,94	2492,38
553,15	2426,84
553,35	2521,05
553,56	2471,90
553,76	2529,24
553,97	2469,85
554,17	2381,79
554,38	2600,92
554,58	2525,15
554,79	2475,99
554,99	2490,33
555,19	2525,15
555,40	2486,23
555,60	2525,15
555,81	2523,10
556,01	2516,95
556,22	2504,67
556,42	2453,47
556,63	2512,86
556,83	2424,80
557,04	2514,91
557,24	2660,31
557,45	2443,23
557,65	2475,99
557,86	2486,23
558,06	2516,95
558,27	2459,61
558,47	2480,09
558,67	2553,82
558,88	2521,05
559,08	2523,10
559,29	2459,61
559,49	2551,77
559,70	2523,10
559,90	2553,82
560,11	2453,47
560,31	2465,75
560,52	2611,16
560,72	2432,99
560,92	2631,64
561,13	2447,32
561,33	2613,21
561,54	2553,82
561,74	2523,10
561,95	2559,96
562,15	2623,45
562,35	2580,44
562,56	2521,05
562,76	2469,85
562,97	2592,73
563,17	2600,92
563,38	2549,72
563,58	2543,58
563,78	2496,47
563,99	2551,77
564,19	2461,66
564,40	2588,63
564,60	2488,28
564,80	2535,39
565,01	2566,10
565,21	2547,67
565,42	2611,16
565,62	2514,91
565,83	2598,87
566,03	2576,34
566,23	2525,15
566,44	2600,92
566,64	2559,96
566,85	2521,05
567,05	2543,58
567,25	2465,75
567,46	2707,41
567,66	2555,86
567,86	2678,74
568,07	2555,86
568,27	2674,65
568,48	2527,19
568,68	2580,44
568,88	2578,39
569,09	2602,97
569,29	2551,77
569,50	2617,30
569,70	2607,06
569,90	2629,59
570,11	2578,39
570,31	2506,71
570,51	2656,22
570,72	2609,11
570,92	2680,79
571,13	2635,74
571,33	2584,54
571,53	2664,41
571,74	2615,26
571,94	2725,85
572,14	2605,02
572,35	2525,15
572,55	2637,78
572,75	2664,41
572,96	2697,17
573,16	2654,17
573,36	2619,35
573,57	2736,09
573,77	2609,11
573,97	2566,10
574,18	2645,98
574,38	2742,23
574,59	2668,50
574,79	2678,74
574,99	2723,80
575,20	2699,22
575,40	2668,50
575,60	2715,61
575,81	2797,53
576,01	2740,18
576,21	2629,59
576,42	2705,37
576,62	2641,88
576,82	2602,97
577,02	2717,65
577,23	2605,02
577,43	2729,94
577,63	2709,46
577,84	2764,76
578,04	2721,75
578,24	2711,51
578,45	2731,99
578,65	2699,22
578,85	2766,81
579,06	2729,94
579,26	2852,82
579,46	2682,84
579,67	2799,57
579,87	2856,92
580,07	2807,77
580,27	2828,24
580,48	2846,68
580,68	2940,88
580,88	2832,34
581,09	2803,67
581,29	2832,34
581,49	2992,08
581,69	2811,86
581,90	2811,86
582,10	2930,64
582,30	2834,39
582,51	2873,30
582,71	2842,58
582,91	2920,40
583,11	2924,50
583,32	2838,48
583,52	2965,46
583,72	2934,74
583,93	2918,36
584,13	3014,61
584,33	3096,53
584,53	2998,23
584,74	3043,28
584,94	2928,60
585,14	2992,08
585,34	2992,08
585,55	3016,66
585,75	2938,84
585,95	3141,58
586,15	3018,71
586,36	3008,47
586,56	3164,11
586,76	3168,21
586,96	3121,10
587,17	3149,78
587,37	3153,87
587,57	3092,43
587,77	3174,35
587,98	3346,38
588,18	3117,01
588,38	3352,52
588,58	3221,45
588,79	3176,40
588,99	3182,54
589,19	3243,98
589,39	3297,23
589,60	3190,74
589,80	3407,82
590,00	3303,37
590,20	3280,85
590,40	3303,37
590,61	3305,42
590,81	3407,82
591,01	3352,52
591,21	3473,36
591,42	3442,64
591,62	3454,92
591,82	3368,91
592,02	3598,28
592,22	3477,45
592,43	3487,69
592,63	3665,86
592,83	3755,97
593,03	3702,73
593,23	3641,29
593,44	3758,02
593,64	3684,30
593,84	3712,97
594,04	3815,37
594,24	3641,29
594,45	3741,64
594,65	3725,26
594,85	3825,61
595,05	3792,84
595,25	3747,78
595,46	4020,16
595,66	3930,05
595,86	4091,84
596,06	3973,06
596,26	4030,40
596,46	4165,57
596,67	4110,27
596,87	4128,70
597,07	4145,09
597,27	4218,82
597,47	4302,78
597,67	4353,98
597,88	4212,67
598,08	4315,07
598,28	4288,45
598,48	4427,71
598,68	4440,00
598,88	4548,54
599,09	4720,57
599,29	4546,49
599,49	4691,90
599,69	4573,11
599,89	4712,38
600,09	4683,70
600,30	4726,71
600,50	4892,60
600,70	5005,24
600,90	4788,15
601,10	4980,66
601,30	5021,62
601,50	5031,86
601,71	5230,51
601,91	5111,73
602,11	5117,87
602,31	5226,42
602,51	5326,77
602,71	5298,10
602,91	5398,45
603,11	5439,40
603,32	5572,52
603,52	5660,59
603,72	5595,05
603,92	5619,63
604,12	5838,76
604,32	5834,66
604,52	5789,61
604,72	6016,93
604,93	6213,54
605,13	6115,23
605,33	6113,19
605,53	6160,29
605,73	6315,94
605,93	6471,58
606,13	6424,48
606,33	6561,69
606,53	6559,64
606,74	6664,09
606,94	6770,58
607,14	6688,67
607,34	6858,65
607,54	6932,37
607,74	7085,97
607,94	7018,39
608,14	7253,91
608,34	7184,27
608,54	7358,35
608,74	7602,06
608,95	7677,83
609,15	7634,83
609,35	7628,68
609,55	7944,07
609,75	8017,80
609,95	8193,92
610,15	8077,19
610,35	8347,52
610,55	8341,38
610,75	8603,52
610,95	8560,51
611,15	8769,40
611,35	8935,29
611,55	9099,13
611,76	9269,11
611,96	9217,91
612,16	9305,97
612,36	9502,58
612,56	9803,63
612,76	9934,70
612,96	10213,22
613,16	10350,43
613,36	10383,20
613,56	10436,45
613,76	10651,49
613,96	10864,47
614,16	10823,51
614,36	11128,66
614,56	11349,84
614,76	11626,32
614,96	11689,81
615,16	12117,83
615,36	12037,96
615,56	12433,22
615,76	12420,93
615,97	13002,55
616,17	12998,46
616,37	13170,49
616,57	13553,46
616,77	13809,45
616,97	13944,62
617,17	14067,50
617,37	14704,42
617,57	14442,28
617,77	15046,43
617,97	15327,00
618,17	15669,01
618,37	15691,54
618,57	16211,72
618,77	16332,55
618,97	16848,64
619,17	17057,53
619,37	17649,39
619,57	17741,55
619,77	18106,09
619,97	18513,64
620,17	18679,52
620,37	19619,54
620,57	19435,22
620,77	19906,26
620,97	20551,37
621,17	20735,68
621,37	21104,32
621,57	21188,28
621,77	22253,23
621,97	22668,97
622,17	22767,27
622,37	23576,22
622,57	23602,84
622,77	24397,45
622,97	24925,83
623,17	25114,24
623,37	25540,22
623,57	26103,41
623,77	26631,79
623,97	27018,85
624,16	27346,53
624,36	28382,80
624,56	28352,08
624,76	29019,72
624,96	29283,91
625,16	29695,55
625,36	29982,26
625,56	30797,35
625,76	31352,35
625,96	31395,36
626,16	32226,84
626,36	32607,76
626,56	33336,84
626,76	33498,62
626,96	33924,60
627,16	34508,27
627,36	34596,34
627,56	35067,37
627,76	35765,73
627,96	35945,95
628,16	36533,71
628,35	36318,68
628,55	37225,93
628,75	37350,85
628,95	37637,57
629,15	37551,56
629,35	38129,08
629,55	38002,11
629,75	38235,58
629,95	38280,63
630,15	38053,31
630,35	38303,16
630,55	38378,93
630,75	38417,85
630,95	37756,35
631,14	38479,28
631,34	38284,73
631,54	38254,01
631,74	37893,57
631,94	37713,34
632,14	37885,37
632,34	37123,53
632,54	37207,50
632,74	36832,72
632,94	36883,92
633,14	36255,19
633,33	35485,15
633,53	35292,65
633,73	35261,93
633,93	35083,75
634,13	35036,65
634,33	34334,20
634,53	34074,10
634,73	33558,02
634,93	33302,02
635,12	32585,23
635,32	32081,43
635,52	31710,75
635,72	31094,31
635,92	30631,47
636,12	29967,93
636,32	28960,33
636,52	28646,99
636,71	27747,93
636,91	26979,94
637,11	26406,51
637,31	25376,38
637,51	25069,19
637,71	24579,72
637,91	24284,81
638,11	23291,55
638,30	22795,94
638,50	21900,98
638,70	21622,45
638,90	20963,01
639,10	20246,22
639,30	19691,22
639,50	19029,73
639,69	18509,54
639,89	18077,42
640,09	17463,03
640,29	16981,76
640,49	16195,34
640,69	15705,87
640,88	15361,81
641,08	14542,63
641,28	13981,48
641,48	13858,60
641,68	13293,37
641,88	12875,58
642,07	12543,81
642,27	12361,54
642,47	11728,72
642,67	11415,38
642,87	11143,00
643,07	10823,51
643,26	10418,02
643,46	10110,82
643,66	9971,56
643,86	9551,73
644,06	9232,24
644,26	8918,90
644,45	8816,51
644,65	8562,56
644,85	8343,42
645,05	8003,46
645,25	7970,69
645,44	7751,56
645,64	7411,60
645,84	7446,41
646,04	7214,99
646,24	7034,77
646,43	6895,51
646,63	6754,20
646,83	6317,98
647,03	6506,40
647,23	6184,87
647,42	6074,28
647,62	5849,00
647,82	5896,10
648,02	5679,02
648,22	5650,35
648,41	5584,81
648,61	5312,43
648,81	5404,59
649,01	5187,50
649,20	5087,15
649,40	5003,19
649,60	5111,73
649,80	4788,15
650,00	4720,57
650,19	4700,09
650,39	4763,58
650,59	4685,75
650,79	4638,65
650,98	4394,94
651,18	4351,93
651,38	4315,07
651,58	4257,73
651,77	4233,15
651,97	4161,47
652,17	4095,94
652,37	4024,26
652,56	3979,20
652,76	3868,61
652,96	3874,76
653,16	3831,75
653,35	3768,26
653,55	3665,86
653,75	3588,04
653,95	3729,35
654,14	3645,38
654,34	3569,61
654,54	3573,71
654,74	3485,64
654,93	3502,03
655,13	3426,25
655,33	3438,54
655,52	3407,82
655,72	3393,48
655,92	3360,72
656,12	3344,33
656,31	3413,96
656,51	3342,28
656,71	3319,76
656,91	3196,88
657,10	3217,36
657,30	3127,25
657,50	3100,62
657,69	3194,83
657,89	3178,45
658,09	3129,30
658,29	3129,30
658,48	3041,23
658,68	3039,19
658,88	3143,63
659,07	3129,30
659,27	3059,67
659,47	2990,03
659,66	2961,36
659,86	2856,92
660,06	2916,31
660,26	2904,02
660,45	3012,56
660,65	2908,12
660,85	2826,20
661,04	2879,44
661,24	2824,15
661,44	2785,24
661,63	2856,92
661,83	2940,88
662,03	2818,00
662,22	2818,00
662,42	2891,73
662,62	2736,09
662,81	2770,90
663,01	2789,33
663,21	2703,32
663,40	2699,22
663,60	2666,46
663,80	2748,37
663,99	2807,77
664,19	2666,46
664,39	2729,94
664,58	2711,51
664,78	2596,82
664,98	2662,36
665,17	2619,35
665,37	2559,96
665,57	2590,68
665,76	2652,12
665,96	2645,98
666,16	2660,31
666,35	2629,59
666,55	2674,65
666,74	2586,58
666,94	2510,81
667,14	2457,56
667,33	2586,58
667,53	2543,58
667,73	2504,67
667,92	2568,15
668,12	2576,34
668,32	2564,06
668,51	2418,65
668,71	2443,23
668,90	2461,66
669,10	2500,57
669,30	2408,41
669,49	2523,10
669,69	2488,28
669,89	2377,69
670,08	2457,56
670,28	2684,89
670,47	2508,76
670,67	2426,84
670,87	2406,36
671,06	2490,33
671,26	2492,38
671,45	2439,13
671,65	2588,63
671,85	2400,22
672,04	2353,12
672,24	2375,64
672,43	2457,56
672,63	2418,65
672,83	2426,84
673,02	2385,88
673,22	2355,16
673,41	2351,07
673,61	2373,60
673,81	2346,97
674,00	2344,92
674,20	2265,05
674,39	2332,64
674,59	2351,07
674,78	2234,33
674,98	2402,27
675,18	2404,32
675,37	2328,54
675,57	2277,34
675,76	2373,60
675,96	2342,88
676,15	2324,44
676,35	2299,87
676,55	2346,97
676,74	2293,72
676,94	2250,72
677,13	2310,11
677,33	2357,21
677,52	2336,73
677,72	2203,61
677,91	2277,34
678,11	2285,53
678,31	2316,25
678,50	2248,67
678,70	2232,29
678,89	2283,49
679,09	2199,52
679,28	2230,24
679,48	2363,36
679,67	2234,33
679,87	2342,88
680,06	2275,29
680,26	2275,29
680,46	2228,19
680,65	2238,43
680,85	2199,52
681,04	2234,33
681,24	2299,87
681,43	2164,70
681,63	2234,33
681,82	2265,05
682,02	2185,18
682,21	2236,38
682,41	2220,00
682,60	2330,59
682,80	2244,57
682,99	2291,68
683,19	2211,81
683,38	2265,05
683,58	2275,29
683,77	2199,52
683,97	2224,09
684,16	2279,39
684,36	2185,18
684,55	2183,13
684,75	2115,55
684,94	2201,57
685,14	2215,90
685,33	2187,23
685,53	2138,08
685,72	2144,22
685,92	2088,93
686,11	2115,55
686,31	2179,04
686,50	2275,29
686,70	2189,28
686,89	2117,60
687,09	2140,13
687,28	2146,27
687,48	2076,64
687,67	2164,70
687,87	2148,32
688,06	2205,66
688,26	2213,85
688,45	2127,84
688,65	2148,32
688,84	2140,13
689,03	2090,98
689,23	2158,56
689,42	2164,70
689,62	2148,32
689,81	2105,31
690,01	2158,56
690,20	2107,36
690,40	2121,70
690,59	2201,57
690,79	2101,22
690,98	2148,32
691,17	2105,31
691,37	2242,53
691,56	2160,61
691,76	2226,14
691,95	2162,66
692,15	2074,59
692,34	2172,89
692,54	2066,40
692,73	2080,74
692,92	2185,18
693,12	2035,68
693,31	2088,93
693,51	2154,46
693,70	2123,74
693,90	2095,07
694,09	2129,89
694,28	2187,23
694,48	2248,67
694,67	2168,80
694,87	2240,48
695,06	2156,51
695,26	2215,90
695,45	2138,08
695,64	2070,50
695,84	2090,98
696,03	2037,73
696,23	2050,02
696,42	2090,98
696,61	2111,46
696,81	2004,96
697,00	2078,69
697,20	2215,90
697,39	2074,59
697,58	2019,30
697,78	2021,35
697,97	2160,61
698,17	2138,08
698,36	2101,22
698,55	2088,93
698,75	2176,99
698,94	2047,97
699,14	2064,35
699,33	2101,22
699,52	2158,56
699,72	2119,65
699,91	2052,06
700,10	2047,97
700,30	2029,54
700,49	2086,88
700,69	2035,68
700,88	2093,02
701,07	2064,35
701,27	2117,60
701,46	2228,19
701,65	2150,37
701,85	2113,50
702,04	2125,79
702,23	2064,35
702,43	2058,21
702,62	2103,26
702,82	2033,63
703,01	2236,38
703,20	2154,46
703,40	2242,53
703,59	2070,50
703,78	2168,80
703,98	2181,09
704,17	2215,90
704,36	2185,18
704,56	2172,89
704,75	2015,20
704,94	2195,42
705,14	2156,51
705,33	2152,42
705,52	2160,61
705,72	2070,50
705,91	2176,99
706,10	2158,56
706,30	2170,85
706,49	2172,89
706,68	2150,37
706,88	2140,13
707,07	2113,50
707,26	2140,13
707,46	2066,40
707,65	2150,37
707,84	2078,69
708,04	2123,74
708,23	2203,61
708,42	2121,70
708,62	2105,31
708,81	2117,60
709,00	2306,01
709,19	2117,60
709,39	2189,28
709,58	2228,19
709,77	2078,69
709,97	2127,84
710,16	2070,50
710,35	2185,18
710,55	2117,60
710,74	2183,13
710,93	2115,55
711,12	2222,05
711,32	2068,45
711,51	2193,37
711,70	2070,50
711,90	2203,61
712,09	1894,37
712,28	2146,27
712,47	2062,30
712,67	2199,52
712,86	2066,40
713,05	2172,89
713,24	2236,38
713,44	2246,62
713,63	2144,22
713,82	2015,20
714,02	2148,32
714,21	2185,18
714,40	2113,50
714,59	2156,51
714,79	2072,54
714,98	2084,83
715,17	2213,85
715,36	2047,97
715,56	2070,50
715,75	2103,26
715,94	2017,25
716,13	2078,69
716,33	2088,93
716,52	2021,35
716,71	2078,69
716,90	1984,48
717,10	2011,11
717,29	1933,28
717,48	2125,79
717,67	2033,63
717,87	2011,11
718,06	2058,21
718,25	2013,15
718,44	2097,12
718,63	2090,98
718,83	2000,87
719,02	2037,73
719,21	2070,50
719,40	2109,41
719,60	2045,92
719,79	2015,20
719,98	2080,74
720,17	1959,91
720,36	2084,83
720,56	2095,07
720,75	1961,95
720,94	2093,02
721,13	2060,26
721,33	2080,74
721,52	1986,53
721,71	1955,81
721,90	2060,26
722,09	2078,69
722,29	2013,15
722,48	2041,82
722,67	2103,26
722,86	2207,71
723,05	2074,59
723,24	2090,98
723,44	1986,53
723,63	2043,87
723,82	2023,39
724,01	2047,97
724,20	2068,45
724,40	2056,16
724,59	2076,64
724,78	2011,11
724,97	2050,02
725,16	2088,93
725,35	2105,31
725,55	2115,55
725,74	2058,21
725,93	2025,44
726,12	2138,08
726,31	2101,22
726,51	2113,50
726,70	2064,35
726,89	1988,58
727,08	2043,87
727,27	2179,04
727,46	2076,64
727,65	2035,68
727,85	2035,68
728,04	1986,53
728,23	1994,72
728,42	2107,36
728,61	2035,68
728,80	2027,49
729,00	2136,03
729,19	2148,32
729,38	2224,09
729,57	2021,35
729,76	2027,49
729,95	2199,52
730,14	2133,98
730,33	2025,44
730,53	2031,58
730,72	2090,98
730,91	2050,02
731,10	2207,71
731,29	2207,71
731,48	2156,51
731,67	2035,68
731,86	2054,11
732,06	2146,27
732,25	1980,39
732,44	2185,18
732,63	2131,94
732,82	2199,52
733,01	2285,53
733,20	2111,46
733,39	2226,14
733,59	2113,50
733,78	2121,70
733,97	2189,28
734,16	2181,09
734,35	2244,57
734,54	2156,51
734,73	2176,99
734,92	2187,23
735,11	2052,06
735,30	2172,89
735,49	2197,47
735,69	2269,15
735,88	2084,83
736,07	2226,14
736,26	2176,99
736,45	2131,94
736,64	2164,70
736,83	2271,20
737,02	2203,61
737,21	2242,53
737,40	2066,40
737,59	2291,68
737,78	2095,07
737,98	2170,85
738,17	2133,98
738,36	2207,71
738,55	2166,75
738,74	2250,72
738,93	2201,57
739,12	2084,83
739,31	2133,98
739,50	2127,84
739,69	2236,38
739,88	2150,37
740,07	2271,20
740,26	2215,90
740,45	2246,62
740,64	2195,42
740,83	2154,46
741,02	2174,94
741,22	2181,09
741,41	2146,27
741,60	2127,84
741,79	2140,13
741,98	2146,27
742,17	2176,99
742,36	2273,25
742,55	2131,94
742,74	2222,05
742,93	2303,96
743,12	2183,13
743,31	2209,76
743,50	2220,00
743,69	2306,01
743,88	2123,74
744,07	2113,50
744,26	2306,01
744,45	2076,64
744,64	2236,38
744,83	2269,15
745,02	2242,53
745,21	2183,13
745,40	2181,09
745,59	2236,38
745,78	2133,98
745,97	2215,90
746,16	2252,77
746,35	2199,52
746,54	2215,90
746,73	2076,64
746,92	2275,29
747,11	2168,80
747,30	2148,32
747,49	2197,47
747,68	2246,62
747,87	2179,04
748,06	2240,48
748,25	2156,51
748,44	2269,15
748,63	2252,77
748,82	2150,37
749,01	2193,37
749,20	2220,00
749,39	2187,23
749,58	2148,32
749,77	2205,66
749,96	2205,66
750,15	2166,75
750,34	2160,61
750,53	2260,96
750,72	2187,23
750,91	2150,37
751,10	2318,30
751,29	2146,27
751,48	2195,42
751,67	2133,98
751,86	2187,23
752,04	2236,38
752,23	2213,85
752,42	2045,92
752,61	2179,04
752,80	2207,71
752,99	2205,66
753,18	2213,85
753,37	2256,86
753,56	2168,80
753,75	2121,70
753,94	2164,70
754,13	2263,01
754,32	2154,46
754,51	2133,98
754,70	2201,57
754,89	2189,28
755,08	2170,85
755,27	2072,54
755,45	2168,80
755,64	2103,26
755,83	2047,97
756,02	2179,04
756,21	2052,06
756,40	2039,78
756,59	2103,26
756,78	2078,69
756,97	1970,15
757,16	2101,22
757,35	2168,80
757,54	1978,34
757,72	1984,48
757,91	1990,63
758,10	1978,34
758,29	1929,19
758,48	2088,93
758,67	1920,99
758,86	1918,95
759,05	1910,75
759,24	2009,06
759,43	1871,84
759,61	1851,36
759,80	1966,05
759,99	1945,57
760,18	1865,70
760,37	1927,14
760,56	1843,17
760,75	1929,19
760,94	1914,85
761,13	1824,74
761,31	1945,57
761,50	1787,88
761,69	1877,99
761,88	1857,51
762,07	1808,36
762,26	1957,86
762,45	1923,04
762,64	1867,75
762,82	1775,59
763,01	1908,71
763,20	1849,32
763,39	1779,68
763,58	1845,22
763,77	1910,75
763,96	1896,42
764,14	1834,98
764,33	1859,56
764,52	1892,32
764,71	2009,06
764,90	1953,76
765,09	1943,52
765,27	1992,67
765,46	1953,76
765,65	1916,90
765,84	1949,67
766,03	1902,56
766,22	1927,14
766,41	1859,56
766,59	1929,19
766,78	2015,20
766,97	1902,56
767,16	2070,50
767,35	2002,91
767,54	2095,07
767,72	2068,45
767,91	2021,35
768,10	1920,99
768,29	1972,19
768,48	2058,21
768,66	2011,11
768,85	2025,44
769,04	2056,16
769,23	2047,97
769,42	2121,70
769,61	2033,63
769,79	2027,49
769,98	2015,20
770,17	2021,35
770,36	2078,69
770,55	2093,02
770,73	2156,51
770,92	2052,06
771,11	2090,98
771,30	1982,43
771,49	2109,41
771,67	2250,72
771,86	2090,98
772,05	2072,54
772,24	2060,26
772,42	2031,58
772,61	2099,17
772,80	2090,98
772,99	2107,36
773,18	2109,41
773,36	2023,39
773,55	2107,36
773,74	2101,22
773,93	2095,07
774,11	2031,58
774,30	2111,46
774,49	2041,82
774,68	2127,84
774,87	2023,39
775,05	2004,96
775,24	2129,89
775,43	2080,74
775,62	2060,26
775,80	2058,21
775,99	2058,21
776,18	2101,22
776,37	2068,45
776,55	2125,79
776,74	2095,07
776,93	2064,35
777,12	2156,51
777,30	2099,17
777,49	2136,03
777,68	1998,82
777,87	2011,11
778,05	2115,55
778,24	1982,43
778,43	2056,16
778,62	2027,49
778,80	2115,55
778,99	2095,07
779,18	2045,92
779,36	2113,50
779,55	2045,92
779,74	2107,36
779,93	2088,93
780,11	2033,63
780,30	2111,46
780,49	2150,37
780,68	2088,93
780,86	2133,98
781,05	2023,39
781,24	2025,44
781,42	2066,40
781,61	2056,16
781,80	2060,26
781,98	2117,60
782,17	2037,73
782,36	2060,26
782,55	2058,21
782,73	2009,06
782,92	2121,70
783,11	2052,06
783,29	2037,73
783,48	2084,83
783,67	2072,54
783,85	2029,54
784,04	2062,30
784,23	2021,35
784,42	2041,82
784,60	2138,08
784,79	2072,54
784,98	2093,02
785,16	1951,71
785,35	1920,99
785,54	2017,25
785,72	2146,27
785,91	2082,78
786,10	1961,95
786,28	2086,88
786,47	2076,64
786,66	1925,09
786,84	2111,46
787,03	2095,07
787,22	1996,77
787,40	2004,96
787,59	2070,50
787,78	2011,11
787,96	2011,11
788,15	1959,91
788,34	1929,19
788,52	2045,92
788,71	1953,76
788,89	2052,06
789,08	1961,95
789,27	2062,30
789,45	2056,16
789,64	1998,82
789,83	1970,15
790,01	2070,50
790,20	1970,15
790,39	2058,21
790,57	1951,71
790,76	1974,24
790,95	1978,34
791,13	1980,39
791,32	1992,67
791,50	2099,17
791,69	1951,71
791,88	2027,49
792,06	2043,87
792,25	2045,92
792,43	1933,28
792,62	1959,91
792,81	1929,19
792,99	1886,18
793,18	1939,43
793,37	1984,48
793,55	2011,11
793,74	2093,02
793,92	1923,04
794,11	1914,85
794,30	2000,87
794,48	2117,60
794,67	1910,75
794,85	1900,52
795,04	1968,10
795,23	1931,23
795,41	1945,57
795,60	1992,67
795,78	1988,58
795,97	1996,77
796,15	1994,72
796,34	1920,99
796,53	1953,76
796,71	1982,43
796,90	1976,29
797,08	1918,95
797,27	2101,22
797,46	2023,39
797,64	1970,15
797,83	2090,98
798,01	2033,63
798,20	1994,72
798,38	2015,20
798,57	1867,75
798,76	1904,61
798,94	1974,24
799,13	1972,19
799,31	1949,67
799,50	1931,23
799,68	1877,99
799,87	1933,28
800,05	1978,34
800,24	2017,25
800,43	1984,48
800,61	2015,20
800,80	2052,06
800,98	2013,15
801,17	1902,56
801,35	1875,94
801,54	1925,09
801,72	2007,01
801,91	1957,86
802,09	1957,86
802,28	1947,62
802,46	1918,95
802,65	1978,34
802,84	1994,72
803,02	1970,15
803,21	2035,68
803,39	1894,37
803,58	2037,73
803,76	2017,25
803,95	1951,71
804,13	1959,91
804,32	1916,90
804,50	1974,24
804,69	1992,67
804,87	2013,15
805,06	1923,04
805,24	2007,01
805,43	1951,71
805,61	1986,53
805,80	1949,67
805,98	1961,95
806,17	1992,67
806,35	1943,52
806,54	1839,08
806,72	1935,33
806,91	1908,71
807,09	1925,09
807,28	1916,90
807,46	1959,91
807,65	2004,96
807,83	1959,91
808,02	1904,61
808,20	1900,52
808,39	2027,49
808,57	1867,75
808,76	2017,25
808,94	2000,87
809,13	1828,84
809,31	1968,10
809,49	1966,05
809,68	1875,94
809,86	1937,38
810,05	1914,85
810,23	1951,71
810,42	2007,01
810,60	1851,36
810,79	1875,94
810,97	1873,89
811,16	1912,80
811,34	1920,99
811,53	1966,05
811,71	1902,56
811,89	1931,23
812,08	1955,81
812,26	1867,75
812,45	1939,43
812,63	1886,18
812,82	1880,04
813,00	1863,65
813,19	1890,28
813,37	1880,04
813,55	1826,79
813,74	1898,47
813,92	1955,81
814,11	1918,95
814,29	1779,68
814,48	1871,84
814,66	1882,08
814,84	1841,12
815,03	1822,69
815,21	1908,71
815,40	1884,13
815,58	1896,42
815,77	1935,33
815,95	1857,51
816,13	1789,92
816,32	1966,05
816,50	1888,23
816,69	1875,94
816,87	1800,16
817,05	1755,11
817,24	1912,80
817,42	1816,55
817,61	1769,44
817,79	1861,60
817,97	1877,99
818,16	1804,26
818,34	1898,47
818,53	1751,01
818,71	1896,42
818,89	1763,30
819,08	1824,74
819,26	1791,97
819,45	1832,93
819,63	1851,36
819,81	1867,75
820,00	1859,56
820,18	1841,12
820,36	1867,75
820,55	1779,68
820,73	1826,79
820,92	1861,60
821,10	1806,31
821,28	1861,60
821,47	1974,24
821,65	1785,83
821,83	1994,72
822,02	1857,51
822,20	1869,80
822,39	1791,97
822,57	1734,63
822,75	1875,94
822,94	1851,36
823,12	1841,12
823,30	1785,83
823,49	1896,42
823,67	1851,36
823,85	1875,94
824,04	1783,78
824,22	1873,89
824,40	1832,93
824,59	1798,12
824,77	1894,37
824,95	1810,40
825,14	1925,09
825,32	1966,05
825,50	1806,31
825,69	1837,03
825,87	1923,04
826,05	1804,26
826,24	1894,37
826,42	1912,80
826,60	1900,52
826,79	1789,92
826,97	1779,68
827,15	1812,45
827,34	1859,56
827,52	1900,52
827,70	1834,98
827,89	1871,84
828,07	1855,46
828,25	1859,56
828,44	1929,19
828,62	1802,21
828,80	1837,03
828,98	1984,48
829,17	1794,02
829,35	1849,32
829,53	1853,41
829,72	1822,69
829,90	1826,79
830,08	1800,16
830,27	1888,23
830,45	1980,39
830,63	1847,27
830,81	1861,60
831,00	1906,66
831,18	1775,59
831,36	1837,03
831,55	1937,38
831,73	1882,08
831,91	1853,41
832,09	1898,47
832,28	1867,75
832,46	1816,55
832,64	1857,51
832,82	1826,79
833,01	1822,69
833,19	1808,36
833,37	1820,64
833,55	1880,04
833,74	1845,22
833,92	1755,11
834,10	1826,79
834,29	1787,88
834,47	1814,50
834,65	1886,18
834,83	1716,20
835,02	1808,36
835,20	1746,92
835,38	1830,88
835,56	1865,70
835,75	1857,51
835,93	1843,17
836,11	1843,17
836,29	1800,16
836,47	1914,85
836,66	1839,08
836,84	1884,13
837,02	1800,16
837,20	1802,21
837,39	1830,88
837,57	1943,52
837,75	1890,28
837,93	1867,75
838,12	1900,52
838,30	1787,88
838,48	1925,09
838,66	1980,39
838,84	1873,89
839,03	1925,09
839,21	1880,04
839,39	1873,89
839,57	1861,60
839,75	1875,94
839,94	1865,70
840,12	1916,90
840,30	1794,02
840,48	1863,65
840,66	1826,79
840,85	1800,16
841,03	1832,93
841,21	1877,99
841,39	1896,42
841,57	1949,67
841,76	1933,28
841,94	1904,61
842,12	1828,84
842,30	1894,37
842,48	1814,50
842,67	1851,36
842,85	1845,22
843,03	1851,36
843,21	1896,42
843,39	1832,93
843,57	1761,25
843,76	1820,64
843,94	1773,54
844,12	1920,99
844,30	1851,36
844,48	1851,36
844,66	1849,32
844,85	1880,04
845,03	1949,67
845,21	1880,04
845,39	1918,95
845,57	1810,40
845,75	1880,04
845,94	1890,28
846,12	1857,51
846,30	1902,56
846,48	1839,08
846,66	1970,15
846,84	1734,63
847,02	1830,88
847,21	1810,40
847,39	1853,41
847,57	1908,71
847,75	1812,45
847,93	1802,21
848,11	1765,35
848,29	1794,02
848,48	1857,51
848,66	1923,04
848,84	1867,75
849,02	1826,79
849,20	1777,64
849,38	1877,99
849,56	1812,45
849,74	1941,47
849,93	1931,23
850,11	1855,46
850,29	1837,03
850,47	1898,47
850,65	1748,97
850,83	1728,49
851,01	1867,75
851,19	1861,60
851,37	1822,69
851,56	1765,35
851,74	1841,12
851,92	1697,77
852,10	1828,84
852,28	1787,88
852,46	1773,54
852,64	1812,45
852,82	1867,75
853,00	1767,40
853,18	1828,84
853,37	1812,45
853,55	1812,45
853,73	1777,64
853,91	1892,32
854,09	1828,84
854,27	1832,93
854,45	1882,08
854,63	1773,54
854,81	1785,83
854,99	1843,17
855,17	1714,15
855,35	1808,36
855,53	1781,73
855,72	1785,83
855,90	1787,88
856,08	1918,95
856,26	1767,40
856,44	1939,43
856,62	1732,58
856,80	1761,25
856,98	1718,25
857,16	1800,16
857,34	1828,84
857,52	1796,07
857,70	1818,60
857,88	1914,85
858,06	1839,08
858,24	1789,92
858,42	1847,27
858,60	1763,30
858,78	1826,79
858,96	1746,92
859,15	1781,73
859,33	1834,98
859,51	1802,21
859,69	1779,68
859,87	1773,54
860,05	1841,12
860,23	1828,84
860,41	1812,45
860,59	1759,21
860,77	1798,12
860,95	1783,78
861,13	1775,59
861,31	1720,29
861,49	1712,10
861,67	1839,08
861,85	1783,78
862,03	1877,99
862,21	1843,17
862,39	1845,22
862,57	1822,69
862,75	1720,29
862,93	1736,68
863,11	1763,30
863,29	1662,95
863,47	1830,88
863,65	1828,84
863,83	1693,67
864,01	1730,53
864,19	1871,84
864,37	1812,45
864,55	1826,79
864,73	1787,88
864,91	1781,73
865,09	1802,21
865,27	1753,06
865,45	1751,01
865,63	1820,64
865,81	1851,36
865,99	1720,29
866,17	1785,83
866,35	1806,31
866,53	1906,66
866,71	1765,35
866,89	1773,54
867,07	1826,79
867,24	1673,19
867,42	1779,68
867,60	1755,11
867,78	1789,92
867,96	1773,54
868,14	1830,88
868,32	1798,12
868,50	1773,54
868,68	1734,63
868,86	1748,97
869,04	1732,58
869,22	1689,57
869,40	1728,49
869,58	1703,91
869,76	1730,53
869,94	1677,29
870,12	1687,53
870,30	1703,91
870,48	1738,73
870,66	1808,36
870,83	1718,25
871,01	1759,21
871,19	1628,14
871,37	1769,44
871,55	1708,01
871,73	1632,23
871,91	1751,01
872,09	1781,73
872,27	1755,11
872,45	1675,24
872,63	1595,37
872,81	1765,35
872,98	1769,44
873,16	1685,48
873,34	1732,58
873,52	1757,16
873,70	1802,21
873,88	1681,38
874,06	1624,04
874,24	1658,85
874,42	1605,61
874,60	1728,49
874,78	1794,02
874,95	1710,05
875,13	1697,77
875,31	1757,16
875,49	1753,06
875,67	1632,23
875,85	1699,81
876,03	1642,47
876,21	1753,06
876,39	1685,48
876,56	1654,76
876,74	1634,28
876,92	1726,44
877,10	1773,54
877,28	1671,14
877,46	1665,00
877,64	1755,11
877,82	1724,39
877,99	1679,33
878,17	1695,72
878,35	1730,53
878,53	1759,21
878,71	1740,77
878,89	1665,00
879,07	1843,17
879,24	1705,96
879,42	1777,64
879,60	1708,01
879,78	1800,16
879,96	1677,29
880,14	1800,16
880,32	1607,66
880,49	1671,14
880,67	1738,73
880,85	1767,40
881,03	1648,61
881,21	1648,61
881,39	1714,15
881,56	1722,34
881,74	1722,34
881,92	1703,91
882,10	1650,66
882,28	1675,24
882,46	1638,38
882,63	1671,14
882,81	1613,80
882,99	1626,09
883,17	1638,38
883,35	1708,01
883,52	1699,81
883,70	1695,72
883,88	1656,81
884,06	1619,94
884,24	1720,29
884,42	1826,79
884,59	1693,67
884,77	1730,53
884,95	1744,87
885,13	1746,92
885,31	1638,38
885,48	1679,33
885,66	1736,68
885,84	1732,58
886,02	1652,71
886,20	1730,53
886,37	1708,01
886,55	1705,96
886,73	1636,33
886,91	1652,71
887,08	1683,43
887,26	1710,05
887,44	1744,87
887,62	1677,29
887,80	1728,49
887,97	1665,00
888,15	1714,15
888,33	1748,97
888,51	1638,38
888,68	1640,42
888,86	1699,81
889,04	1607,66
889,22	1712,10
889,40	1675,24
889,57	1667,05
889,75	1767,40
889,93	1746,92
890,11	1720,29
890,28	1642,47
890,46	1660,90
890,64	1613,80
890,82	1724,39
890,99	1699,81
891,17	1662,95
891,35	1761,25
891,53	1654,76
891,70	1566,70
891,88	1648,61
892,06	1607,66
892,24	1574,89
892,41	1599,46
892,59	1570,79
892,77	1705,96
892,94	1654,76
893,12	1665,00
893,30	1546,22
893,48	1675,24
893,65	1738,73
893,83	1591,27
894,01	1501,16
894,19	1611,75
894,36	1712,10
894,54	1597,42
894,72	1689,57
894,89	1558,50
895,07	1552,36
895,25	1634,28
895,43	1548,26
895,60	1689,57
895,78	1632,23
895,96	1597,42
896,13	1630,18
896,31	1650,66
896,49	1656,81
896,66	1548,26
896,84	1648,61
897,02	1568,74
897,20	1558,50
897,37	1585,13
897,55	1566,70
897,73	1675,24
897,90	1644,52
898,08	1587,18
898,26	1648,61
898,43	1587,18
898,61	1548,26
898,79	1621,99
898,96	1527,78
899,14	1603,56
899,32	1669,09
899,49	1603,56
899,67	1665,00
899,85	1701,86
900,02	1658,85
900,20	1525,74
900,38	1617,90
900,55	1687,53
900,73	1640,42
900,91	1503,21
901,08	1642,47
901,26	1578,98
901,44	1640,42
901,61	1597,42
901,79	1505,26
901,97	1589,22
902,14	1566,70
902,32	1648,61
902,50	1576,94
902,67	1605,61
902,85	1640,42
903,02	1585,13
903,20	1552,36
903,38	1546,22
903,55	1531,88
903,73	1490,92
903,91	1515,50
904,08	1654,76
904,26	1605,61
904,44	1662,95
904,61	1517,54
904,79	1507,30
904,96	1517,54
905,14	1564,65
905,32	1615,85
905,49	1572,84
905,67	1533,93
905,84	1552,36
906,02	1556,46
906,20	1621,99
906,37	1671,14
906,55	1603,56
906,73	1581,03
906,90	1570,79
907,08	1552,36
907,25	1578,98
907,43	1529,83
907,61	1564,65
907,78	1519,59
907,96	1519,59
908,13	1660,90
908,31	1654,76
908,48	1464,30
908,66	1558,50
908,84	1558,50
909,01	1628,14
909,19	1626,09
909,36	1550,31
909,54	1527,78
909,72	1576,94
909,89	1542,12
910,07	1501,16
910,24	1560,55
910,42	1628,14
910,59	1513,45
910,77	1517,54
910,95	1531,88
911,12	1519,59
911,30	1550,31
911,47	1490,92
911,65	1540,07
911,82	1499,11
912,00	1597,42
912,17	1517,54
912,35	1556,46
912,53	1546,22
912,70	1634,28
912,88	1564,65
913,05	1515,50
913,23	1533,93
913,40	1630,18
913,58	1525,74
913,75	1470,44
913,93	1497,07
914,10	1505,26
914,28	1478,63
914,46	1497,07
914,63	1589,22
914,81	1550,31
914,98	1478,63
915,16	1525,74
915,33	1478,63
915,51	1589,22
915,68	1605,61
915,86	1525,74
916,03	1490,92
916,21	1519,59
916,38	1587,18
916,56	1501,16
916,73	1628,14
916,91	1560,55
917,08	1572,84
917,26	1660,90
917,43	1581,03
917,61	1503,21
917,78	1529,83
917,96	1464,30
918,13	1449,96
918,31	1525,74
918,48	1468,39
918,66	1423,34
918,83	1589,22
919,01	1607,66
919,18	1538,02
919,36	1529,83
919,53	1609,70
919,71	1662,95
919,88	1581,03
920,06	1560,55
920,23	1478,63
920,41	1591,27
920,58	1585,13
920,76	1564,65
920,93	1517,54
921,11	1533,93
921,28	1503,21
921,45	1597,42
921,63	1564,65
921,80	1531,88
921,98	1517,54
922,15	1523,69
922,33	1523,69
922,50	1640,42
922,68	1552,36
922,85	1466,35
923,03	1556,46
923,20	1646,57
923,38	1564,65
923,55	1546,22
923,72	1527,78
923,90	1628,14
924,07	1490,92
924,25	1562,60
924,42	1681,38
924,60	1511,40
924,77	1499,11
924,95	1572,84
925,12	1472,49
925,29	1601,51
925,47	1570,79
925,64	1445,87
925,82	1486,83
925,99	1533,93
926,17	1505,26
926,34	1501,16
926,51	1503,21
926,69	1576,94
926,86	1624,04
927,04	1535,98
927,21	1538,02
927,38	1542,12
927,56	1476,59
927,73	1552,36
927,91	1470,44
928,08	1720,29
928,25	1470,44
928,43	1529,83
928,60	1492,97
928,78	1515,50
928,95	1552,36
929,12	1550,31
929,30	1470,44
929,47	1468,39
929,65	1394,67
929,82	1462,25
929,99	1490,92
930,17	1423,34
930,34	1497,07
930,52	1497,07
930,69	1370,09
930,86	1490,92
931,04	1423,34
931,21	1386,47
931,38	1484,78
931,56	1497,07
931,73	1538,02
931,91	1550,31
932,08	1521,64
932,25	1511,40
932,43	1464,30
932,60	1513,45
932,77	1413,10
932,95	1486,83
933,12	1468,39
933,29	1482,73
933,47	1531,88
933,64	1472,49
933,82	1474,54
933,99	1495,02
934,16	1431,53
934,34	1560,55
934,51	1421,29
934,68	1470,44
934,86	1517,54
935,03	1429,48
935,20	1427,43
935,38	1441,77
935,55	1394,67
935,72	1519,59
935,90	1437,67
936,07	1472,49
936,24	1433,58
936,42	1544,17
936,59	1544,17
936,76	1503,21
936,94	1413,10
937,11	1486,83
937,28	1429,48
937,46	1337,32
937,63	1474,54
937,80	1447,91
937,97	1515,50
938,15	1449,96
938,32	1449,96
938,49	1497,07
938,67	1331,18
938,84	1474,54
939,01	1406,95
939,19	1488,87
939,36	1486,83
939,53	1454,06
939,70	1492,97
939,88	1419,24
940,05	1531,88
940,22	1495,02
940,40	1523,69
940,57	1495,02
940,74	1445,87
940,92	1468,39
941,09	1490,92
941,26	1404,91
941,43	1474,54
941,61	1396,71
941,78	1433,58
941,95	1460,20
942,12	1462,25
942,30	1476,59
942,47	1482,73
942,64	1421,29
942,82	1507,30
942,99	1529,83
943,16	1351,66
943,33	1411,05
943,51	1368,04
943,68	1429,48
943,85	1406,95
944,02	1497,07
944,20	1484,78
944,37	1361,90
944,54	1464,30
944,71	1415,15
944,89	1392,62
945,06	1396,71
945,23	1433,58
945,40	1497,07
945,58	1417,19
945,75	1445,87
945,92	1429,48
946,09	1482,73
946,27	1486,83
946,44	1429,48
946,61	1513,45
946,78	1402,86
946,95	1456,11
947,13	1406,95
947,30	1439,72
947,47	1406,95
947,64	1423,34
947,82	1433,58
947,99	1419,24
948,16	1466,35
948,33	1443,82
948,50	1394,67
948,68	1517,54
948,85	1425,39
949,02	1554,41
949,19	1417,19
949,36	1488,87
949,54	1476,59
949,71	1509,35
949,88	1517,54
950,05	1484,78
950,22	1425,39
950,40	1525,74
950,57	1449,96
950,74	1468,39
950,91	1499,11
951,08	1490,92
951,26	1449,96
951,43	1474,54
951,60	1413,10
951,77	1492,97
951,94	1542,12
952,11	1472,49
952,29	1552,36
952,46	1447,91
952,63	1527,78
952,80	1460,20
952,97	1505,26
953,15	1517,54
953,32	1404,91
953,49	1409,00
953,66	1425,39
953,83	1415,15
954,00	1409,00
954,17	1406,95
954,35	1568,74
954,52	1331,18
954,69	1421,29
954,86	1544,17
955,03	1452,01
955,20	1449,96
955,38	1460,20
955,55	1511,40
955,72	1527,78
955,89	1368,04
956,06	1402,86
956,23	1519,59
956,40	1464,30
956,58	1366,00
956,75	1402,86
956,92	1425,39
957,09	1409,00
957,26	1509,35
957,43	1523,69
957,60	1470,44
957,77	1538,02
957,95	1560,55
958,12	1464,30
958,29	1495,02
958,46	1531,88
958,63	1388,52
958,80	1503,21
958,97	1535,98
959,14	1441,77
959,31	1447,91
959,49	1425,39
959,66	1443,82
959,83	1439,72
960,00	1486,83
960,17	1546,22
960,34	1441,77
960,51	1449,96
960,68	1505,26
960,85	1515,50
961,02	1437,67
961,20	1552,36
961,37	1466,35
961,54	1415,15
961,71	1437,67
961,88	1480,68
962,05	1388,52
962,22	1478,63
962,39	1437,67
962,56	1402,86
962,73	1423,34
962,90	1417,19
963,07	1466,35
963,24	1490,92
963,42	1400,81
963,59	1476,59
963,76	1515,50
963,93	1525,74
964,10	1427,43
964,27	1515,50
964,44	1437,67
964,61	1511,40
964,78	1435,63
964,95	1470,44
965,12	1445,87
965,29	1470,44
965,46	1402,86
965,63	1548,26
965,80	1529,83
965,97	1366,00
966,14	1402,86
966,31	1474,54
966,48	1509,35
966,66	1468,39
966,83	1486,83
967,00	1476,59
967,17	1501,16
967,34	1466,35
967,51	1449,96
967,68	1443,82
967,85	1378,28
968,02	1574,89
968,19	1400,81
968,36	1486,83
968,53	1466,35
968,70	1433,58
968,87	1525,74
969,04	1525,74
969,21	1413,10
969,38	1562,60
969,55	1476,59
969,72	1466,35
969,89	1554,41
970,06	1460,20
970,23	1425,39
970,40	1517,54
970,57	1466,35
970,74	1533,93
970,91	1400,81
971,08	1474,54
971,25	1427,43
971,42	1544,17
971,59	1540,07
971,76	1460,20
971,93	1460,20
972,10	1437,67
972,27	1413,10
972,44	1468,39
972,61	1529,83
972,78	1452,01
972,95	1515,50
973,12	1501,16
973,29	1458,15
973,46	1470,44
973,63	1490,92
973,80	1386,47
973,97	1433,58
974,14	1593,32
974,30	1474,54
974,47	1533,93
974,64	1497,07
974,81	1415,15
974,98	1513,45
975,15	1437,67
975,32	1464,30
975,49	1513,45
975,66	1445,87
975,83	1560,55
976,00	1490,92
976,17	1396,71
976,34	1454,06
976,51	1478,63
976,68	1460,20
976,85	1509,35
977,02	1503,21
977,19	1488,87
977,36	1437,67
977,52	1505,26
977,69	1517,54
977,86	1501,16
978,03	1427,43
978,20	1513,45
978,37	1431,53
978,54	1497,07
978,71	1523,69
978,88	1550,31
979,05	1429,48
979,22	1503,21
979,39	1486,83
979,56	1427,43
979,72	1439,72
979,89	1499,11
980,06	1533,93
980,23	1626,09
980,40	1423,34
980,57	1429,48
980,74	1454,06
980,91	1431,53
981,08	1454,06
981,25	1540,07
981,41	1486,83
981,58	1390,57
981,75	1349,61
981,92	1447,91
982,09	1449,96
982,26	1384,43
982,43	1413,10
982,60	1486,83
982,77	1456,11
982,93	1490,92
983,10	1427,43
983,27	1415,15
983,44	1472,49
983,61	1548,26
983,78	1538,02
983,95	1396,71
984,11	1419,24
984,28	1609,70
984,45	1409,00
984,62	1402,86
984,79	1456,11
984,96	1495,02
985,13	1421,29
985,30	1499,11
985,46	1335,28
985,63	1478,63
985,80	1480,68
985,97	1402,86
986,14	1456,11
986,31	1454,06
986,47	1427,43
986,64	1409,00
986,81	1429,48
986,98	1404,91
987,15	1460,20
987,32	1478,63
987,48	1439,72
987,65	1404,91
987,82	1409,00
987,99	1427,43
988,16	1847,27
988,33	1611,75
988,49	1478,63
988,66	1503,21
988,83	1468,39
989,00	1507,30
989,17	1388,52
989,34	1490,92
989,50	1499,11
989,67	1419,24
989,84	1366,00
990,01	1484,78
990,18	1454,06
990,34	1456,11
990,51	1490,92
990,68	1482,73
990,85	1486,83
991,02	1468,39
991,18	1423,34
991,35	1488,87
991,52	1523,69
991,69	1392,62
991,86	1486,83
992,02	1435,63
992,19	1374,19
992,36	1353,71
992,53	1478,63
992,69	1480,68
992,86	1445,87
993,03	1538,02
993,20	1439,72
993,37	1554,41
993,53	1529,83
993,70	1503,21
993,87	1419,24
994,04	1490,92
994,20	1437,67
994,37	1394,67
994,54	1476,59
994,71	1456,11
994,87	1556,46
995,04	1538,02
995,21	1466,35
995,38	1406,95
995,55	1501,16
995,71	1499,11
995,88	1474,54
996,05	1476,59
996,22	1454,06
996,38	1443,82
996,55	1519,59
996,72	1392,62
996,88	1574,89
997,05	2222,05
997,22	1460,20
997,39	1460,20
997,55	1513,45
997,72	1443,82
997,89	1437,67
998,06	1488,87
998,22	1499,11
998,39	1439,72
998,56	1404,91
998,73	1513,45
998,89	1443,82
999,06	1470,44
999,23	1445,87
999,39	1513,45
999,56	1513,45
999,73	1445,87
999,90	1429,48
1000,06	1531,88
1000,23	1476,59
1000,40	1499,11
1000,56	1488,87
1000,73	1419,24
1000,90	1462,25
1001,06	1474,54
1001,23	1413,10
1001,40	1533,93
1001,57	1460,20
1001,73	1409,00
1001,90	1388,52
1002,07	1466,35
1002,23	1435,63
1002,40	1423,34
1002,57	1417,19
1002,73	1443,82
1002,90	1411,05
1003,07	1472,49
1003,23	1406,95
1003,40	1490,92
1003,57	1447,91
1003,73	1396,71
1003,90	1443,82
1004,07	1392,62
1004,23	1425,39
1004,40	1480,68
1004,57	1441,77
1004,73	1435,63
1004,90	1454,06
1005,07	1523,69
1005,23	1423,34
1005,40	1392,62
1005,57	1427,43
1005,73	1413,10
1005,90	1374,19
1006,07	1558,50
1006,23	1394,67
1006,40	1462,25
1006,57	1431,53
1006,73	1501,16
1006,90	1443,82
1007,06	1402,86
1007,23	1447,91
1007,40	1423,34
1007,56	1466,35
1007,73	1523,69
1007,90	1409,00
1008,06	1533,93
1008,23	1464,30
1008,40	1523,69
1008,56	1400,81
1008,73	1409,00
1008,89	1437,67
1009,06	1562,60
1009,23	1484,78
1009,39	1482,73
1009,56	1423,34
1009,72	1488,87
1009,89	1449,96
1010,06	1458,15
1010,22	1482,73
1010,39	1392,62
1010,55	1433,58
1010,72	1523,69
1010,89	1458,15
1011,05	1562,60
1011,22	1441,77
1011,38	1404,91
1011,55	1425,39
1011,72	1462,25
1011,88	1417,19
1012,05	1480,68
1012,21	1464,30
1012,38	1441,77
1012,55	1429,48
1012,71	1376,24
1012,88	1490,92
1013,04	1474,54
1013,21	1421,29
1013,37	1423,34
1013,54	1454,06
1013,71	1443,82
1013,87	1484,78
1014,04	1482,73
1014,20	1466,35
1014,37	1382,38
1014,53	1447,91
1014,70	1402,86
1014,87	1445,87
1015,03	1568,74
1015,20	1392,62
1015,36	1370,09
1015,53	1437,67
1015,69	1482,73
1015,86	1460,20
1016,02	1439,72
1016,19	1509,35
1016,36	1413,10
1016,52	1380,33
1016,69	1456,11
1016,85	1452,01
1017,02	1497,07
1017,18	1417,19
1017,35	1462,25
1017,51	1368,04
1017,68	1501,16
1017,84	1370,09
1018,01	1390,57
1018,17	1525,74
1018,34	1495,02
1018,50	1411,05
1018,67	1433,58
1018,84	1507,30
1019,00	1398,76
1019,17	1449,96
1019,33	1400,81
1019,50	1495,02
1019,66	1449,96
1019,83	1402,86
1019,99	1505,26
1020,16	1464,30
1020,32	1456,11
1020,49	1468,39
1020,65	1370,09
1020,82	1449,96
1020,98	1509,35
1021,15	1456,11
1021,31	1454,06
1021,48	1458,15
1021,64	1476,59
1021,81	1437,67
1021,97	1427,43
1022,14	1472,49
1022,30	1429,48
1022,47	1505,26
1022,63	1417,19
1022,79	1474,54
1022,96	1470,44
1023,12	1441,77
1023,29	1406,95
1023,45	1478,63
1023,62	1443,82
1023,78	1499,11
1023,95	1409,00
1024,11	1388,52
1024,28	1417,19
1024,44	1361,90
1024,61	1378,28
1024,77	1415,15
1024,94	1495,02
1025,10	1443,82
1025,26	1421,29
1025,43	1413,10
1025,59	1413,10
1025,76	1415,15
1025,92	1474,54
1026,09	1413,10
1026,25	1433,58
1026,42	1378,28
1026,58	1437,67
1026,74	1470,44
1026,91	1396,71
1027,07	1380,33
1027,24	1470,44
1027,40	1421,29
1027,57	1398,76
1027,73	1402,86
1027,90	1505,26
1028,06	1437,67
1028,22	1374,19
1028,39	1495,02
1028,55	1452,01
1028,72	1480,68
1028,88	1527,78
1029,04	1437,67
1029,21	1538,02
1029,37	1406,95
1029,54	1476,59
1029,70	1396,71
1029,87	1449,96
1030,03	1320,94
1030,19	1492,97
1030,36	1472,49
1030,52	1454,06
1030,69	1314,80
1030,85	1302,51
1031,01	1447,91
1031,18	1390,57
1031,34	1472,49
1031,50	1449,96
1031,67	1445,87
1031,83	1456,11
1032,00	1413,10
1032,16	1384,43
1032,32	1404,91
1032,49	1400,81
1032,65	1460,20
1032,82	1456,11
1032,98	1435,63
1033,14	1402,86
1033,31	1538,02
1033,47	1505,26
1033,63	1452,01
1033,80	1462,25
1033,96	1495,02
1034,13	1409,00
1034,29	1441,77
1034,45	1396,71
1034,62	1460,20
1034,78	1525,74
1034,94	1396,71
1035,11	1497,07
1035,27	1394,67
1035,43	1398,76
1035,60	1535,98
1035,76	1476,59
1035,92	1378,28
1036,09	1382,38
1036,25	1409,00
1036,41	1501,16
1036,58	1507,30
1036,74	1409,00
1036,90	1359,85
1037,07	1388,52
1037,23	1441,77
1037,39	1509,35
1037,56	1437,67
1037,72	1484,78
1037,88	1421,29
1038,05	1392,62
1038,21	1456,11
1038,37	1460,20
1038,54	1466,35
1038,70	1474,54
1038,86	1357,80
1039,03	1503,21
1039,19	1443,82
1039,35	1357,80
1039,52	1429,48
1039,68	1433,58
1039,84	1417,19
1040,00	1449,96
1040,17	1423,34
1040,33	1415,15
1040,49	1447,91
1040,66	1429,48
1040,82	1427,43
1040,98	1497,07
1041,15	1484,78
1041,31	1378,28
1041,47	1468,39
1041,63	1353,71
1041,80	1406,95
1041,96	1517,54
1042,12	1351,66
1042,29	1423,34
1042,45	1540,07
1042,61	1394,67
1042,77	1423,34
1042,94	1466,35
1043,10	1529,83
1043,26	1435,63
1043,42	1478,63
1043,59	1423,34
1043,75	1417,19
1043,91	1445,87
1044,07	1488,87
1044,24	1452,01
1044,40	1390,57
