345,22	1101,81
345,44	1101,81
345,66	1101,81
345,88	1181,68
346,10	1163,25
346,32	1220,59
346,54	1292,27
346,75	1249,26
346,97	1230,83
347,19	1284,08
347,41	1212,40
347,63	1263,60
347,85	1284,08
348,07	1302,51
348,29	1386,47
348,51	1310,70
348,73	1253,36
348,95	1265,64
349,16	1271,79
349,38	1279,98
349,60	1302,51
349,82	1255,40
350,04	1310,70
350,26	1333,23
350,48	1273,84
350,70	1343,47
350,92	1245,16
351,14	1339,37
351,35	1267,69
351,57	1292,27
351,79	1267,69
352,01	1265,64
352,23	1259,50
352,45	1302,51
352,67	1300,46
352,89	1322,99
353,10	1296,36
353,32	1279,98
353,54	1300,46
353,76	1302,51
353,98	1298,41
354,20	1249,26
354,42	1273,84
354,64	1224,69
354,85	1380,33
355,07	1300,46
355,29	1320,94
355,51	1228,78
355,73	1259,50
355,95	1310,70
356,17	1327,08
356,38	1234,93
356,60	1292,27
356,82	1273,84
357,04	1204,21
357,26	1282,03
357,48	1308,65
357,69	1257,45
357,91	1236,97
358,13	1253,36
358,35	1279,98
358,57	1279,98
358,79	1251,31
359,01	1320,94
359,22	1339,37
359,44	1327,08
359,66	1294,32
359,88	1257,45
360,10	1253,36
360,32	1286,12
360,53	1245,16
360,75	1310,70
360,97	1286,12
361,19	1257,45
361,41	1282,03
361,62	1322,99
361,84	1304,56
362,06	1282,03
362,28	1318,89
362,50	1290,22
362,72	1296,36
362,93	1183,73
363,15	1206,25
363,37	1273,84
363,59	1306,60
363,81	1232,88
364,02	1294,32
364,24	1337,32
364,46	1279,98
364,68	1200,11
364,90	1320,94
365,11	1247,21
365,33	1282,03
365,55	1316,84
365,77	1253,36
365,99	1236,97
366,20	1316,84
366,42	1230,83
366,64	1241,07
366,86	1273,84
367,07	1298,41
367,29	1193,97
367,51	1282,03
367,73	1247,21
367,95	1247,21
368,16	1316,84
368,38	1345,52
368,60	1263,60
368,82	1265,64
369,03	1339,37
369,25	1298,41
369,47	1284,08
369,69	1241,07
369,91	1341,42
370,12	1239,02
370,34	1298,41
370,56	1259,50
370,78	1269,74
370,99	1294,32
371,21	1263,60
371,43	1277,93
371,65	1261,55
371,86	1251,31
372,08	1331,18
372,30	1286,12
372,52	1314,80
372,73	1249,26
372,95	1277,93
373,17	1181,68
373,39	1329,13
373,60	1245,16
373,82	1298,41
374,04	1253,36
374,26	1284,08
374,47	1329,13
374,69	1228,78
374,91	1368,04
375,12	1275,88
375,34	1277,93
375,56	1308,65
375,78	1282,03
375,99	1279,98
376,21	1376,24
376,43	1265,64
376,65	1255,40
376,86	1318,89
377,08	1284,08
377,30	1302,51
377,51	1259,50
377,73	1290,22
377,95	1243,12
378,17	1306,60
378,38	1277,93
378,60	1384,43
378,82	1333,23
379,03	1241,07
379,25	1314,80
379,47	1314,80
379,68	1327,08
379,90	1196,01
380,12	1292,27
380,34	1226,73
380,55	1304,56
380,77	1232,88
380,99	1298,41
381,20	1286,12
381,42	1333,23
381,64	1206,25
381,85	1255,40
382,07	1298,41
382,29	1288,17
382,50	1325,04
382,72	1361,90
382,94	1245,16
383,15	1320,94
383,37	1273,84
383,59	1265,64
383,80	1318,89
384,02	1320,94
384,24	1312,75
384,45	1320,94
384,67	1308,65
384,89	1273,84
385,10	1300,46
385,32	1210,35
385,54	1294,32
385,75	1298,41
385,97	1339,37
386,19	1322,99
386,40	1320,94
386,62	1265,64
386,84	1236,97
387,05	1372,14
387,27	1288,17
387,49	1245,16
387,70	1288,17
387,92	1343,47
388,14	1284,08
388,35	1275,88
388,57	1243,12
388,79	1255,40
389,00	1251,31
389,22	1333,23
389,43	1300,46
389,65	1361,90
389,87	1312,75
390,08	1241,07
390,30	1300,46
390,52	1337,32
390,73	1265,64
390,95	1263,60
391,17	1302,51
391,38	1316,84
391,60	1333,23
391,81	1345,52
392,03	1206,25
392,25	1275,88
392,46	1232,88
392,68	1310,70
392,89	1314,80
393,11	1290,22
393,33	1308,65
393,54	1282,03
393,76	1257,45
393,98	1275,88
394,19	1300,46
394,41	1245,16
394,62	1193,97
394,84	1265,64
395,06	1191,92
395,27	1247,21
395,49	1249,26
395,70	1314,80
395,92	1290,22
396,13	1193,97
396,35	1296,36
396,57	1275,88
396,78	1255,40
397,00	1302,51
397,21	1335,28
397,43	1343,47
397,65	1306,60
397,86	1302,51
398,08	1322,99
398,29	1294,32
398,51	1206,25
398,72	1355,76
398,94	1347,56
399,16	1255,40
399,37	1304,56
399,59	1347,56
399,80	1294,32
400,02	1306,60
400,23	1345,52
400,45	1273,84
400,67	1282,03
400,88	1316,84
401,10	1282,03
401,31	1269,74
401,53	1263,60
401,74	1245,16
401,96	1253,36
402,17	1173,49
402,39	1284,08
402,61	1224,69
402,82	1331,18
403,04	1374,19
403,25	1333,23
403,47	1279,98
403,68	1261,55
403,90	1298,41
404,11	1222,64
404,33	1189,87
404,54	1320,94
404,76	1255,40
404,97	1247,21
405,19	1474,54
405,41	1337,32
405,62	1286,12
405,84	1263,60
406,05	1265,64
406,27	1247,21
406,48	1345,52
406,70	1226,73
406,91	1322,99
407,13	1306,60
407,34	1294,32
407,56	1370,09
407,77	1271,79
407,99	1302,51
408,20	1396,71
408,42	1224,69
408,63	1347,56
408,85	1257,45
409,06	1327,08
409,28	1425,39
409,49	1282,03
409,71	1290,22
409,92	1331,18
410,14	1249,26
410,35	1347,56
410,57	1357,80
410,78	1304,56
411,00	1314,80
411,21	1298,41
411,43	1314,80
411,64	1308,65
411,86	1294,32
412,07	1343,47
412,29	1284,08
412,50	1337,32
412,72	1288,17
412,93	1363,95
413,15	1302,51
413,36	1322,99
413,58	1386,47
413,79	1304,56
414,01	1345,52
414,22	1384,43
414,43	1306,60
414,65	1335,28
414,86	1331,18
415,08	1251,31
415,29	1370,09
415,51	1298,41
415,72	1290,22
415,94	1351,66
416,15	1243,12
416,37	1314,80
416,58	1267,69
416,80	1279,98
417,01	1302,51
417,22	1322,99
417,44	1396,71
417,65	1279,98
417,87	1388,52
418,08	1392,62
418,30	1357,80
418,51	1314,80
418,73	1357,80
418,94	1331,18
419,15	1327,08
419,37	1378,28
419,58	1277,93
419,80	1312,75
420,01	1339,37
420,23	1394,67
420,44	1316,84
420,65	1302,51
420,87	1343,47
421,08	1357,80
421,30	1394,67
421,51	1261,55
421,73	1286,12
421,94	1265,64
422,15	1277,93
422,37	1320,94
422,58	1257,45
422,80	1277,93
423,01	1282,03
423,22	1230,83
423,44	1232,88
423,65	1294,32
423,87	1226,73
424,08	1335,28
424,29	1251,31
424,51	1241,07
424,72	1300,46
424,94	1288,17
425,15	1304,56
425,36	1335,28
425,58	1372,14
425,79	1363,95
426,01	1347,56
426,22	1388,52
426,43	1325,04
426,65	1290,22
426,86	1339,37
427,08	1359,85
427,29	1363,95
427,50	1312,75
427,72	1302,51
427,93	1331,18
428,14	1327,08
428,36	1298,41
428,57	1314,80
428,79	1277,93
429,00	1378,28
429,21	1329,13
429,43	1290,22
429,64	1318,89
429,85	1286,12
430,07	1325,04
430,28	1325,04
430,49	1339,37
430,71	1290,22
430,92	1361,90
431,14	1316,84
431,35	1368,04
431,56	1345,52
431,78	1292,27
431,99	1366,00
432,20	1343,47
432,42	1232,88
432,63	1318,89
432,84	1236,97
433,06	1349,61
433,27	1339,37
433,48	1404,91
433,70	1314,80
433,91	1363,95
434,12	1216,49
434,34	1411,05
434,55	1341,42
434,76	1261,55
434,98	1327,08
435,19	1232,88
435,40	1273,84
435,62	1257,45
435,83	1339,37
436,04	1347,56
436,26	1347,56
436,47	1306,60
436,68	1343,47
436,90	1265,64
437,11	1345,52
437,32	1275,88
437,54	1345,52
437,75	1279,98
437,96	1429,48
438,17	1294,32
438,39	1269,74
438,60	1376,24
438,81	1372,14
439,03	1421,29
439,24	1372,14
439,45	1368,04
439,67	1288,17
439,88	1363,95
440,09	1327,08
440,30	1384,43
440,52	1327,08
440,73	1288,17
440,94	1236,97
441,16	1308,65
441,37	1322,99
441,58	1325,04
441,80	1310,70
442,01	1320,94
442,22	1376,24
442,43	1310,70
442,65	1390,57
442,86	1376,24
443,07	1316,84
443,28	1255,40
443,50	1318,89
443,71	1380,33
443,92	1314,80
444,14	1318,89
444,35	1419,24
444,56	1335,28
444,77	1347,56
444,99	1425,39
445,20	1306,60
445,41	1382,38
445,62	1302,51
445,84	1396,71
446,05	1349,61
446,26	1419,24
446,47	1390,57
446,69	1372,14
446,90	1359,85
447,11	1390,57
447,32	1355,76
447,54	1333,23
447,75	1335,28
447,96	1298,41
448,17	1386,47
448,39	1386,47
448,60	1236,97
448,81	1337,32
449,02	1310,70
449,23	1353,71
449,45	1458,15
449,66	1335,28
449,87	1363,95
450,08	1339,37
450,30	1372,14
450,51	1327,08
450,72	1329,13
450,93	1308,65
451,15	1343,47
451,36	1355,76
451,57	1355,76
451,78	1355,76
451,99	1341,42
452,21	1306,60
452,42	1290,22
452,63	1355,76
452,84	1331,18
453,05	1327,08
453,27	1386,47
453,48	1400,81
453,69	1368,04
453,90	1398,76
454,11	1343,47
454,33	1382,38
454,54	1386,47
454,75	1411,05
454,96	1404,91
455,17	1392,62
455,39	1390,57
455,60	1372,14
455,81	1468,39
456,02	1406,95
456,23	1396,71
456,45	1368,04
456,66	1368,04
456,87	1372,14
457,08	1458,15
457,29	1439,72
457,50	1349,61
457,72	1337,32
457,93	1331,18
458,14	1406,95
458,35	1421,29
458,56	1357,80
458,77	1363,95
458,99	1333,23
459,20	1404,91
459,41	1343,47
459,62	1351,66
459,83	1368,04
460,04	1372,14
460,26	1394,67
460,47	1359,85
460,68	1386,47
460,89	1374,19
461,10	1300,46
461,31	1413,10
461,52	1390,57
461,74	1423,34
461,95	1349,61
462,16	1386,47
462,37	1404,91
462,58	1357,80
462,79	1388,52
463,00	1419,24
463,22	1466,35
463,43	1388,52
463,64	1437,67
463,85	1382,38
464,06	1320,94
464,27	1355,76
464,48	1441,77
464,70	1314,80
464,91	1542,12
465,12	1372,14
465,33	1345,52
465,54	1480,68
465,75	1351,66
465,96	1368,04
466,17	1400,81
466,38	1421,29
466,60	1409,00
466,81	1417,19
467,02	1460,20
467,23	1396,71
467,44	1437,67
467,65	1361,90
467,86	1468,39
468,07	1355,76
468,28	1413,10
468,50	1400,81
468,71	1470,44
468,92	1439,72
469,13	1439,72
469,34	1427,43
469,55	1392,62
469,76	1361,90
469,97	1445,87
470,18	1320,94
470,39	1335,28
470,60	1435,63
470,82	1452,01
471,03	1363,95
471,24	1439,72
471,45	1462,25
471,66	1386,47
471,87	1429,48
472,08	1413,10
472,29	1361,90
472,50	1480,68
472,71	1368,04
472,92	1413,10
473,13	1384,43
473,34	1415,15
473,55	1437,67
473,77	1464,30
473,98	1419,24
474,19	1421,29
474,40	1343,47
474,61	1476,59
474,82	1306,60
475,03	1429,48
475,24	1370,09
475,45	1417,19
475,66	1456,11
475,87	1402,86
476,08	1429,48
476,29	1507,30
476,50	1402,86
476,71	1464,30
476,92	1382,38
477,13	1449,96
477,34	1511,40
477,55	1488,87
477,76	1484,78
477,97	1402,86
478,18	1380,33
478,40	1423,34
478,61	1501,16
478,82	1443,82
479,03	1452,01
479,24	1472,49
479,45	1396,71
479,66	1511,40
479,87	1468,39
480,08	1388,52
480,29	1480,68
480,50	1501,16
480,71	1445,87
480,92	1517,54
481,13	1355,76
481,34	1437,67
481,55	1411,05
481,76	1492,97
481,97	1556,46
482,18	1605,61
482,39	1517,54
482,60	1497,07
482,81	1419,24
483,02	1447,91
483,23	1511,40
483,44	1497,07
483,65	1363,95
483,86	1527,78
484,07	1605,61
484,28	1519,59
484,49	1523,69
484,70	1523,69
484,91	1488,87
485,12	1421,29
485,33	1470,44
485,54	1492,97
485,75	1519,59
485,96	1546,22
486,17	1452,01
486,38	1466,35
486,59	1468,39
486,80	1540,07
487,01	1409,00
487,21	1552,36
487,42	1495,02
487,63	1548,26
487,84	1470,44
488,05	1478,63
488,26	1564,65
488,47	1556,46
488,68	1511,40
488,89	1533,93
489,10	1419,24
489,31	1517,54
489,52	1525,74
489,73	1527,78
489,94	1560,55
490,15	1482,73
490,36	1544,17
490,57	1511,40
490,78	1456,11
490,99	1501,16
491,20	1472,49
491,41	1505,26
491,61	1624,04
491,82	1535,98
492,03	1544,17
492,24	1570,79
492,45	1478,63
492,66	1501,16
492,87	1531,88
493,08	1542,12
493,29	1495,02
493,50	1560,55
493,71	1456,11
493,92	1601,51
494,13	1540,07
494,34	1501,16
494,54	1597,42
494,75	1499,11
494,96	1593,32
495,17	1542,12
495,38	1552,36
495,59	1456,11
495,80	1548,26
496,01	1626,09
496,22	1548,26
496,43	1531,88
496,64	1519,59
496,84	1570,79
497,05	1515,50
497,26	1636,33
497,47	1501,16
497,68	1597,42
497,89	1564,65
498,10	1548,26
498,31	1581,03
498,52	1597,42
498,72	1566,70
498,93	1599,46
499,14	1527,78
499,35	1572,84
499,56	1523,69
499,77	1589,22
499,98	1603,56
500,19	1546,22
500,40	1640,42
500,60	1568,74
500,81	1652,71
501,02	1548,26
501,23	1572,84
501,44	1509,35
501,65	1558,50
501,86	1550,31
502,06	1511,40
502,27	1497,07
502,48	1554,41
502,69	1650,66
502,90	1685,48
503,11	1531,88
503,32	1544,17
503,53	1560,55
503,73	1609,70
503,94	1564,65
504,15	1554,41
504,36	1535,98
504,57	1617,90
504,78	1585,13
504,98	1568,74
505,19	1548,26
505,40	1533,93
505,61	1605,61
505,82	1568,74
506,03	1626,09
506,23	1484,78
506,44	1585,13
506,65	1624,04
506,86	1564,65
507,07	1544,17
507,28	1607,66
507,48	1630,18
507,69	1648,61
507,90	1578,98
508,11	1540,07
508,32	1558,50
508,53	1585,13
508,73	1591,27
508,94	1585,13
509,15	1595,37
509,36	1572,84
509,57	1611,75
509,77	1611,75
509,98	1540,07
510,19	1587,18
510,40	1593,32
510,61	1591,27
510,81	1613,80
511,02	1724,39
511,23	1699,81
511,44	1615,85
511,65	1538,02
511,85	1646,57
512,06	1552,36
512,27	1558,50
512,48	1675,24
512,69	1656,81
512,89	1558,50
513,10	1636,33
513,31	1675,24
513,52	1687,53
513,73	1621,99
513,93	1634,28
514,14	1677,29
514,35	1634,28
514,56	1685,48
514,76	1652,71
514,97	1759,21
515,18	1738,73
515,39	1581,03
515,60	1611,75
515,80	1669,09
516,01	1654,76
516,22	1617,90
516,43	1542,12
516,63	1566,70
516,84	1615,85
517,05	1624,04
517,26	1589,22
517,46	1685,48
517,67	1689,57
517,88	1640,42
518,09	1560,55
518,29	1640,42
518,50	1681,38
518,71	1607,66
518,92	1658,85
519,12	1632,23
519,33	1697,77
519,54	1650,66
519,75	1712,10
519,95	1638,38
520,16	1636,33
520,37	1544,17
520,57	1640,42
520,78	1705,96
520,99	1632,23
521,20	1710,05
521,40	1638,38
521,61	1626,09
521,82	1634,28
522,03	1634,28
522,23	1671,14
522,44	1665,00
522,65	1665,00
522,85	1646,57
523,06	1638,38
523,27	1585,13
523,48	1691,62
523,68	1656,81
523,89	1634,28
524,10	1632,23
524,30	1595,37
524,51	1724,39
524,72	1615,85
524,93	1646,57
525,13	1630,18
525,34	1597,42
525,55	1648,61
525,75	1697,77
525,96	1728,49
526,17	1640,42
526,37	1679,33
526,58	1740,77
526,79	1615,85
526,99	1648,61
527,20	1671,14
527,41	1677,29
527,62	1712,10
527,82	1585,13
528,03	1564,65
528,24	1683,43
528,44	1636,33
528,65	1662,95
528,86	1730,53
529,06	1601,51
529,27	1679,33
529,48	1720,29
529,68	1755,11
529,89	1718,25
530,10	1685,48
530,30	1640,42
530,51	1646,57
530,72	1673,19
530,92	1671,14
531,13	1662,95
531,34	1679,33
531,54	1585,13
531,75	1675,24
531,96	1798,12
532,16	1691,62
532,37	1763,30
532,57	1714,15
532,78	1640,42
532,99	1705,96
533,19	1794,02
533,40	1679,33
533,61	1632,23
533,81	1744,87
534,02	1656,81
534,23	1722,34
534,43	1693,67
534,64	1705,96
534,84	1665,00
535,05	1642,47
535,26	1695,72
535,46	1732,58
535,67	1726,44
535,88	1630,18
536,08	1615,85
536,29	1738,73
536,49	1699,81
536,70	1656,81
536,91	1593,32
537,11	1730,53
537,32	1613,80
537,53	1697,77
537,73	1748,97
537,94	1654,76
538,14	1724,39
538,35	1642,47
538,56	1773,54
538,76	1683,43
538,97	1669,09
539,17	1671,14
539,38	1785,83
539,59	1697,77
539,79	1660,90
540,00	1763,30
540,20	1757,16
540,41	1615,85
540,62	1710,05
540,82	1658,85
541,03	1710,05
541,23	1671,14
541,44	1662,95
541,64	1685,48
541,85	1683,43
542,06	1667,05
542,26	1636,33
542,47	1617,90
542,67	1738,73
542,88	1705,96
543,08	1720,29
543,29	1675,24
543,50	1742,82
543,70	1730,53
543,91	1765,35
544,11	1744,87
544,32	1728,49
544,52	1708,01
544,73	1578,98
544,94	1685,48
545,14	1595,37
545,35	1710,05
545,55	1699,81
545,76	1728,49
545,96	1708,01
546,17	1628,14
546,37	1728,49
546,58	1703,91
546,78	1734,63
546,99	1662,95
547,20	1761,25
547,40	1660,90
547,61	1736,68
547,81	1695,72
548,02	1714,15
548,22	1785,83
548,43	1800,16
548,63	1685,48
548,84	1775,59
549,04	1693,67
549,25	1720,29
549,45	1638,38
549,66	1775,59
549,86	1673,19
550,07	1679,33
550,27	1738,73
550,48	1736,68
550,69	1777,64
550,89	1779,68
551,10	1710,05
551,30	1773,54
551,51	1693,67
551,71	1677,29
551,92	1808,36
552,12	1693,67
552,33	1705,96
552,53	1689,57
552,74	1748,97
552,94	1716,20
553,15	1675,24
553,35	1798,12
553,56	1763,30
553,76	1712,10
553,97	1742,82
554,17	1722,34
554,38	1767,40
554,58	1714,15
554,79	1685,48
554,99	1654,76
555,19	1763,30
555,40	1710,05
555,60	1816,55
555,81	1724,39
556,01	1826,79
556,22	1720,29
556,42	1648,61
556,63	1730,53
556,83	1722,34
557,04	1693,67
557,24	1804,26
557,45	1667,05
557,65	1755,11
557,86	1779,68
558,06	1720,29
558,27	1798,12
558,47	1722,34
558,67	1779,68
558,88	1720,29
559,08	1744,87
559,29	1742,82
559,49	1716,20
559,70	1748,97
559,90	1675,24
560,11	1730,53
560,31	1699,81
560,52	1697,77
560,72	1798,12
560,92	1785,83
561,13	1718,25
561,33	1800,16
561,54	1763,30
561,74	1757,16
561,95	1718,25
562,15	1732,58
562,35	1730,53
562,56	1785,83
562,76	1621,99
562,97	1775,59
563,17	1740,77
563,38	1769,44
563,58	1781,73
563,78	1753,06
563,99	1798,12
564,19	1660,90
564,40	1771,49
564,60	1744,87
564,80	1736,68
565,01	1726,44
565,21	1728,49
565,42	1765,35
565,62	1785,83
565,83	1796,07
566,03	1763,30
566,23	1640,42
566,44	1859,56
566,64	1728,49
566,85	1669,09
567,05	1794,02
567,25	1732,58
567,46	1785,83
567,66	1677,29
567,86	1654,76
568,07	1732,58
568,27	1794,02
568,48	1644,52
568,68	1732,58
568,88	1738,73
569,09	1751,01
569,29	1744,87
569,50	1697,77
569,70	1660,90
569,90	1742,82
570,11	1787,88
570,31	1695,72
570,51	1802,21
570,72	1685,48
570,92	1746,92
571,13	1742,82
571,33	1652,71
571,53	1755,11
571,74	1828,84
571,94	1753,06
572,14	1746,92
572,35	1640,42
572,55	1796,07
572,75	1671,14
572,96	1806,31
573,16	1746,92
573,36	1726,44
573,57	1753,06
573,77	1736,68
573,97	1746,92
574,18	1648,61
574,38	1710,05
574,59	1791,97
574,79	1720,29
574,99	1671,14
575,20	1744,87
575,40	1701,86
575,60	1736,68
575,81	1757,16
576,01	1767,40
576,21	1701,86
576,42	1718,25
576,62	1755,11
576,82	1689,57
577,02	1724,39
577,23	1705,96
577,43	1742,82
577,63	1665,00
577,84	1656,81
578,04	1685,48
578,24	1705,96
578,45	1640,42
578,65	1638,38
578,85	1722,34
579,06	1828,84
579,26	1796,07
579,46	1716,20
579,67	1722,34
579,87	1800,16
580,07	1775,59
580,27	1732,58
580,48	1728,49
580,68	1748,97
580,88	1683,43
581,09	1761,25
581,29	1712,10
581,49	1755,11
581,69	1675,24
581,90	1665,00
582,10	1755,11
582,30	1576,94
582,51	1697,77
582,71	1718,25
582,91	1824,74
583,11	1755,11
583,32	1787,88
583,52	1720,29
583,72	1638,38
583,93	1695,72
584,13	1712,10
584,33	1802,21
584,53	1679,33
584,74	1697,77
584,94	1736,68
585,14	1740,77
585,34	1689,57
585,55	1720,29
585,75	1712,10
585,95	1736,68
586,15	1722,34
586,36	1724,39
586,56	1744,87
586,76	1863,65
586,96	1763,30
587,17	1685,48
587,37	1751,01
587,57	1716,20
587,77	1767,40
587,98	1796,07
588,18	1695,72
588,38	1732,58
588,58	1726,44
588,79	1806,31
588,99	1683,43
589,19	1818,60
589,39	1777,64
589,60	1763,30
589,80	1722,34
590,00	1783,78
590,20	1699,81
590,40	1716,20
590,61	1757,16
590,81	1748,97
591,01	1728,49
591,21	1834,98
591,42	1724,39
591,62	1734,63
591,82	1771,49
592,02	1796,07
592,22	1832,93
592,43	1789,92
592,63	1794,02
592,83	1755,11
593,03	1802,21
593,23	1777,64
593,44	1771,49
593,64	1728,49
593,84	1763,30
594,04	1798,12
594,24	1675,24
594,45	1769,44
594,65	1771,49
594,85	1837,03
595,05	1697,77
595,25	1802,21
595,46	1834,98
595,66	1753,06
595,86	1810,40
596,06	1804,26
596,26	1703,91
596,46	1814,50
596,67	1892,32
596,87	1779,68
597,07	1787,88
597,27	1785,83
597,47	1687,53
597,67	1890,28
597,88	1746,92
598,08	1873,89
598,28	1800,16
598,48	1794,02
598,68	1744,87
598,88	1849,32
599,09	1789,92
599,29	1720,29
599,49	1802,21
599,69	1912,80
599,89	1820,64
600,09	1810,40
600,30	1822,69
600,50	1830,88
600,70	1861,60
600,90	1863,65
601,10	1834,98
601,30	1859,56
601,50	1880,04
601,71	1818,60
601,91	1845,22
602,11	1746,92
602,31	1845,22
602,51	1822,69
602,71	1789,92
602,91	1869,80
603,11	1843,17
603,32	1843,17
603,52	1839,08
603,72	1906,66
603,92	1822,69
604,12	1781,73
604,32	1898,47
604,52	1875,94
604,72	1828,84
604,93	1875,94
605,13	1918,95
605,33	1978,34
605,53	1802,21
605,73	1828,84
605,93	1834,98
606,13	1873,89
606,33	1843,17
606,53	1929,19
606,74	1800,16
606,94	1873,89
607,14	1871,84
607,34	1853,41
607,54	1816,55
607,74	1820,64
607,94	1832,93
608,14	1949,67
608,34	1847,27
608,54	1945,57
608,74	1832,93
608,95	1863,65
609,15	1925,09
609,35	1822,69
609,55	1925,09
609,75	1912,80
609,95	1884,13
610,15	1839,08
610,35	1937,38
610,55	1832,93
610,75	1896,42
610,95	1976,29
611,15	1849,32
611,35	1961,95
611,55	1906,66
611,76	1830,88
611,96	1941,47
612,16	1910,75
612,36	1855,46
612,56	1910,75
612,76	1918,95
612,96	1888,23
613,16	1933,28
613,36	1888,23
613,56	1886,18
613,76	1781,73
613,96	1875,94
614,16	1818,60
614,36	1900,52
614,56	1865,70
614,76	1992,67
614,96	1937,38
615,16	1841,12
615,36	1839,08
615,56	1837,03
615,76	1966,05
615,97	1886,18
616,17	1812,45
616,37	1871,84
616,57	1869,80
616,77	1884,13
616,97	1925,09
617,17	1902,56
617,37	1949,67
617,57	1894,37
617,77	1941,47
617,97	1943,52
618,17	1781,73
618,37	1951,71
618,57	1914,85
618,77	1959,91
618,97	1906,66
619,17	1890,28
619,37	1892,32
619,57	1890,28
619,77	1863,65
619,97	1937,38
620,17	1984,48
620,37	1951,71
620,57	1832,93
620,77	1972,19
620,97	1886,18
621,17	1910,75
621,37	1918,95
621,57	2009,06
621,77	1918,95
621,97	1974,24
622,17	1906,66
622,37	1966,05
622,57	2007,01
622,77	1886,18
622,97	1906,66
623,17	1851,36
623,37	1937,38
623,57	1990,63
623,77	1980,39
623,97	1886,18
624,16	1820,64
624,36	1972,19
624,56	1810,40
624,76	1978,34
624,96	1894,37
625,16	1949,67
625,36	1914,85
625,56	1882,08
625,76	1890,28
625,96	1906,66
626,16	1863,65
626,36	1929,19
626,56	1996,77
626,76	1970,15
626,96	1929,19
627,16	1880,04
627,36	1845,22
627,56	1986,53
627,76	1916,90
627,96	1875,94
628,16	1927,14
628,35	1890,28
628,55	1882,08
628,75	1937,38
628,95	1910,75
629,15	2027,49
629,35	1890,28
629,55	1916,90
629,75	1945,57
629,95	1943,52
630,15	1976,29
630,35	1935,33
630,55	1939,43
630,75	1978,34
630,95	1904,61
631,14	1925,09
631,34	1904,61
631,54	1937,38
631,74	1912,80
631,94	1933,28
632,14	1890,28
632,34	1927,14
632,54	1970,15
632,74	1925,09
632,94	1873,89
633,14	1970,15
633,33	1851,36
633,53	1955,81
633,73	2033,63
633,93	1884,13
634,13	1968,10
634,33	1910,75
634,53	1912,80
634,73	1976,29
634,93	1980,39
635,12	1961,95
635,32	2007,01
635,52	1933,28
635,72	1869,80
635,92	2002,91
636,12	2009,06
636,32	1959,91
636,52	1929,19
636,71	1955,81
636,91	2082,78
637,11	1964,00
637,31	1970,15
637,51	1923,04
637,71	2166,75
637,91	2000,87
638,11	2017,25
638,30	1914,85
638,50	1986,53
638,70	2013,15
638,90	2029,54
639,10	1951,71
639,30	1910,75
639,50	1914,85
639,69	1957,86
639,89	1966,05
640,09	2050,02
640,29	2072,54
640,49	2017,25
640,69	2037,73
640,88	1931,23
641,08	1949,67
641,28	1992,67
641,48	1992,67
641,68	1900,52
641,88	1949,67
642,07	2031,58
642,27	1984,48
642,47	2047,97
642,67	2004,96
642,87	2047,97
643,07	2056,16
643,26	2017,25
643,46	2043,87
643,66	1966,05
643,86	2056,16
644,06	1996,77
644,26	2031,58
644,45	2039,78
644,65	2031,58
644,85	2050,02
645,05	2019,30
645,25	2146,27
645,44	1988,58
645,64	2072,54
645,84	1998,82
646,04	1959,91
646,24	2021,35
646,43	2052,06
646,63	2064,35
646,83	2050,02
647,03	2109,41
647,23	2035,68
647,42	2041,82
647,62	2064,35
647,82	2033,63
648,02	1964,00
648,22	2060,26
648,41	2004,96
648,61	1986,53
648,81	2064,35
649,01	1994,72
649,20	2105,31
649,40	1996,77
649,60	2125,79
649,80	2064,35
650,00	2017,25
650,19	2052,06
650,39	2088,93
650,59	2115,55
650,79	2088,93
650,98	2031,58
651,18	2084,83
651,38	2101,22
651,58	2187,23
651,77	2058,21
651,97	2140,13
652,17	2093,02
652,37	2142,18
652,56	2187,23
652,76	2283,49
652,96	2306,01
653,16	2277,34
653,35	2240,48
653,55	2344,92
653,75	2179,04
653,95	2465,75
654,14	2379,74
654,34	2486,23
654,54	2666,46
654,74	2838,48
654,93	3139,54
655,13	3964,87
655,33	6406,05
655,52	10633,05
655,72	15251,22
655,92	19930,83
656,12	23596,70
656,31	27498,08
656,51	30410,29
656,71	33431,04
656,91	36070,87
657,10	38098,36
657,30	39988,64
657,50	41606,53
657,69	43208,04
657,89	44905,81
658,09	45200,72
658,29	45940,04
658,48	46923,06
658,68	47852,84
658,88	48948,50
659,07	49270,03
659,27	49485,07
659,47	50070,79
659,66	50507,01
659,86	50932,98
660,06	50918,65
660,26	51500,27
660,45	52081,89
660,65	51600,62
660,85	52276,45
661,04	52645,08
661,24	52939,99
661,44	52714,72
661,63	53587,15
661,83	53232,85
662,03	53046,49
662,22	53576,91
662,42	53019,86
662,62	52724,96
662,81	53021,91
663,01	53212,37
663,21	53253,33
663,40	52864,22
663,60	52784,35
663,80	50861,30
663,99	48289,06
664,19	43226,48
664,39	38639,03
664,58	34391,54
664,78	31118,89
664,98	27954,77
665,17	25509,50
665,37	22994,59
665,57	20637,38
665,76	18446,05
665,96	16584,45
666,16	14606,11
666,35	12734,27
666,55	10129,25
666,74	7880,58
666,94	6219,68
667,14	4599,74
667,33	3817,41
667,53	3313,61
667,73	2750,42
667,92	2547,67
668,12	2398,17
668,32	2389,98
668,51	2207,71
668,71	2152,42
668,90	2070,50
669,10	2097,12
669,30	2037,73
669,49	1992,67
669,69	2060,26
669,89	1970,15
670,08	1886,18
670,28	2090,98
670,47	2007,01
670,67	1959,91
670,87	2017,25
671,06	1916,90
671,26	1914,85
671,45	1964,00
671,65	1931,23
671,85	1871,84
672,04	1931,23
672,24	1937,38
672,43	1920,99
672,63	1966,05
672,83	1867,75
673,02	1886,18
673,22	1857,51
673,41	1824,74
673,61	1851,36
673,81	1822,69
674,00	1933,28
674,20	1839,08
674,39	1822,69
674,59	1845,22
674,78	1814,50
674,98	2002,91
675,18	1826,79
675,37	1896,42
675,57	1806,31
675,76	1972,19
675,96	1925,09
676,15	1888,23
676,35	1851,36
676,55	1818,60
676,74	1953,76
676,94	1804,26
677,13	1867,75
677,33	1855,46
677,52	1908,71
677,72	1867,75
677,91	1884,13
678,11	1843,17
678,31	1845,22
678,50	1900,52
678,70	1746,92
678,89	1839,08
679,09	1871,84
679,28	1806,31
679,48	1847,27
679,67	1785,83
679,87	1843,17
680,06	1816,55
680,26	1880,04
680,46	1875,94
680,65	1861,60
680,85	1855,46
681,04	1769,44
681,24	1687,53
681,43	1839,08
681,63	1824,74
681,82	1789,92
682,02	1751,01
682,21	1884,13
682,41	1791,97
682,60	1785,83
682,80	1900,52
682,99	1822,69
683,19	1877,99
683,38	1800,16
683,58	1810,40
683,77	1781,73
683,97	1763,30
684,16	1787,88
684,36	1771,49
684,55	1746,92
684,75	1695,72
684,94	1826,79
685,14	1796,07
685,33	1763,30
685,53	1794,02
685,72	1765,35
685,92	1775,59
686,11	1730,53
686,31	1798,12
686,50	1738,73
686,70	1740,77
686,89	1800,16
687,09	1742,82
687,28	1818,60
687,48	1705,96
687,67	1753,06
687,87	1796,07
688,06	1744,87
688,26	1789,92
688,45	1718,25
688,65	1771,49
688,84	1759,21
689,03	1619,94
689,23	1708,01
689,42	1761,25
689,62	1779,68
689,81	1781,73
690,01	1748,97
690,20	1744,87
690,40	1718,25
690,59	1794,02
690,79	1742,82
690,98	1773,54
691,17	1863,65
691,37	1730,53
691,56	1771,49
691,76	1781,73
691,95	1726,44
692,15	1691,62
692,34	1748,97
692,54	1726,44
692,73	1722,34
692,92	1804,26
693,12	1714,15
693,31	1767,40
693,51	1826,79
693,70	1738,73
693,90	1785,83
694,09	1738,73
694,28	1775,59
694,48	1794,02
694,67	1804,26
694,87	1693,67
695,06	1834,98
695,26	1861,60
695,45	1785,83
695,64	1843,17
695,84	1867,75
696,03	1720,29
696,23	1837,03
696,42	1818,60
696,61	1777,64
696,81	1775,59
697,00	1726,44
697,20	1886,18
697,39	1824,74
697,58	1777,64
697,78	1828,84
697,97	1857,51
698,17	1773,54
698,36	1779,68
698,55	1748,97
698,75	1923,04
698,94	1810,40
699,14	1820,64
699,33	1771,49
699,52	1800,16
699,72	1824,74
699,91	1781,73
700,10	1753,06
700,30	1761,25
700,49	1802,21
700,69	1812,45
700,88	1734,63
701,07	1781,73
701,27	1824,74
701,46	1959,91
701,65	1761,25
701,85	1783,78
702,04	1884,13
702,23	1814,50
702,43	1773,54
702,62	1791,97
702,82	1916,90
703,01	1828,84
703,20	1853,41
703,40	1826,79
703,59	1810,40
703,78	1888,23
703,98	1867,75
704,17	1855,46
704,36	1857,51
704,56	1818,60
704,75	1808,36
704,94	1812,45
705,14	1871,84
705,33	1959,91
705,52	1920,99
705,72	1828,84
705,91	1806,31
706,10	1857,51
706,30	1927,14
706,49	1845,22
706,68	1916,90
706,88	1945,57
707,07	1877,99
707,26	1906,66
707,46	1892,32
707,65	1992,67
707,84	1822,69
708,04	1779,68
708,23	1968,10
708,42	1894,37
708,62	1886,18
708,81	1839,08
709,00	1947,62
709,19	1931,23
709,39	1806,31
709,58	1892,32
709,77	1933,28
709,97	1875,94
710,16	1947,62
710,35	1964,00
710,55	1896,42
710,74	1972,19
710,93	1906,66
711,12	1920,99
711,32	1830,88
711,51	1982,43
711,70	1843,17
711,90	1890,28
712,09	1896,42
712,28	1916,90
712,47	1949,67
712,67	1859,56
712,86	1949,67
713,05	1892,32
713,24	1900,52
713,44	1984,48
713,63	1955,81
713,82	1935,33
714,02	1972,19
714,21	1949,67
714,40	1890,28
714,59	1902,56
714,79	1845,22
714,98	1912,80
715,17	1931,23
715,36	1916,90
715,56	1972,19
715,75	1898,47
715,94	1937,38
716,13	1929,19
716,33	1918,95
716,52	1898,47
716,71	1943,52
716,90	1884,13
717,10	1863,65
717,29	1920,99
717,48	1900,52
717,67	1908,71
717,87	1935,33
718,06	1867,75
718,25	1857,51
718,44	1863,65
718,63	1861,60
718,83	1781,73
719,02	1855,46
719,21	1875,94
719,40	1839,08
719,60	1900,52
719,79	1841,12
719,98	1908,71
720,17	1877,99
720,36	1871,84
720,56	1896,42
720,75	1910,75
720,94	1906,66
721,13	1920,99
721,33	1920,99
721,52	1900,52
721,71	1863,65
721,90	1937,38
722,09	1904,61
722,29	1937,38
722,48	1853,41
722,67	1843,17
722,86	1880,04
723,05	1863,65
723,24	1873,89
723,44	1888,23
723,63	1867,75
723,82	1892,32
724,01	1880,04
724,20	1941,47
724,40	1789,92
724,59	1886,18
724,78	1834,98
724,97	1908,71
725,16	1912,80
725,35	1906,66
725,55	1796,07
725,74	1927,14
725,93	1941,47
726,12	1810,40
726,31	2052,06
726,51	1939,43
726,70	1949,67
726,89	1941,47
727,08	1898,47
727,27	1916,90
727,46	1920,99
727,65	1931,23
727,85	1916,90
728,04	1863,65
728,23	1873,89
728,42	1904,61
728,61	1923,04
728,80	1890,28
729,00	1890,28
729,19	1923,04
729,38	1947,62
729,57	1990,63
729,76	1822,69
729,95	1972,19
730,14	1955,81
730,33	1890,28
730,53	1939,43
730,72	1951,71
730,91	1896,42
731,10	1966,05
731,29	2123,74
731,48	2004,96
731,67	1947,62
731,86	1863,65
732,06	1972,19
732,25	1966,05
732,44	1994,72
732,63	1904,61
732,82	2025,44
733,01	2029,54
733,20	1867,75
733,39	1892,32
733,59	1927,14
733,78	2037,73
733,97	2090,98
734,16	2009,06
734,35	2007,01
734,54	2068,45
734,73	1976,29
734,92	1996,77
735,11	2060,26
735,30	1941,47
735,49	1937,38
735,69	2060,26
735,88	2025,44
736,07	1984,48
736,26	2043,87
736,45	1933,28
736,64	1910,75
736,83	2004,96
737,02	1953,76
737,21	2031,58
737,40	1959,91
737,59	2119,65
737,78	1990,63
737,98	1986,53
738,17	1986,53
738,36	2095,07
738,55	1980,39
738,74	2000,87
738,93	1992,67
739,12	1955,81
739,31	1994,72
739,50	1949,67
739,69	2072,54
739,88	1929,19
740,07	1945,57
740,26	2093,02
740,45	2117,60
740,64	2072,54
740,83	2084,83
741,02	1955,81
741,22	1984,48
741,41	2101,22
741,60	2105,31
741,79	2054,11
741,98	2015,20
742,17	2017,25
742,36	2004,96
742,55	1980,39
742,74	2199,52
742,93	2041,82
743,12	1953,76
743,31	1984,48
743,50	2017,25
743,69	2062,30
743,88	2131,94
744,07	2013,15
744,26	2191,33
744,45	2009,06
744,64	2054,11
744,83	2007,01
745,02	2015,20
745,21	2058,21
745,40	2045,92
745,59	2086,88
745,78	1959,91
745,97	2070,50
746,16	2017,25
746,35	1976,29
746,54	1982,43
746,73	1916,90
746,92	2035,68
747,11	2009,06
747,30	2080,74
747,49	2035,68
747,68	2133,98
747,87	1916,90
748,06	1980,39
748,25	1986,53
748,44	2056,16
748,63	2072,54
748,82	1923,04
749,01	1976,29
749,20	1935,33
749,39	1986,53
749,58	1931,23
749,77	2117,60
749,96	1910,75
750,15	2070,50
750,34	2074,59
750,53	1990,63
750,72	1904,61
750,91	2076,64
751,10	2013,15
751,29	1959,91
751,48	1884,13
751,67	2015,20
751,86	1929,19
752,04	2082,78
752,23	2025,44
752,42	2009,06
752,61	2031,58
752,80	1974,24
752,99	1912,80
753,18	1941,47
753,37	1945,57
753,56	1925,09
753,75	1986,53
753,94	1873,89
754,13	2029,54
754,32	1959,91
754,51	1912,80
754,70	1951,71
754,89	1953,76
755,08	2021,35
755,27	1970,15
755,45	1980,39
755,64	1865,70
755,83	1951,71
756,02	2023,39
756,21	1941,47
756,40	1980,39
756,59	1865,70
756,78	1845,22
756,97	1941,47
757,16	1826,79
757,35	1959,91
757,54	1880,04
757,72	1869,80
757,91	1783,78
758,10	1910,75
758,29	1841,12
758,48	1888,23
758,67	1855,46
758,86	1736,68
759,05	1822,69
759,24	1798,12
759,43	1751,01
759,61	1755,11
759,80	1783,78
759,99	1681,38
760,18	1720,29
760,37	1791,97
760,56	1753,06
760,75	1648,61
760,94	1789,92
761,13	1705,96
761,31	1712,10
761,50	1703,91
761,69	1687,53
761,88	1654,76
762,07	1609,70
762,26	1746,92
762,45	1640,42
762,64	1714,15
762,82	1667,05
763,01	1705,96
763,20	1691,62
763,39	1581,03
763,58	1648,61
763,77	1593,32
763,96	1675,24
764,14	1695,72
764,33	1720,29
764,52	1613,80
764,71	1714,15
764,90	1665,00
765,09	1726,44
765,27	1601,51
765,46	1634,28
765,65	1673,19
765,84	1718,25
766,03	1810,40
766,22	1699,81
766,41	1765,35
766,59	1697,77
766,78	1744,87
766,97	1773,54
767,16	1720,29
767,35	1712,10
767,54	1828,84
767,72	1748,97
767,91	1769,44
768,10	1771,49
768,29	1722,34
768,48	1853,41
768,66	1705,96
768,85	1791,97
769,04	1796,07
769,23	1806,31
769,42	1787,88
769,61	1804,26
769,79	1789,92
769,98	1837,03
770,17	1769,44
770,36	1865,70
770,55	1861,60
770,73	1837,03
770,92	1873,89
771,11	1900,52
771,30	1775,59
771,49	1843,17
771,67	1968,10
771,86	1802,21
772,05	1873,89
772,24	1877,99
772,42	1851,36
772,61	1871,84
772,80	1765,35
772,99	1828,84
773,18	1877,99
773,36	1943,52
773,55	1810,40
773,74	1910,75
773,93	1912,80
774,11	1849,32
774,30	1839,08
774,49	1875,94
774,68	1869,80
774,87	1867,75
775,05	1837,03
775,24	1802,21
775,43	1980,39
775,62	1906,66
775,80	1783,78
775,99	1832,93
776,18	1884,13
776,37	1877,99
776,55	1789,92
776,74	1826,79
776,93	1798,12
777,12	1968,10
777,30	1808,36
777,49	1804,26
777,68	1871,84
777,87	1849,32
778,05	1738,73
778,24	1765,35
778,43	1853,41
778,62	1810,40
778,80	1830,88
778,99	1900,52
779,18	1808,36
779,36	1849,32
779,55	1814,50
779,74	1824,74
779,93	1867,75
780,11	1871,84
780,30	1742,82
780,49	1890,28
780,68	1816,55
780,86	1875,94
781,05	1814,50
781,24	1925,09
781,42	1824,74
781,61	1769,44
781,80	1753,06
781,98	1802,21
782,17	1865,70
782,36	1843,17
782,55	1789,92
782,73	1775,59
782,92	1810,40
783,11	1781,73
783,29	1765,35
783,48	1791,97
783,67	1832,93
783,85	1837,03
784,04	1794,02
784,23	1845,22
784,42	1855,46
784,60	1744,87
784,79	1834,98
784,98	1830,88
785,16	1736,68
785,35	1796,07
785,54	1830,88
785,72	1839,08
785,91	1865,70
786,10	1773,54
786,28	1755,11
786,47	1767,40
786,66	1710,05
786,84	1855,46
787,03	1884,13
787,22	1820,64
787,40	1695,72
787,59	1810,40
787,78	1763,30
787,96	1847,27
788,15	1736,68
788,34	1787,88
788,52	1871,84
788,71	1794,02
788,89	1771,49
789,08	1710,05
789,27	1820,64
789,45	1804,26
789,64	1753,06
789,83	1742,82
790,01	1714,15
790,20	1806,31
790,39	1724,39
790,57	1765,35
790,76	1730,53
790,95	1716,20
791,13	1824,74
791,32	1759,21
791,50	1886,18
791,69	1777,64
791,88	1736,68
792,06	1877,99
792,25	1849,32
792,43	1675,24
792,62	1763,30
792,81	1728,49
792,99	1701,86
793,18	1726,44
793,37	1769,44
793,55	1828,84
793,74	1779,68
793,92	1740,77
794,11	1761,25
794,30	1742,82
794,48	1755,11
794,67	1742,82
794,85	1708,01
795,04	1695,72
795,23	1753,06
795,41	1699,81
795,60	1742,82
795,78	1718,25
795,97	1773,54
796,15	1777,64
796,34	1800,16
796,53	1722,34
796,71	1726,44
796,90	1738,73
797,08	1791,97
797,27	1830,88
797,46	1636,33
797,64	1681,38
797,83	1781,73
798,01	1687,53
798,20	1822,69
798,38	1722,34
798,57	1667,05
798,76	1689,57
798,94	1658,85
799,13	1791,97
799,31	1699,81
799,50	1679,33
799,68	1648,61
799,87	1722,34
800,05	1699,81
800,24	1644,52
800,43	1662,95
800,61	1765,35
800,80	1740,77
800,98	1640,42
801,17	1708,01
801,35	1712,10
801,54	1689,57
801,72	1683,43
801,91	1798,12
802,09	1787,88
802,28	1736,68
802,46	1783,78
802,65	1742,82
802,84	1775,59
803,02	1730,53
803,21	1740,77
803,39	1675,24
803,58	1765,35
803,76	1736,68
803,95	1703,91
804,13	1640,42
804,32	1689,57
804,50	1777,64
804,69	1751,01
804,87	1769,44
805,06	1656,81
805,24	1681,38
805,43	1787,88
805,61	1720,29
805,80	1742,82
805,98	1712,10
806,17	1708,01
806,35	1607,66
806,54	1765,35
806,72	1708,01
806,91	1740,77
807,09	1783,78
807,28	1703,91
807,46	1753,06
807,65	1806,31
807,83	1720,29
808,02	1673,19
808,20	1761,25
808,39	1701,86
808,57	1703,91
808,76	1732,58
808,94	1769,44
809,13	1746,92
809,31	1703,91
809,49	1712,10
809,68	1669,09
809,86	1699,81
810,05	1738,73
810,23	1761,25
810,42	1753,06
810,60	1685,48
810,79	1648,61
810,97	1646,57
811,16	1757,16
811,34	1689,57
811,53	1695,72
811,71	1574,89
811,89	1701,86
812,08	1673,19
812,26	1656,81
812,45	1636,33
812,63	1718,25
812,82	1742,82
813,00	1722,34
813,19	1638,38
813,37	1748,97
813,55	1648,61
813,74	1648,61
813,92	1714,15
814,11	1726,44
814,29	1519,59
814,48	1644,52
814,66	1744,87
814,84	1689,57
815,03	1574,89
815,21	1697,77
815,40	1695,72
815,58	1640,42
815,77	1699,81
815,95	1703,91
816,13	1642,47
816,32	1646,57
816,50	1708,01
816,69	1564,65
816,87	1589,22
817,05	1619,94
817,24	1720,29
817,42	1718,25
817,61	1595,37
817,79	1679,33
817,97	1677,29
818,16	1646,57
818,34	1652,71
818,53	1630,18
818,71	1736,68
818,89	1648,61
819,08	1587,18
819,26	1658,85
819,45	1609,70
819,63	1585,13
819,81	1609,70
820,00	1624,04
820,18	1611,75
820,36	1562,60
820,55	1648,61
820,73	1540,07
820,92	1607,66
821,10	1589,22
821,28	1570,79
821,47	1626,09
821,65	1576,94
821,83	1679,33
822,02	1626,09
822,20	1589,22
822,39	1624,04
822,57	1542,12
822,75	1587,18
822,94	1529,83
823,12	1564,65
823,30	1583,08
823,49	1728,49
823,67	1564,65
823,85	1669,09
824,04	1583,08
824,22	1581,03
824,40	1636,33
824,59	1667,05
824,77	1628,14
824,95	1638,38
825,14	1613,80
825,32	1621,99
825,50	1607,66
825,69	1568,74
825,87	1660,90
826,05	1576,94
826,24	1613,80
826,42	1683,43
826,60	1642,47
826,79	1578,98
826,97	1603,56
827,15	1621,99
827,34	1574,89
827,52	1527,78
827,70	1574,89
827,89	1556,46
828,07	1515,50
828,25	1593,32
828,44	1624,04
828,62	1546,22
828,80	1681,38
828,98	1650,66
829,17	1605,61
829,35	1654,76
829,53	1593,32
829,72	1576,94
829,90	1564,65
830,08	1531,88
830,27	1642,47
830,45	1619,94
830,63	1654,76
830,81	1589,22
831,00	1597,42
831,18	1578,98
831,36	1642,47
831,55	1609,70
831,73	1568,74
831,91	1560,55
832,09	1597,42
832,28	1648,61
832,46	1589,22
832,64	1652,71
832,82	1576,94
833,01	1605,61
833,19	1552,36
833,37	1572,84
833,55	1572,84
833,74	1560,55
833,92	1531,88
834,10	1538,02
834,29	1548,26
834,47	1546,22
834,65	1558,50
834,83	1517,54
835,02	1597,42
835,20	1505,26
835,38	1595,37
835,56	1597,42
835,75	1566,70
835,93	1572,84
836,11	1595,37
836,29	1562,60
836,47	1611,75
836,66	1619,94
836,84	1628,14
837,02	1546,22
837,20	1578,98
837,39	1558,50
837,57	1568,74
837,75	1597,42
837,93	1574,89
838,12	1540,07
838,30	1519,59
838,48	1544,17
838,66	1624,04
838,84	1560,55
839,03	1654,76
839,21	1572,84
839,39	1591,27
839,57	1628,14
839,75	1652,71
839,94	1505,26
840,12	1599,46
840,30	1587,18
840,48	1578,98
840,66	1585,13
840,85	1581,03
841,03	1474,54
841,21	1624,04
841,39	1658,85
841,57	1497,07
841,76	1611,75
841,94	1593,32
842,12	1540,07
842,30	1601,51
842,48	1570,79
842,67	1630,18
842,85	1648,61
843,03	1556,46
843,21	1556,46
843,39	1621,99
843,57	1501,16
843,76	1544,17
843,94	1564,65
844,12	1560,55
844,30	1554,41
844,48	1566,70
844,66	1640,42
844,85	1531,88
845,03	1583,08
845,21	1550,31
845,39	1605,61
845,57	1548,26
845,75	1603,56
845,94	1474,54
846,12	1572,84
846,30	1529,83
846,48	1525,74
846,66	1554,41
846,84	1509,35
847,02	1581,03
847,21	1566,70
847,39	1458,15
847,57	1564,65
847,75	1574,89
847,93	1488,87
848,11	1482,73
848,29	1525,74
848,48	1597,42
848,66	1540,07
848,84	1593,32
849,02	1503,21
849,20	1523,69
849,38	1593,32
849,56	1562,60
849,74	1607,66
849,93	1519,59
850,11	1478,63
850,29	1544,17
850,47	1562,60
850,65	1517,54
850,83	1441,77
851,01	1503,21
851,19	1503,21
851,37	1521,64
851,56	1495,02
851,74	1460,20
851,92	1431,53
852,10	1458,15
852,28	1591,27
852,46	1484,78
852,64	1509,35
852,82	1411,05
853,00	1415,15
853,18	1521,64
853,37	1513,45
853,55	1470,44
853,73	1503,21
853,91	1515,50
854,09	1509,35
854,27	1499,11
854,45	1521,64
854,63	1501,16
854,81	1474,54
854,99	1445,87
855,17	1409,00
855,35	1560,55
855,53	1507,30
855,72	1492,97
855,90	1476,59
856,08	1581,03
856,26	1507,30
856,44	1492,97
856,62	1368,04
856,80	1470,44
856,98	1484,78
857,16	1474,54
857,34	1562,60
857,52	1564,65
857,70	1560,55
857,88	1462,25
858,06	1480,68
858,24	1560,55
858,42	1593,32
858,60	1499,11
858,78	1495,02
858,96	1452,01
859,15	1519,59
859,33	1501,16
859,51	1523,69
859,69	1464,30
859,87	1449,96
860,05	1452,01
860,23	1517,54
860,41	1517,54
860,59	1486,83
860,77	1484,78
860,95	1472,49
861,13	1482,73
861,31	1466,35
861,49	1464,30
861,67	1517,54
861,85	1509,35
862,03	1519,59
862,21	1429,48
862,39	1482,73
862,57	1490,92
862,75	1445,87
862,93	1525,74
863,11	1576,94
863,29	1386,47
863,47	1523,69
863,65	1474,54
863,83	1482,73
864,01	1470,44
864,19	1439,72
864,37	1490,92
864,55	1435,63
864,73	1486,83
864,91	1540,07
865,09	1492,97
865,27	1464,30
865,45	1415,15
865,63	1525,74
865,81	1458,15
865,99	1462,25
866,17	1503,21
866,35	1458,15
866,53	1466,35
866,71	1523,69
866,89	1476,59
867,07	1439,72
867,24	1443,82
867,42	1452,01
867,60	1529,83
867,78	1466,35
867,96	1468,39
868,14	1488,87
868,32	1538,02
868,50	1499,11
868,68	1472,49
868,86	1521,64
869,04	1546,22
869,22	1495,02
869,40	1396,71
869,58	1495,02
869,76	1462,25
869,94	1447,91
870,12	1427,43
870,30	1458,15
870,48	1513,45
870,66	1527,78
870,83	1480,68
871,01	1474,54
871,19	1435,63
871,37	1394,67
871,55	1419,24
871,73	1445,87
871,91	1470,44
872,09	1492,97
872,27	1560,55
872,45	1472,49
872,63	1406,95
872,81	1427,43
872,98	1466,35
873,16	1458,15
873,34	1521,64
873,52	1443,82
873,70	1464,30
873,88	1425,39
874,06	1357,80
874,24	1538,02
874,42	1382,38
874,60	1417,19
874,78	1431,53
874,95	1527,78
875,13	1464,30
875,31	1439,72
875,49	1439,72
875,67	1449,96
875,85	1429,48
876,03	1456,11
876,21	1376,24
876,39	1411,05
876,56	1480,68
876,74	1386,47
876,92	1470,44
877,10	1540,07
877,28	1519,59
877,46	1314,80
877,64	1515,50
877,82	1484,78
877,99	1376,24
878,17	1421,29
878,35	1433,58
878,53	1466,35
878,71	1556,46
878,89	1396,71
879,07	1505,26
879,24	1376,24
879,42	1474,54
879,60	1466,35
879,78	1497,07
879,96	1404,91
880,14	1421,29
880,32	1423,34
880,49	1437,67
880,67	1417,19
880,85	1431,53
881,03	1503,21
881,21	1452,01
881,39	1454,06
881,56	1456,11
881,74	1406,95
881,92	1437,67
882,10	1443,82
882,28	1415,15
882,46	1488,87
882,63	1425,39
882,81	1384,43
882,99	1492,97
883,17	1441,77
883,35	1533,93
883,52	1449,96
883,70	1447,91
883,88	1398,76
884,06	1460,20
884,24	1413,10
884,42	1484,78
884,59	1427,43
884,77	1486,83
884,95	1478,63
885,13	1384,43
885,31	1419,24
885,48	1409,00
885,66	1437,67
885,84	1411,05
886,02	1474,54
886,20	1470,44
886,37	1470,44
886,55	1441,77
886,73	1439,72
886,91	1398,76
887,08	1402,86
887,26	1435,63
887,44	1419,24
887,62	1445,87
887,80	1458,15
887,97	1382,38
888,15	1484,78
888,33	1441,77
888,51	1431,53
888,68	1470,44
888,86	1425,39
889,04	1398,76
889,22	1382,38
889,40	1382,38
889,57	1392,62
889,75	1507,30
889,93	1429,48
890,11	1462,25
890,28	1499,11
890,46	1421,29
890,64	1380,33
890,82	1419,24
890,99	1439,72
891,17	1402,86
891,35	1409,00
891,53	1400,81
891,70	1468,39
891,88	1431,53
892,06	1495,02
892,24	1415,15
892,41	1380,33
892,59	1392,62
892,77	1458,15
892,94	1368,04
893,12	1435,63
893,30	1398,76
893,48	1435,63
893,65	1419,24
893,83	1380,33
894,01	1447,91
894,19	1353,71
894,36	1482,73
894,54	1415,15
894,72	1443,82
894,89	1353,71
895,07	1427,43
895,25	1402,86
895,43	1411,05
895,60	1425,39
895,78	1394,67
895,96	1396,71
896,13	1466,35
896,31	1359,85
896,49	1454,06
896,66	1404,91
896,84	1452,01
897,02	1443,82
897,20	1447,91
897,37	1400,81
897,55	1292,27
897,73	1378,28
897,90	1423,34
898,08	1441,77
898,26	1382,38
898,43	1478,63
898,61	1458,15
898,79	1445,87
898,96	1382,38
899,14	1341,42
899,32	1376,24
899,49	1282,03
899,67	1388,52
899,85	1435,63
900,02	1490,92
900,20	1374,19
900,38	1382,38
900,55	1413,10
900,73	1468,39
900,91	1363,95
901,08	1386,47
901,26	1421,29
901,44	1458,15
901,61	1417,19
901,79	1409,00
901,97	1456,11
902,14	1300,46
902,32	1456,11
902,50	1374,19
902,67	1388,52
902,85	1441,77
903,02	1351,66
903,20	1376,24
903,38	1316,84
903,55	1331,18
903,73	1376,24
903,91	1413,10
904,08	1400,81
904,26	1392,62
904,44	1470,44
904,61	1333,23
904,79	1449,96
904,96	1366,00
905,14	1396,71
905,32	1417,19
905,49	1359,85
905,67	1400,81
905,84	1331,18
906,02	1376,24
906,20	1413,10
906,37	1523,69
906,55	1376,24
906,73	1472,49
906,90	1372,14
907,08	1394,67
907,25	1398,76
907,43	1398,76
907,61	1388,52
907,78	1400,81
907,96	1394,67
908,13	1468,39
908,31	1409,00
908,48	1325,04
908,66	1404,91
908,84	1413,10
909,01	1384,43
909,19	1447,91
909,36	1386,47
909,54	1294,32
909,72	1355,76
909,89	1279,98
910,07	1355,76
910,24	1429,48
910,42	1419,24
910,59	1353,71
910,77	1345,52
910,95	1402,86
911,12	1439,72
911,30	1294,32
911,47	1392,62
911,65	1437,67
911,82	1329,13
912,00	1452,01
912,17	1384,43
912,35	1447,91
912,53	1398,76
912,70	1443,82
912,88	1372,14
913,05	1353,71
913,23	1384,43
913,40	1449,96
913,58	1409,00
913,75	1322,99
913,93	1335,28
914,10	1400,81
914,28	1376,24
914,46	1349,61
914,63	1290,22
914,81	1396,71
914,98	1363,95
915,16	1394,67
915,33	1449,96
915,51	1378,28
915,68	1439,72
915,86	1308,65
916,03	1331,18
916,21	1343,47
916,38	1404,91
916,56	1409,00
916,73	1368,04
916,91	1353,71
917,08	1374,19
917,26	1423,34
917,43	1406,95
917,61	1404,91
917,78	1337,32
917,96	1376,24
918,13	1275,88
918,31	1388,52
918,48	1363,95
918,66	1357,80
918,83	1425,39
919,01	1363,95
919,18	1370,09
919,36	1331,18
919,53	1449,96
919,71	1472,49
919,88	1386,47
920,06	1351,66
920,23	1320,94
920,41	1345,52
920,58	1353,71
920,76	1245,16
920,93	1359,85
921,11	1335,28
921,28	1290,22
921,45	1372,14
921,63	1368,04
921,80	1417,19
921,98	1366,00
922,15	1339,37
922,33	1347,56
922,50	1384,43
922,68	1386,47
922,85	1349,61
923,03	1351,66
923,20	1409,00
923,38	1341,42
923,55	1402,86
923,72	1366,00
923,90	1464,30
924,07	1413,10
924,25	1409,00
924,42	1437,67
924,60	1372,14
924,77	1314,80
924,95	1404,91
925,12	1329,13
925,29	1464,30
925,47	1394,67
925,64	1263,60
925,82	1310,70
925,99	1318,89
926,17	1413,10
926,34	1320,94
926,51	1347,56
926,69	1409,00
926,86	1353,71
927,04	1304,56
927,21	1359,85
927,38	1331,18
927,56	1376,24
927,73	1447,91
927,91	1355,76
928,08	1495,02
928,25	1380,33
928,43	1409,00
928,60	1247,21
928,78	1366,00
928,95	1343,47
929,12	1357,80
929,30	1335,28
929,47	1339,37
929,65	1327,08
929,82	1335,28
929,99	1325,04
930,17	1345,52
930,34	1329,13
930,52	1325,04
930,69	1384,43
930,86	1372,14
931,04	1339,37
931,21	1286,12
931,38	1368,04
931,56	1306,60
931,73	1357,80
931,91	1290,22
932,08	1322,99
932,25	1388,52
932,43	1351,66
932,60	1331,18
932,77	1294,32
932,95	1306,60
933,12	1347,56
933,29	1331,18
933,47	1370,09
933,64	1325,04
933,82	1300,46
933,99	1322,99
934,16	1294,32
934,34	1353,71
934,51	1255,40
934,68	1282,03
934,86	1372,14
935,03	1314,80
935,20	1286,12
935,38	1300,46
935,55	1302,51
935,72	1308,65
935,90	1255,40
936,07	1298,41
936,24	1253,36
936,42	1337,32
936,59	1327,08
936,76	1406,95
936,94	1337,32
937,11	1310,70
937,28	1314,80
937,46	1341,42
937,63	1310,70
937,80	1333,23
937,97	1353,71
938,15	1253,36
938,32	1331,18
938,49	1294,32
938,67	1355,76
938,84	1335,28
939,01	1318,89
939,19	1339,37
939,36	1337,32
939,53	1267,69
939,70	1286,12
939,88	1286,12
940,05	1339,37
940,22	1370,09
940,40	1308,65
940,57	1347,56
940,74	1296,36
940,92	1255,40
941,09	1318,89
941,26	1228,78
941,43	1329,13
941,61	1339,37
941,78	1251,31
941,95	1339,37
942,12	1353,71
942,30	1277,93
942,47	1361,90
942,64	1322,99
942,82	1394,67
942,99	1310,70
943,16	1271,79
943,33	1288,17
943,51	1243,12
943,68	1384,43
943,85	1263,60
944,02	1308,65
944,20	1316,84
944,37	1216,49
944,54	1363,95
944,71	1302,51
944,89	1329,13
945,06	1224,69
945,23	1255,40
945,40	1279,98
945,58	1277,93
945,75	1239,02
945,92	1327,08
946,09	1310,70
946,27	1230,83
946,44	1259,50
946,61	1376,24
946,78	1325,04
946,95	1249,26
947,13	1327,08
947,30	1288,17
947,47	1241,07
947,64	1306,60
947,82	1236,97
947,99	1310,70
948,16	1376,24
948,33	1329,13
948,50	1269,74
948,68	1347,56
948,85	1302,51
949,02	1329,13
949,19	1288,17
949,36	1345,52
949,54	1257,45
949,71	1357,80
949,88	1308,65
950,05	1302,51
950,22	1300,46
950,40	1310,70
950,57	1261,55
950,74	1339,37
950,91	1376,24
951,08	1282,03
951,26	1304,56
951,43	1310,70
951,60	1279,98
951,77	1345,52
951,94	1300,46
952,11	1304,56
952,29	1294,32
952,46	1318,89
952,63	1335,28
952,80	1267,69
952,97	1294,32
953,15	1318,89
953,32	1322,99
953,49	1220,59
953,66	1298,41
953,83	1230,83
954,00	1253,36
954,17	1277,93
954,35	1382,38
954,52	1157,10
954,69	1322,99
954,86	1325,04
955,03	1245,16
955,20	1308,65
955,38	1304,56
955,55	1300,46
955,72	1347,56
955,89	1269,74
956,06	1310,70
956,23	1335,28
956,40	1267,69
956,58	1273,84
956,75	1292,27
956,92	1253,36
957,09	1243,12
957,26	1294,32
957,43	1245,16
957,60	1284,08
957,77	1273,84
957,95	1282,03
958,12	1368,04
958,29	1327,08
958,46	1331,18
958,63	1249,26
958,80	1277,93
958,97	1351,66
959,14	1322,99
959,31	1333,23
959,49	1279,98
959,66	1261,55
959,83	1300,46
960,00	1306,60
960,17	1388,52
960,34	1320,94
960,51	1208,30
960,68	1337,32
960,85	1318,89
961,02	1292,27
961,20	1298,41
961,37	1234,93
961,54	1282,03
961,71	1380,33
961,88	1275,88
962,05	1218,54
962,22	1294,32
962,39	1273,84
962,56	1337,32
962,73	1265,64
962,90	1267,69
963,07	1325,04
963,24	1331,18
963,42	1267,69
963,59	1394,67
963,76	1282,03
963,93	1380,33
964,10	1292,27
964,27	1333,23
964,44	1300,46
964,61	1304,56
964,78	1322,99
964,95	1261,55
965,12	1298,41
965,29	1308,65
965,46	1292,27
965,63	1269,74
965,80	1318,89
965,97	1210,35
966,14	1279,98
966,31	1265,64
966,48	1316,84
966,66	1273,84
966,83	1290,22
967,00	1279,98
967,17	1277,93
967,34	1347,56
967,51	1314,80
967,68	1277,93
967,85	1277,93
968,02	1374,19
968,19	1259,50
968,36	1284,08
968,53	1314,80
968,70	1322,99
968,87	1232,88
969,04	1345,52
969,21	1325,04
969,38	1308,65
969,55	1298,41
969,72	1310,70
969,89	1306,60
970,06	1318,89
970,23	1263,60
970,40	1376,24
970,57	1331,18
970,74	1310,70
970,91	1271,79
971,08	1312,75
971,25	1267,69
971,42	1355,76
971,59	1294,32
971,76	1327,08
971,93	1296,36
972,10	1212,40
972,27	1308,65
972,44	1302,51
972,61	1308,65
972,78	1288,17
972,95	1298,41
973,12	1361,90
973,29	1286,12
973,46	1247,21
973,63	1320,94
973,80	1316,84
973,97	1265,64
974,14	1259,50
974,30	1304,56
974,47	1417,19
974,64	1308,65
974,81	1298,41
974,98	1406,95
975,15	1279,98
975,32	1314,80
975,49	1312,75
975,66	1265,64
975,83	1374,19
976,00	1310,70
976,17	1300,46
976,34	1300,46
976,51	1232,88
976,68	1327,08
976,85	1298,41
977,02	1277,93
977,19	1277,93
977,36	1261,55
977,52	1388,52
977,69	1320,94
977,86	1300,46
978,03	1290,22
978,20	1394,67
978,37	1314,80
978,54	1300,46
978,71	1310,70
978,88	1312,75
979,05	1263,60
979,22	1302,51
979,39	1345,52
979,56	1257,45
979,72	1265,64
979,89	1277,93
980,06	1314,80
980,23	1343,47
980,40	1253,36
980,57	1327,08
980,74	1187,82
980,91	1312,75
981,08	1263,60
981,25	1349,61
981,41	1359,85
981,58	1263,60
981,75	1232,88
981,92	1310,70
982,09	1325,04
982,26	1239,02
982,43	1241,07
982,60	1400,81
982,77	1251,31
982,93	1296,36
983,10	1239,02
983,27	1273,84
983,44	1302,51
983,61	1269,74
983,78	1282,03
983,95	1255,40
984,11	1255,40
984,28	1286,12
984,45	1253,36
984,62	1331,18
984,79	1245,16
984,96	1351,66
985,13	1314,80
985,30	1282,03
985,46	1302,51
985,63	1284,08
985,80	1325,04
985,97	1304,56
986,14	1304,56
986,31	1320,94
986,47	1263,60
986,64	1232,88
986,81	1316,84
986,98	1273,84
987,15	1267,69
987,32	1341,42
987,48	1306,60
987,65	1312,75
987,82	1296,36
987,99	1284,08
988,16	1507,30
988,33	1322,99
988,49	1325,04
988,66	1255,40
988,83	1239,02
989,00	1349,61
989,17	1263,60
989,34	1284,08
989,50	1273,84
989,67	1193,97
989,84	1267,69
990,01	1304,56
990,18	1265,64
990,34	1357,80
990,51	1282,03
990,68	1220,59
990,85	1275,88
991,02	1341,42
991,18	1275,88
991,35	1255,40
991,52	1366,00
991,69	1275,88
991,86	1333,23
992,02	1314,80
992,19	1228,78
992,36	1273,84
992,53	1298,41
992,69	1355,76
992,86	1327,08
993,03	1333,23
993,20	1228,78
993,37	1337,32
993,53	1273,84
993,70	1294,32
993,87	1241,07
994,04	1370,09
994,20	1210,35
994,37	1255,40
994,54	1282,03
994,71	1312,75
994,87	1366,00
995,04	1339,37
995,21	1314,80
995,38	1335,28
995,55	1304,56
995,71	1327,08
995,88	1277,93
996,05	1345,52
996,22	1347,56
996,38	1310,70
996,55	1273,84
996,72	1316,84
996,88	1402,86
997,05	1867,75
997,22	1306,60
997,39	1267,69
997,55	1335,28
997,72	1368,04
997,89	1269,74
998,06	1327,08
998,22	1236,97
998,39	1249,26
998,56	1228,78
998,73	1210,35
998,89	1314,80
999,06	1282,03
999,23	1351,66
999,39	1257,45
999,56	1273,84
999,73	1310,70
999,90	1286,12
1000,06	1349,61
1000,23	1249,26
1000,40	1320,94
1000,56	1277,93
1000,73	1294,32
1000,90	1277,93
1001,06	1265,64
1001,23	1249,26
1001,40	1366,00
1001,57	1267,69
1001,73	1327,08
1001,90	1290,22
1002,07	1232,88
1002,23	1318,89
1002,40	1335,28
1002,57	1325,04
1002,73	1286,12
1002,90	1271,79
1003,07	1304,56
1003,23	1202,16
1003,40	1267,69
1003,57	1239,02
1003,73	1320,94
1003,90	1249,26
1004,07	1249,26
1004,23	1294,32
1004,40	1230,83
1004,57	1298,41
1004,73	1308,65
1004,90	1261,55
1005,07	1351,66
1005,23	1314,80
1005,40	1234,93
1005,57	1271,79
1005,73	1308,65
1005,90	1269,74
1006,07	1423,34
1006,23	1236,97
1006,40	1304,56
1006,57	1269,74
1006,73	1208,30
1006,90	1267,69
1007,06	1300,46
1007,23	1300,46
1007,40	1286,12
1007,56	1273,84
1007,73	1294,32
1007,90	1282,03
1008,06	1269,74
1008,23	1316,84
1008,40	1279,98
1008,56	1265,64
1008,73	1236,97
1008,89	1292,27
1009,06	1310,70
1009,23	1261,55
1009,39	1257,45
1009,56	1314,80
1009,72	1327,08
1009,89	1300,46
1010,06	1331,18
1010,22	1341,42
1010,39	1257,45
1010,55	1306,60
1010,72	1275,88
1010,89	1273,84
1011,05	1310,70
1011,22	1232,88
1011,38	1245,16
1011,55	1234,93
1011,72	1314,80
1011,88	1259,50
1012,05	1255,40
1012,21	1284,08
1012,38	1236,97
1012,55	1368,04
1012,71	1239,02
1012,88	1284,08
1013,04	1271,79
1013,21	1296,36
1013,37	1245,16
1013,54	1310,70
1013,71	1347,56
1013,87	1243,12
1014,04	1390,57
1014,20	1322,99
1014,37	1273,84
1014,53	1327,08
1014,70	1302,51
1014,87	1298,41
1015,03	1308,65
1015,20	1269,74
1015,36	1187,82
1015,53	1218,54
1015,69	1294,32
1015,86	1337,32
1016,02	1343,47
1016,19	1421,29
1016,36	1193,97
1016,52	1249,26
1016,69	1273,84
1016,85	1292,27
1017,02	1304,56
1017,18	1224,69
1017,35	1286,12
1017,51	1265,64
1017,68	1294,32
1017,84	1210,35
1018,01	1267,69
1018,17	1372,14
1018,34	1335,28
1018,50	1226,73
1018,67	1261,55
1018,84	1277,93
1019,00	1218,54
1019,17	1234,93
1019,33	1302,51
1019,50	1327,08
1019,66	1357,80
1019,83	1322,99
1019,99	1329,13
1020,16	1249,26
1020,32	1290,22
1020,49	1294,32
1020,65	1232,88
1020,82	1308,65
1020,98	1261,55
1021,15	1306,60
1021,31	1341,42
1021,48	1308,65
1021,64	1263,60
1021,81	1320,94
1021,97	1206,25
1022,14	1275,88
1022,30	1316,84
1022,47	1290,22
1022,63	1263,60
1022,79	1337,32
1022,96	1284,08
1023,12	1298,41
1023,29	1294,32
1023,45	1376,24
1023,62	1288,17
1023,78	1335,28
1023,95	1294,32
1024,11	1226,73
1024,28	1253,36
1024,44	1310,70
1024,61	1214,45
1024,77	1236,97
1024,94	1306,60
1025,10	1294,32
1025,26	1249,26
1025,43	1261,55
1025,59	1269,74
1025,76	1265,64
1025,92	1304,56
1026,09	1265,64
1026,25	1335,28
1026,42	1175,53
1026,58	1265,64
1026,74	1292,27
1026,91	1220,59
1027,07	1312,75
1027,24	1345,52
1027,40	1288,17
1027,57	1243,12
1027,73	1228,78
1027,90	1359,85
1028,06	1275,88
1028,22	1224,69
1028,39	1290,22
1028,55	1259,50
1028,72	1220,59
1028,88	1392,62
1029,04	1247,21
1029,21	1312,75
1029,37	1314,80
1029,54	1308,65
1029,70	1216,49
1029,87	1302,51
1030,03	1187,82
1030,19	1296,36
1030,36	1353,71
1030,52	1327,08
1030,69	1239,02
1030,85	1282,03
1031,01	1275,88
1031,18	1310,70
1031,34	1286,12
1031,50	1294,32
1031,67	1204,21
1031,83	1312,75
1032,00	1265,64
1032,16	1320,94
1032,32	1300,46
1032,49	1294,32
1032,65	1308,65
1032,82	1271,79
1032,98	1226,73
1033,14	1298,41
1033,31	1318,89
1033,47	1390,57
1033,63	1230,83
1033,80	1279,98
1033,96	1210,35
1034,13	1269,74
1034,29	1300,46
1034,45	1304,56
1034,62	1257,45
1034,78	1341,42
1034,94	1279,98
1035,11	1325,04
1035,27	1247,21
1035,43	1286,12
1035,60	1310,70
1035,76	1337,32
1035,92	1198,06
1036,09	1263,60
1036,25	1288,17
1036,41	1251,31
1036,58	1316,84
1036,74	1302,51
1036,90	1310,70
1037,07	1298,41
1037,23	1224,69
1037,39	1310,70
1037,56	1308,65
1037,72	1269,74
1037,88	1222,64
1038,05	1247,21
1038,21	1327,08
1038,37	1251,31
1038,54	1294,32
1038,70	1310,70
1038,86	1306,60
1039,03	1290,22
1039,19	1267,69
1039,35	1251,31
1039,52	1290,22
1039,68	1228,78
1039,84	1267,69
1040,00	1251,31
1040,17	1337,32
1040,33	1286,12
1040,49	1257,45
1040,66	1226,73
1040,82	1275,88
1040,98	1251,31
1041,15	1218,54
1041,31	1279,98
1041,47	1253,36
1041,63	1296,36
1041,80	1259,50
1041,96	1304,56
1042,12	1290,22
1042,29	1273,84
1042,45	1228,78
1042,61	1208,30
1042,77	1296,36
1042,94	1269,74
1043,10	1347,56
1043,26	1232,88
1043,42	1286,12
1043,59	1251,31
1043,75	1228,78
1043,91	1302,51
1044,07	1310,70
1044,24	1241,07
1044,40	1273,84
