345,22	1279,98
345,44	1279,98
345,66	1279,98
345,88	1269,74
346,10	1230,83
346,32	1439,72
346,54	1411,05
346,75	1468,39
346,97	1331,18
347,19	1476,59
347,41	1406,95
347,63	1353,71
347,85	1394,67
348,07	1417,19
348,29	1540,07
348,51	1370,09
348,73	1419,24
348,95	1357,80
349,16	1376,24
349,38	1380,33
349,60	1409,00
349,82	1370,09
350,04	1368,04
350,26	1435,63
350,48	1447,91
350,70	1486,83
350,92	1429,48
351,14	1529,83
351,35	1390,57
351,57	1505,26
351,79	1497,07
352,01	1333,23
352,23	1419,24
352,45	1427,43
352,67	1492,97
352,89	1382,38
353,10	1427,43
353,32	1386,47
353,54	1409,00
353,76	1507,30
353,98	1435,63
354,20	1472,49
354,42	1462,25
354,64	1433,58
354,85	1513,45
355,07	1435,63
355,29	1476,59
355,51	1425,39
355,73	1343,47
355,95	1325,04
356,17	1425,39
356,38	1421,29
356,60	1466,35
356,82	1511,40
357,04	1343,47
357,26	1460,20
357,48	1513,45
357,69	1435,63
357,91	1421,29
358,13	1417,19
358,35	1501,16
358,57	1482,73
358,79	1499,11
359,01	1495,02
359,22	1409,00
359,44	1445,87
359,66	1535,98
359,88	1374,19
360,10	1386,47
360,32	1417,19
360,53	1441,77
360,75	1484,78
360,97	1464,30
361,19	1429,48
361,41	1556,46
361,62	1421,29
361,84	1468,39
362,06	1363,95
362,28	1388,52
362,50	1497,07
362,72	1452,01
362,93	1339,37
363,15	1386,47
363,37	1468,39
363,59	1390,57
363,81	1351,66
364,02	1439,72
364,24	1411,05
364,46	1507,30
364,68	1372,14
364,90	1546,22
365,11	1417,19
365,33	1505,26
365,55	1435,63
365,77	1419,24
365,99	1445,87
366,20	1531,88
366,42	1392,62
366,64	1392,62
366,86	1466,35
367,07	1388,52
367,29	1378,28
367,51	1390,57
367,73	1341,42
367,95	1468,39
368,16	1484,78
368,38	1490,92
368,60	1394,67
368,82	1374,19
369,03	1427,43
369,25	1509,35
369,47	1390,57
369,69	1392,62
369,91	1402,86
370,12	1425,39
370,34	1329,13
370,56	1454,06
370,78	1452,01
370,99	1476,59
371,21	1499,11
371,43	1431,53
371,65	1392,62
371,86	1435,63
372,08	1492,97
372,30	1439,72
372,52	1488,87
372,73	1394,67
372,95	1462,25
373,17	1392,62
373,39	1435,63
373,60	1429,48
373,82	1466,35
374,04	1419,24
374,26	1355,76
374,47	1476,59
374,69	1437,67
374,91	1392,62
375,12	1439,72
375,34	1376,24
375,56	1415,15
375,78	1484,78
375,99	1372,14
376,21	1499,11
376,43	1431,53
376,65	1449,96
376,86	1478,63
377,08	1400,81
377,30	1527,78
377,51	1421,29
377,73	1433,58
377,95	1372,14
378,17	1517,54
378,38	1458,15
378,60	1437,67
378,82	1535,98
379,03	1462,25
379,25	1388,52
379,47	1550,31
379,68	1396,71
379,90	1357,80
380,12	1447,91
380,34	1359,85
380,55	1462,25
380,77	1433,58
380,99	1411,05
381,20	1509,35
381,42	1427,43
381,64	1474,54
381,85	1437,67
382,07	1476,59
382,29	1478,63
382,50	1361,90
382,72	1439,72
382,94	1404,91
383,15	1427,43
383,37	1361,90
383,59	1523,69
383,80	1468,39
384,02	1501,16
384,24	1390,57
384,45	1505,26
384,67	1456,11
384,89	1376,24
385,10	1413,10
385,32	1460,20
385,54	1390,57
385,75	1433,58
385,97	1499,11
386,19	1515,50
386,40	1517,54
386,62	1400,81
386,84	1464,30
387,05	1411,05
387,27	1337,32
387,49	1415,15
387,70	1380,33
387,92	1495,02
388,14	1296,36
388,35	1345,52
388,57	1433,58
388,79	1499,11
389,00	1404,91
389,22	1425,39
389,43	1384,43
389,65	1474,54
389,87	1431,53
390,08	1439,72
390,30	1398,76
390,52	1529,83
390,73	1447,91
390,95	1394,67
391,17	1443,82
391,38	1550,31
391,60	1445,87
391,81	1443,82
392,03	1402,86
392,25	1452,01
392,46	1327,08
392,68	1484,78
392,89	1363,95
393,11	1370,09
393,33	1466,35
393,54	1417,19
393,76	1449,96
393,98	1452,01
394,19	1409,00
394,41	1374,19
394,62	1335,28
394,84	1458,15
395,06	1343,47
395,27	1386,47
395,49	1478,63
395,70	1505,26
395,92	1445,87
396,13	1447,91
396,35	1482,73
396,57	1411,05
396,78	1343,47
397,00	1433,58
397,21	1470,44
397,43	1474,54
397,65	1380,33
397,86	1515,50
398,08	1415,15
398,29	1486,83
398,51	1404,91
398,72	1513,45
398,94	1529,83
399,16	1474,54
399,37	1456,11
399,59	1439,72
399,80	1421,29
400,02	1398,76
400,23	1419,24
400,45	1470,44
400,67	1499,11
400,88	1484,78
401,10	1421,29
401,31	1366,00
401,53	1474,54
401,74	1411,05
401,96	1425,39
402,17	1396,71
402,39	1409,00
402,61	1490,92
402,82	1361,90
403,04	1535,98
403,25	1409,00
403,47	1470,44
403,68	1437,67
403,90	1456,11
404,11	1433,58
404,33	1411,05
404,54	1421,29
404,76	1409,00
404,97	1384,43
405,19	1521,64
405,41	1464,30
405,62	1503,21
405,84	1382,38
406,05	1466,35
406,27	1454,06
406,48	1486,83
406,70	1415,15
406,91	1501,16
407,13	1480,68
407,34	1449,96
407,56	1583,08
407,77	1413,10
407,99	1406,95
408,20	1585,13
408,42	1425,39
408,63	1433,58
408,85	1497,07
409,06	1443,82
409,28	1542,12
409,49	1419,24
409,71	1398,76
409,92	1468,39
410,14	1372,14
410,35	1591,27
410,57	1413,10
410,78	1429,48
411,00	1388,52
411,21	1470,44
411,43	1443,82
411,64	1486,83
411,86	1441,77
412,07	1470,44
412,29	1445,87
412,50	1419,24
412,72	1556,46
412,93	1523,69
413,15	1540,07
413,36	1409,00
413,58	1486,83
413,79	1353,71
414,01	1456,11
414,22	1476,59
414,43	1497,07
414,65	1533,93
414,86	1341,42
415,08	1370,09
415,29	1445,87
415,51	1425,39
415,72	1441,77
415,94	1368,04
416,15	1431,53
416,37	1443,82
416,58	1388,52
416,80	1427,43
417,01	1374,19
417,22	1462,25
417,44	1425,39
417,65	1454,06
417,87	1388,52
418,08	1558,50
418,30	1462,25
418,51	1501,16
418,73	1482,73
418,94	1441,77
419,15	1415,15
419,37	1478,63
419,58	1429,48
419,80	1433,58
420,01	1447,91
420,23	1439,72
420,44	1400,81
420,65	1488,87
420,87	1548,26
421,08	1490,92
421,30	1445,87
421,51	1449,96
421,73	1425,39
421,94	1419,24
422,15	1443,82
422,37	1462,25
422,58	1390,57
422,80	1425,39
423,01	1480,68
423,22	1439,72
423,44	1429,48
423,65	1468,39
423,87	1409,00
424,08	1507,30
424,29	1433,58
424,51	1427,43
424,72	1458,15
424,94	1427,43
425,15	1452,01
425,36	1529,83
425,58	1495,02
425,79	1515,50
426,01	1435,63
426,22	1447,91
426,43	1511,40
426,65	1394,67
426,86	1366,00
427,08	1470,44
427,29	1464,30
427,50	1400,81
427,72	1390,57
427,93	1462,25
428,14	1355,76
428,36	1466,35
428,57	1449,96
428,79	1507,30
429,00	1486,83
429,21	1527,78
429,43	1452,01
429,64	1501,16
429,85	1523,69
430,07	1474,54
430,28	1538,02
430,49	1413,10
430,71	1363,95
430,92	1460,20
431,14	1484,78
431,35	1452,01
431,56	1511,40
431,78	1449,96
431,99	1425,39
432,20	1449,96
432,42	1368,04
432,63	1513,45
432,84	1476,59
433,06	1462,25
433,27	1431,53
433,48	1474,54
433,70	1511,40
433,91	1558,50
434,12	1378,28
434,34	1533,93
434,55	1482,73
434,76	1460,20
434,98	1529,83
435,19	1474,54
435,40	1466,35
435,62	1421,29
435,83	1482,73
436,04	1529,83
436,26	1517,54
436,47	1415,15
436,68	1429,48
436,90	1433,58
437,11	1472,49
437,32	1445,87
437,54	1538,02
437,75	1466,35
437,96	1531,88
438,17	1527,78
438,39	1505,26
438,60	1478,63
438,81	1449,96
439,03	1593,32
439,24	1533,93
439,45	1597,42
439,67	1449,96
439,88	1511,40
440,09	1492,97
440,30	1535,98
440,52	1517,54
440,73	1509,35
440,94	1460,20
441,16	1533,93
441,37	1558,50
441,58	1558,50
441,80	1548,26
442,01	1456,11
442,22	1519,59
442,43	1462,25
442,65	1617,90
442,86	1558,50
443,07	1472,49
443,28	1480,68
443,50	1564,65
443,71	1564,65
443,92	1484,78
444,14	1495,02
444,35	1517,54
444,56	1601,51
444,77	1474,54
444,99	1533,93
445,20	1470,44
445,41	1538,02
445,62	1509,35
445,84	1607,66
446,05	1566,70
446,26	1621,99
446,47	1595,37
446,69	1492,97
446,90	1527,78
447,11	1650,66
447,32	1464,30
447,54	1513,45
447,75	1497,07
447,96	1564,65
448,17	1466,35
448,39	1531,88
448,60	1433,58
448,81	1513,45
449,02	1587,18
449,23	1460,20
449,45	1538,02
449,66	1511,40
449,87	1531,88
450,08	1484,78
450,30	1511,40
450,51	1499,11
450,72	1568,74
450,93	1499,11
451,15	1538,02
451,36	1548,26
451,57	1609,70
451,78	1517,54
451,99	1574,89
452,21	1540,07
452,42	1548,26
452,63	1507,30
452,84	1431,53
453,05	1462,25
453,27	1529,83
453,48	1599,46
453,69	1409,00
453,90	1574,89
454,11	1519,59
454,33	1499,11
454,54	1480,68
454,75	1517,54
454,96	1560,55
455,17	1456,11
455,39	1495,02
455,60	1409,00
455,81	1542,12
456,02	1507,30
456,23	1511,40
456,45	1587,18
456,66	1529,83
456,87	1540,07
457,08	1513,45
457,29	1646,57
457,50	1441,77
457,72	1554,41
457,93	1488,87
458,14	1509,35
458,35	1562,60
458,56	1525,74
458,77	1427,43
458,99	1507,30
459,20	1546,22
459,41	1478,63
459,62	1531,88
459,83	1523,69
460,04	1499,11
460,26	1501,16
460,47	1482,73
460,68	1499,11
460,89	1531,88
461,10	1507,30
461,31	1484,78
461,52	1474,54
461,74	1595,37
461,95	1533,93
462,16	1490,92
462,37	1550,31
462,58	1540,07
462,79	1615,85
463,00	1437,67
463,22	1566,70
463,43	1523,69
463,64	1548,26
463,85	1542,12
464,06	1501,16
464,27	1550,31
464,48	1540,07
464,70	1499,11
464,91	1507,30
465,12	1476,59
465,33	1505,26
465,54	1628,14
465,75	1527,78
465,96	1546,22
466,17	1478,63
466,38	1509,35
466,60	1509,35
466,81	1525,74
467,02	1554,41
467,23	1533,93
467,44	1529,83
467,65	1501,16
467,86	1662,95
468,07	1517,54
468,28	1523,69
468,50	1478,63
468,71	1667,05
468,92	1517,54
469,13	1552,36
469,34	1531,88
469,55	1548,26
469,76	1382,38
469,97	1540,07
470,18	1470,44
470,39	1523,69
470,60	1519,59
470,82	1556,46
471,03	1519,59
471,24	1552,36
471,45	1507,30
471,66	1562,60
471,87	1529,83
472,08	1441,77
472,29	1546,22
472,50	1605,61
472,71	1445,87
472,92	1540,07
473,13	1396,71
473,34	1546,22
473,55	1515,50
473,77	1560,55
473,98	1492,97
474,19	1619,94
474,40	1470,44
474,61	1509,35
474,82	1521,64
475,03	1531,88
475,24	1421,29
475,45	1533,93
475,66	1548,26
475,87	1533,93
476,08	1501,16
476,29	1566,70
476,50	1572,84
476,71	1505,26
476,92	1492,97
477,13	1542,12
477,34	1478,63
477,55	1576,94
477,76	1505,26
477,97	1535,98
478,18	1464,30
478,40	1527,78
478,61	1597,42
478,82	1511,40
479,03	1511,40
479,24	1544,17
479,45	1452,01
479,66	1585,13
479,87	1515,50
480,08	1531,88
480,29	1462,25
480,50	1574,89
480,71	1560,55
480,92	1554,41
481,13	1533,93
481,34	1517,54
481,55	1476,59
481,76	1535,98
481,97	1558,50
482,18	1662,95
482,39	1476,59
482,60	1540,07
482,81	1529,83
483,02	1587,18
483,23	1613,80
483,44	1607,66
483,65	1529,83
483,86	1665,00
484,07	1609,70
484,28	1572,84
484,49	1636,33
484,70	1546,22
484,91	1527,78
485,12	1535,98
485,33	1552,36
485,54	1615,85
485,75	1472,49
485,96	1699,81
486,17	1570,79
486,38	1611,75
486,59	1507,30
486,80	1624,04
487,01	1531,88
487,21	1558,50
487,42	1568,74
487,63	1646,57
487,84	1595,37
488,05	1603,56
488,26	1779,68
488,47	1583,08
488,68	1550,31
488,89	1656,81
489,10	1542,12
489,31	1587,18
489,52	1462,25
489,73	1658,85
489,94	1632,23
490,15	1550,31
490,36	1646,57
490,57	1644,52
490,78	1597,42
490,99	1599,46
491,20	1576,94
491,41	1605,61
491,61	1685,48
491,82	1621,99
492,03	1679,33
492,24	1691,62
492,45	1630,18
492,66	1574,89
492,87	1597,42
493,08	1619,94
493,29	1533,93
493,50	1669,09
493,71	1667,05
493,92	1585,13
494,13	1705,96
494,34	1554,41
494,54	1677,29
494,75	1648,61
494,96	1787,88
495,17	1646,57
495,38	1591,27
495,59	1560,55
495,80	1720,29
496,01	1769,44
496,22	1705,96
496,43	1603,56
496,64	1716,20
496,84	1603,56
497,05	1708,01
497,26	1751,01
497,47	1660,90
497,68	1662,95
497,89	1613,80
498,10	1724,39
498,31	1794,02
498,52	1728,49
498,72	1726,44
498,93	1732,58
499,14	1658,85
499,35	1699,81
499,56	1619,94
499,77	1634,28
499,98	1712,10
500,19	1767,40
500,40	1751,01
500,60	1665,00
500,81	1763,30
501,02	1730,53
501,23	1701,86
501,44	1761,25
501,65	1683,43
501,86	1607,66
502,06	1673,19
502,27	1652,71
502,48	1742,82
502,69	1767,40
502,90	1794,02
503,11	1728,49
503,32	1826,79
503,53	1748,97
503,73	1736,68
503,94	1736,68
504,15	1826,79
504,36	1738,73
504,57	1710,05
504,78	1662,95
504,98	1779,68
505,19	1726,44
505,40	1798,12
505,61	1665,00
505,82	1699,81
506,03	1832,93
506,23	1650,66
506,44	1687,53
506,65	1802,21
506,86	1775,59
507,07	1710,05
507,28	1789,92
507,48	1691,62
507,69	1744,87
507,90	1726,44
508,11	1724,39
508,32	1765,35
508,53	1806,31
508,73	1722,34
508,94	1636,33
509,15	1822,69
509,36	1748,97
509,57	1753,06
509,77	1796,07
509,98	1740,77
510,19	1753,06
510,40	1775,59
510,61	1748,97
510,81	1785,83
511,02	1832,93
511,23	1738,73
511,44	1802,21
511,65	1771,49
511,85	1845,22
512,06	1753,06
512,27	1740,77
512,48	1740,77
512,69	1886,18
512,89	1744,87
513,10	1779,68
513,31	1812,45
513,52	1841,12
513,73	1828,84
513,93	1855,46
514,14	1873,89
514,35	1818,60
514,56	1824,74
514,76	1802,21
514,97	1826,79
515,18	1857,51
515,39	1818,60
515,60	1861,60
515,80	1830,88
516,01	1880,04
516,22	1923,04
516,43	1759,21
516,63	1800,16
516,84	1945,57
517,05	1783,78
517,26	1855,46
517,46	1863,65
517,67	1847,27
517,88	1906,66
518,09	1843,17
518,29	1906,66
518,50	1898,47
518,71	1814,50
518,92	1904,61
519,12	1861,60
519,33	1982,43
519,54	1820,64
519,75	1939,43
519,95	1906,66
520,16	1888,23
520,37	1820,64
520,57	1832,93
520,78	1959,91
520,99	1890,28
521,20	1851,36
521,40	1767,40
521,61	1841,12
521,82	1882,08
522,03	1812,45
522,23	1853,41
522,44	1849,32
522,65	1832,93
522,85	1841,12
523,06	1867,75
523,27	1855,46
523,48	1910,75
523,68	1755,11
523,89	1961,95
524,10	1953,76
524,30	1847,27
524,51	1871,84
524,72	1908,71
524,93	1935,33
525,13	1861,60
525,34	1865,70
525,55	2031,58
525,75	1892,32
525,96	1869,80
526,17	1871,84
526,37	1859,56
526,58	1863,65
526,79	1920,99
526,99	1914,85
527,20	1943,52
527,41	1931,23
527,62	1990,63
527,82	1875,94
528,03	1933,28
528,24	1964,00
528,44	1951,71
528,65	1945,57
528,86	1933,28
529,06	1929,19
529,27	1796,07
529,48	1920,99
529,68	1972,19
529,89	2052,06
530,10	1961,95
530,30	1910,75
530,51	1912,80
530,72	1892,32
530,92	1927,14
531,13	1947,62
531,34	2054,11
531,54	1980,39
531,75	1986,53
531,96	2037,73
532,16	1988,58
532,37	1906,66
532,57	1964,00
532,78	2052,06
532,99	1931,23
533,19	2097,12
533,40	1968,10
533,61	1968,10
533,81	1951,71
534,02	1955,81
534,23	1935,33
534,43	1935,33
534,64	1996,77
534,84	2021,35
535,05	2033,63
535,26	1990,63
535,46	2074,59
535,67	2050,02
535,88	1890,28
536,08	1935,33
536,29	2004,96
536,49	1880,04
536,70	1961,95
536,91	1904,61
537,11	1968,10
537,32	2037,73
537,53	2060,26
537,73	2090,98
537,94	1953,76
538,14	2025,44
538,35	1912,80
538,56	2070,50
538,76	1984,48
538,97	2058,21
539,17	1966,05
539,38	2105,31
539,59	1974,24
539,79	2025,44
540,00	1929,19
540,20	1992,67
540,41	2099,17
540,62	2205,66
540,82	1994,72
541,03	1996,77
541,23	2011,11
541,44	2045,92
541,64	1998,82
541,85	1949,67
542,06	2002,91
542,26	2015,20
542,47	2041,82
542,67	2025,44
542,88	2158,56
543,08	2080,74
543,29	2127,84
543,50	2025,44
543,70	2142,18
543,91	2078,69
544,11	2082,78
544,32	2109,41
544,52	2066,40
544,73	2068,45
544,94	2009,06
545,14	2039,78
545,35	2058,21
545,55	2144,22
545,76	2023,39
545,96	2054,11
546,17	2056,16
546,37	2086,88
546,58	2076,64
546,78	2013,15
546,99	2099,17
547,20	2205,66
547,40	2131,94
547,61	2099,17
547,81	2099,17
548,02	2140,13
548,22	2025,44
548,43	2164,70
548,63	2033,63
548,84	2097,12
549,04	2088,93
549,25	2045,92
549,45	2123,74
549,66	1959,91
549,86	2062,30
550,07	2068,45
550,27	2015,20
550,48	2133,98
550,69	2097,12
550,89	2127,84
551,10	2121,70
551,30	2174,94
551,51	2179,04
551,71	2111,46
551,92	2150,37
552,12	2136,03
552,33	2031,58
552,53	2062,30
552,74	2154,46
552,94	2119,65
553,15	2058,21
553,35	2238,43
553,56	2121,70
553,76	2082,78
553,97	2095,07
554,17	2084,83
554,38	2166,75
554,58	2111,46
554,79	2074,59
554,99	2072,54
555,19	1953,76
555,40	2154,46
555,60	2086,88
555,81	2078,69
556,01	2078,69
556,22	2133,98
556,42	2027,49
556,63	2080,74
556,83	2103,26
557,04	2136,03
557,24	2201,57
557,45	2136,03
557,65	2037,73
557,86	2113,50
558,06	2103,26
558,27	2146,27
558,47	2056,16
558,67	2152,42
558,88	2090,98
559,08	2062,30
559,29	2136,03
559,49	2209,76
559,70	2156,51
559,90	2220,00
560,11	2179,04
560,31	2150,37
560,52	2183,13
560,72	2078,69
560,92	2181,09
561,13	2138,08
561,33	2148,32
561,54	2121,70
561,74	2220,00
561,95	2150,37
562,15	2199,52
562,35	2131,94
562,56	2144,22
562,76	2056,16
562,97	2213,85
563,17	2168,80
563,38	2164,70
563,58	2082,78
563,78	2113,50
563,99	2103,26
564,19	2105,31
564,40	2242,53
564,60	2144,22
564,80	2193,37
565,01	2133,98
565,21	2174,94
565,42	2236,38
565,62	2213,85
565,83	2109,41
566,03	2201,57
566,23	2140,13
566,44	2179,04
566,64	2187,23
566,85	2185,18
567,05	2138,08
567,25	2127,84
567,46	2334,68
567,66	2195,42
567,86	2244,57
568,07	2211,81
568,27	2232,29
568,48	2058,21
568,68	2129,89
568,88	2117,60
569,09	2220,00
569,29	2103,26
569,50	2140,13
569,70	2256,86
569,90	2279,39
570,11	2226,14
570,31	2195,42
570,51	2369,50
570,72	2179,04
570,92	2375,64
571,13	2209,76
571,33	2217,95
571,53	2232,29
571,74	2256,86
571,94	2260,96
572,14	2228,19
572,35	2131,94
572,55	2123,74
572,75	2306,01
572,96	2248,67
573,16	2318,30
573,36	2162,66
573,57	2310,11
573,77	2222,05
573,97	2211,81
574,18	2217,95
574,38	2234,33
574,59	2318,30
574,79	2310,11
574,99	2217,95
575,20	2316,25
575,40	2168,80
575,60	2250,72
575,81	2361,31
576,01	2285,53
576,21	2281,44
576,42	2346,97
576,62	2127,84
576,82	2174,94
577,02	2312,16
577,23	2203,61
577,43	2299,87
577,63	2324,44
577,84	2199,52
578,04	2336,73
578,24	2166,75
578,45	2248,67
578,65	2287,58
578,85	2230,24
579,06	2346,97
579,26	2396,12
579,46	2220,00
579,67	2283,49
579,87	2422,75
580,07	2377,69
580,27	2201,57
580,48	2383,84
580,68	2285,53
580,88	2396,12
581,09	2410,46
581,29	2316,25
581,49	2361,31
581,69	2359,26
581,90	2301,92
582,10	2242,53
582,30	2355,16
582,51	2357,21
582,71	2277,34
582,91	2389,98
583,11	2387,93
583,32	2385,88
583,52	2435,03
583,72	2361,31
583,93	2469,85
584,13	2402,27
584,33	2488,28
584,53	2430,94
584,74	2430,94
584,94	2400,22
585,14	2412,51
585,34	2545,63
585,55	2420,70
585,75	2435,03
585,95	2414,56
586,15	2322,40
586,36	2445,27
586,56	2453,47
586,76	2430,94
586,96	2453,47
587,17	2402,27
587,37	2514,91
587,57	2447,32
587,77	2457,56
587,98	2525,15
588,18	2512,86
588,38	2467,80
588,58	2547,67
588,79	2582,49
588,99	2537,43
589,19	2490,33
589,39	2555,86
589,60	2570,20
589,80	2555,86
590,00	2570,20
590,20	2578,39
590,40	2521,05
590,61	2584,54
590,81	2617,30
591,01	2623,45
591,21	2598,87
591,42	2688,98
591,62	2641,88
591,82	2572,25
592,02	2723,80
592,22	2719,70
592,43	2547,67
592,63	2783,19
592,83	2727,89
593,03	2777,05
593,23	2648,02
593,44	2731,99
593,64	2672,60
593,84	2711,51
594,04	2799,57
594,24	2691,03
594,45	2787,29
594,65	2869,20
594,85	2918,36
595,05	2719,70
595,25	2875,35
595,46	2846,68
595,66	2850,77
595,86	2869,20
596,06	2852,82
596,26	2834,39
596,46	2877,40
596,67	2877,40
596,87	2881,49
597,07	3008,47
597,27	2904,02
597,47	2936,79
597,67	3012,56
597,88	2852,82
598,08	2971,60
598,28	3020,75
598,48	3106,77
598,68	3086,29
598,88	3170,26
599,09	3141,58
599,29	3000,27
599,49	3141,58
599,69	3153,87
599,89	3172,30
600,09	3117,01
600,30	3274,70
600,50	3168,21
600,70	3186,64
600,90	3221,45
601,10	3352,52
601,30	3340,24
601,50	3354,57
601,71	3463,12
601,91	3291,09
602,11	3284,94
602,31	3358,67
602,51	3401,68
602,71	3383,24
602,91	3461,07
603,11	3467,21
603,32	3463,12
603,52	3477,45
603,72	3446,73
603,92	3575,75
604,12	3585,99
604,32	3612,62
604,52	3567,56
604,72	3614,66
604,93	3624,90
605,13	3690,44
605,33	3747,78
605,53	3708,87
605,73	3612,62
605,93	3835,85
606,13	3672,01
606,33	3753,93
606,53	3823,56
606,74	3866,56
606,94	3885,00
607,14	3954,63
607,34	3903,43
607,54	4022,21
607,74	3964,87
607,94	3950,53
608,14	4069,31
608,34	4050,88
608,54	4145,09
608,74	4108,23
608,95	4200,38
609,15	4136,90
609,35	4087,75
609,55	4216,77
609,75	4196,29
609,95	4433,85
610,15	4440,00
610,35	4456,38
610,55	4345,79
610,75	4386,75
610,95	4476,86
611,15	4476,86
611,35	4544,44
611,55	4667,32
611,76	4679,61
611,96	4743,10
612,16	4659,13
612,36	4835,25
612,56	4745,14
612,76	4757,43
612,96	4825,01
613,16	4837,30
613,36	4954,04
613,56	5103,54
613,76	5040,05
613,96	5023,67
614,16	5044,15
614,36	4984,76
614,56	5121,97
614,76	5060,53
614,96	5197,74
615,16	5023,67
615,36	5199,79
615,56	5197,74
615,76	5349,29
615,97	5414,83
616,17	5447,60
616,37	5543,85
616,57	5697,45
616,77	5715,88
616,97	5822,38
617,17	5586,86
617,37	5629,87
617,57	5679,02
617,77	5840,81
617,97	5982,12
618,17	5902,25
618,37	5896,10
618,57	5969,83
618,77	5959,59
618,97	6127,52
619,17	6281,12
619,37	6166,43
619,57	6080,42
619,77	6346,66
619,97	6588,32
620,17	6295,46
620,37	6506,40
620,57	6690,71
620,77	6662,04
620,97	6764,44
621,17	6711,19
621,37	6768,54
621,57	6823,83
621,77	6789,02
621,97	7034,77
622,17	7008,15
622,37	7133,08
622,57	7069,59
622,77	7301,01
622,97	7237,52
623,17	7098,26
623,37	7468,94
623,57	7401,36
623,77	7466,89
623,97	7647,12
624,16	7499,66
624,36	7624,59
624,56	7690,12
624,76	7823,24
624,96	7802,76
625,16	7903,11
625,36	8030,09
625,56	8103,81
625,76	8136,58
625,96	8183,68
626,16	8480,64
626,36	8497,02
626,56	8494,97
626,76	8617,85
626,96	8503,17
627,16	8746,87
627,36	8640,38
627,56	8937,34
627,76	8779,64
627,96	8863,61
628,16	8939,38
628,35	9160,56
628,55	9183,09
628,75	9389,94
628,95	9295,73
629,15	9365,36
629,35	9508,72
629,55	9598,83
629,75	9729,90
629,95	9889,64
630,15	9903,98
630,35	9987,94
630,55	9961,32
630,75	9985,90
630,95	10184,55
631,14	10385,25
631,34	10379,11
631,54	10475,36
631,74	10655,58
631,94	10444,64
632,14	10641,25
632,34	10710,88
632,54	10800,99
632,74	11034,46
632,94	11065,18
633,14	11284,31
633,33	11237,20
633,53	11396,95
633,73	11759,44
633,93	11648,85
634,13	11997,00
634,33	11841,36
634,53	11984,71
634,73	11941,71
634,93	11988,81
635,12	12287,81
635,32	12408,64
635,52	12439,36
635,72	12420,93
635,92	12425,03
636,12	12779,32
636,32	12885,82
636,52	12957,50
636,71	13063,99
636,91	12996,41
637,11	13258,55
637,31	13305,65
637,51	13317,94
637,71	13866,80
637,91	14028,59
638,11	13852,46
638,30	13827,88
638,50	14077,74
638,70	14212,90
638,90	14227,24
639,10	14438,18
639,30	14540,58
639,50	14831,39
639,69	14837,53
639,89	14765,85
640,09	14870,30
640,29	15216,41
640,49	15097,63
640,69	15218,46
640,88	15224,60
641,08	15380,25
641,28	15781,65
641,48	15804,17
641,68	15658,77
641,88	16289,54
642,07	16074,51
642,27	16387,85
642,47	16363,27
642,67	16760,58
642,87	16490,24
643,07	16736,00
643,26	17149,69
643,46	17317,62
643,66	17293,05
643,86	17383,16
644,06	17659,63
644,26	17633,01
644,45	17891,06
644,65	18013,93
644,85	18009,84
645,05	18415,34
645,25	18493,16
645,44	18675,43
645,64	18564,84
645,84	18902,75
646,04	19089,12
646,24	19181,28
646,43	19472,09
646,63	19529,43
646,83	19513,05
647,03	19678,93
647,23	19910,35
647,42	20428,49
647,62	20018,89
647,82	20565,70
648,02	20309,71
648,22	20567,75
648,41	20598,47
648,61	20575,94
648,81	20797,12
649,01	21063,36
649,20	21212,86
649,40	21542,58
649,60	22075,06
649,80	21710,52
650,00	22165,17
650,19	22163,12
650,39	22302,38
650,59	22378,15
650,79	22646,44
650,98	22732,45
651,18	22814,37
651,38	22931,11
651,58	22990,50
651,77	23023,26
651,97	23277,21
652,17	23678,61
652,37	23684,76
652,56	23688,85
652,76	23930,51
652,96	23963,28
653,16	24260,24
653,35	24467,08
653,55	24694,41
653,75	24637,06
653,95	24905,35
654,14	25323,13
654,34	25038,47
654,54	25400,96
654,74	25460,35
654,93	25448,06
655,13	25953,91
655,33	25501,31
655,52	25960,05
655,72	26449,52
655,92	26357,36
656,12	26777,19
656,31	26930,79
656,51	26895,97
656,71	26764,90
656,91	27190,88
657,10	27303,52
657,30	27692,63
657,50	27428,45
657,69	28001,88
657,89	28180,05
658,09	28038,74
658,29	28227,15
658,48	28814,92
658,68	28614,22
658,88	29097,54
659,07	28972,61
659,27	28685,90
659,47	29339,20
659,66	29374,02
659,86	29728,31
660,06	29769,27
660,26	29763,13
660,45	29728,31
660,65	29963,83
660,85	30035,51
661,04	30830,12
661,24	30633,52
661,44	30719,53
661,63	30721,58
661,83	30946,86
662,03	30805,55
662,22	31026,73
662,42	31385,12
662,62	31616,54
662,81	31761,95
663,01	32118,29
663,21	32157,21
663,40	32138,77
663,60	32353,81
663,80	32249,36
663,99	32806,41
664,19	32847,37
664,39	32949,77
664,58	33025,54
664,78	33031,69
664,98	33201,67
665,17	33138,18
665,37	33594,88
665,57	33611,26
665,76	33697,28
665,96	34467,31
666,16	34227,70
666,35	34383,35
666,55	34266,61
666,74	34518,51
666,94	34887,15
667,14	35016,17
667,33	35028,46
667,53	35077,61
667,73	35018,22
667,92	35257,83
668,12	35755,49
668,32	35935,71
668,51	35552,74
668,71	35626,46
668,90	35968,48
669,10	36263,38
669,30	36173,27
669,49	36744,66
669,69	36042,20
669,89	36515,28
670,08	36881,87
670,28	36933,07
670,47	36885,97
670,67	36670,93
670,87	36955,60
671,06	37195,21
671,26	36953,55
671,45	37483,97
671,65	37455,30
671,85	37588,42
672,04	37864,89
672,24	37588,42
672,43	38270,39
672,63	38473,14
672,83	38499,76
673,02	38032,83
673,22	38184,38
673,41	38794,67
673,61	38825,39
673,81	38575,54
674,00	38585,78
674,20	38909,36
674,39	39447,97
674,59	39134,63
674,78	39220,65
674,98	39691,68
675,18	39681,44
675,37	39914,91
675,57	39462,31
675,76	39746,98
675,96	39802,27
676,15	40164,76
676,35	40007,07
676,55	40203,67
676,74	40703,38
676,94	40154,52
677,13	40580,50
677,33	40375,70
677,52	40816,02
677,72	40295,83
677,91	40781,20
678,11	40869,26
678,31	41237,90
678,50	41018,77
678,70	40996,24
678,89	41115,02
679,09	40918,42
679,28	41067,92
679,48	41201,04
679,67	41221,52
679,87	41305,48
680,06	41446,79
680,26	41223,56
680,46	41403,78
680,65	41260,43
680,85	41430,41
681,04	41702,79
681,24	41430,41
681,43	41913,73
681,63	42028,41
681,82	41891,20
682,02	41629,06
682,21	41719,17
682,41	42018,17
682,60	42114,43
682,80	42216,83
682,99	42100,09
683,19	41840,00
683,38	41704,84
683,58	42147,20
683,77	41850,24
683,97	42552,69
684,16	42139,00
684,36	42462,58
684,55	42564,98
684,75	42397,05
684,94	43081,07
685,14	43103,60
685,33	42452,34
685,53	42827,12
685,72	42476,92
685,92	42335,61
686,11	42503,54
686,31	43074,93
686,50	42247,55
686,70	42812,79
686,89	42820,98
687,09	42689,91
687,28	42427,77
687,48	42554,74
687,67	42560,89
687,87	42896,75
688,06	42794,36
688,26	42739,06
688,45	42890,61
688,65	43216,24
688,84	42892,66
689,03	42808,69
689,23	42493,30
689,42	43320,68
689,62	43001,20
689,81	43259,24
690,01	43085,17
690,20	42605,94
690,40	43042,16
690,59	43003,25
690,79	42573,17
690,98	42913,14
691,17	42829,17
691,37	42718,58
691,56	42581,37
691,76	42837,36
691,95	42868,08
692,15	43165,04
692,34	43042,16
692,54	42356,09
692,73	42886,51
692,92	43107,69
693,12	42683,76
693,31	42616,18
693,51	42804,59
693,70	42562,93
693,90	42382,71
694,09	42456,44
694,28	42882,42
694,48	42820,98
694,67	42577,27
694,87	42581,37
695,06	42605,94
695,26	42151,29
695,45	42444,15
695,64	42407,29
695,84	41909,63
696,03	42247,55
696,23	42354,04
696,42	42222,97
696,61	41899,39
696,81	42057,09
697,00	41497,99
697,20	41907,58
697,39	41899,39
697,58	41995,65
697,78	41543,05
697,97	42044,80
698,17	41573,77
698,36	41530,76
698,55	41508,23
698,75	41749,89
698,94	41823,62
699,14	41627,01
699,33	41463,18
699,52	41614,72
699,72	41213,32
699,91	41553,29
700,10	41033,10
700,30	41244,04
700,49	40951,18
700,69	40818,07
700,88	40768,91
701,07	40863,12
701,27	40263,07
701,46	41227,66
701,65	40883,60
701,85	40209,82
702,04	40449,43
702,23	40773,01
702,43	40203,67
702,62	40265,11
702,82	39984,54
703,01	40551,83
703,20	39996,83
703,40	39992,73
703,59	40164,76
703,78	39921,05
703,98	39687,59
704,17	39628,20
704,36	39558,56
704,56	39298,47
704,75	39374,25
704,94	39277,99
705,14	39126,44
705,33	39019,95
705,52	39120,30
705,72	39218,60
705,91	38901,17
706,10	38589,88
706,30	38442,42
706,49	38251,96
706,68	38505,91
706,88	38501,81
707,07	38047,16
707,26	38180,28
707,46	38473,14
707,65	37989,82
707,84	37326,28
708,04	37391,81
708,23	37735,87
708,42	38069,69
708,62	37506,50
708,81	37686,72
709,00	37346,76
709,19	37600,71
709,39	37057,99
709,58	37019,08
709,77	36748,75
709,97	36842,96
710,16	36632,02
710,35	36681,17
710,55	36632,02
710,74	36775,37
710,93	36277,72
711,12	36466,13
711,32	36271,57
711,51	35884,51
711,70	35984,86
711,90	36361,69
712,09	35954,14
712,28	35722,72
712,47	35548,64
712,67	35550,69
712,86	35513,83
713,05	35073,51
713,24	35132,90
713,44	35249,64
713,63	34952,68
713,82	34434,55
714,02	34676,21
714,21	34594,29
714,40	34690,54
714,59	34196,98
714,79	33938,94
714,98	33603,07
715,17	33887,74
715,36	33793,53
715,56	33584,64
715,75	33496,58
715,94	33697,28
716,13	32880,14
716,33	32814,60
716,52	32753,16
716,71	32538,13
716,90	32824,84
717,10	32161,30
717,29	32488,98
717,48	32106,01
717,67	32726,54
717,87	32243,22
718,06	32103,96
718,25	31974,94
718,44	31546,91
718,63	31778,33
718,83	31755,80
719,02	31553,05
719,21	31215,14
719,40	30967,34
719,60	31206,95
719,79	30834,22
719,98	30776,87
720,17	30615,08
720,36	30668,33
720,56	30035,51
720,75	30191,16
720,94	30234,16
721,13	29980,21
721,33	29978,17
721,52	29969,97
721,71	29795,90
721,90	29292,10
722,09	29482,56
722,29	29097,54
722,48	28976,71
722,67	29126,21
722,86	29126,21
723,05	28710,47
723,24	28372,56
723,44	28202,58
723,63	28407,37
723,82	27989,59
724,01	28184,15
724,20	27819,61
724,40	27481,69
724,59	27582,04
724,78	27694,68
724,97	27330,14
725,16	27180,64
725,35	27651,67
725,55	27055,72
725,74	27252,32
725,93	26926,69
726,12	26660,46
726,31	26914,41
726,51	26828,39
726,70	26732,14
726,89	26492,52
727,08	26670,70
727,27	26355,31
727,46	26052,21
727,65	26097,27
727,85	25783,93
728,04	25769,59
728,23	25353,85
728,42	24954,50
728,61	25439,87
728,80	25364,09
729,00	24936,07
729,19	25202,30
729,38	25360,00
729,57	24764,04
729,76	24510,09
729,95	24632,97
730,14	24374,92
730,33	24499,85
730,53	24202,89
730,72	24389,26
730,91	24198,80
731,10	24190,61
731,29	23658,14
731,48	23731,86
731,67	23725,72
731,86	23776,92
732,06	23621,27
732,25	23668,37
732,44	23434,91
732,63	23047,84
732,82	23162,53
733,01	22933,15
733,20	22830,76
733,39	22769,32
733,59	22714,02
733,78	22529,70
733,97	22290,09
734,16	22374,06
734,35	22167,21
734,54	22349,48
734,73	22099,63
734,92	21909,17
735,11	21806,77
735,30	21915,31
735,49	21786,29
735,69	21776,05
735,88	21546,68
736,07	21583,54
736,26	21331,64
736,45	21163,71
736,64	20965,06
736,83	20913,86
737,02	20934,34
737,21	21042,88
737,40	20770,50
737,59	20840,13
737,78	20784,83
737,98	20229,84
738,17	20504,26
738,36	20358,86
738,55	20131,53
738,74	20338,38
738,93	20301,51
739,12	19824,34
739,31	19842,77
739,50	19689,17
739,69	19932,88
739,88	19226,33
740,07	19594,96
740,26	19562,20
740,45	19298,01
740,64	19138,27
740,83	19025,63
741,02	18992,86
741,22	19019,49
741,41	18794,21
741,60	18792,16
741,79	18618,08
741,98	18546,40
742,17	18183,91
742,36	18570,98
742,55	18405,10
742,74	18128,62
742,93	18003,69
743,12	17948,40
743,31	17766,13
743,50	17626,87
743,69	17768,18
743,88	17651,44
744,07	17448,69
744,26	17594,10
744,45	17452,79
744,64	17311,48
744,83	17159,93
745,02	17291,00
745,21	17157,88
745,40	16969,47
745,59	16815,87
745,78	17207,03
745,97	16883,45
746,16	17000,19
746,35	16727,81
746,54	16379,65
746,73	16293,64
746,92	16312,07
747,11	16076,55
747,30	16203,53
747,49	15882,00
747,68	15822,61
747,87	15998,73
748,06	15843,09
748,25	15722,26
748,44	15490,84
748,63	15666,96
748,82	15527,70
749,01	15355,67
749,20	15396,63
749,39	15431,44
749,58	15298,33
749,77	15275,80
749,96	14982,94
750,15	15320,85
750,34	15032,09
750,53	14878,49
750,72	14714,66
750,91	14909,21
751,10	14483,24
751,29	14692,13
751,48	14229,29
751,67	14540,58
751,86	14303,01
752,04	14204,71
752,23	14438,18
752,42	14094,12
752,61	14305,06
752,80	14096,17
752,99	13954,86
753,18	13889,32
753,37	13750,06
753,56	13573,94
753,75	13827,88
753,94	13590,32
754,13	13530,93
754,32	13350,71
754,51	13160,25
754,70	13428,53
754,89	13324,08
755,08	13164,34
755,27	13109,05
755,45	12932,92
755,64	12932,92
755,83	12810,04
756,02	12857,15
756,21	12902,20
756,40	12767,04
756,59	12625,73
756,78	12433,22
756,97	12273,48
757,16	12558,14
757,35	12521,28
757,54	12183,37
757,72	12144,45
757,91	11939,66
758,10	11984,71
758,29	12037,96
758,48	12123,98
758,67	11790,16
758,86	11734,86
759,05	11839,31
759,24	11675,47
759,43	11392,85
759,61	11460,43
759,80	11487,06
759,99	11292,50
760,18	11149,14
760,37	11149,14
760,56	11132,76
760,75	11036,50
760,94	11202,39
761,13	10934,11
761,31	10843,99
761,50	10686,30
761,69	10772,32
761,88	10839,90
762,07	10475,36
762,26	10592,09
762,45	10452,83
762,64	10565,47
762,82	10336,10
763,01	10649,44
763,20	10360,67
763,39	10356,58
763,58	10211,17
763,77	10102,63
763,96	10051,43
764,14	10157,92
764,33	10047,33
764,52	10047,33
764,71	9883,50
764,90	9967,46
765,09	9955,18
765,27	9942,89
765,46	9709,42
765,65	9762,67
765,84	9740,14
766,03	9781,10
766,22	9697,13
766,41	9498,48
766,59	9451,38
766,78	9631,60
766,97	9566,06
767,16	9400,18
767,35	9426,80
767,54	9496,43
767,72	9293,68
767,91	9406,32
768,10	9074,55
768,29	9238,39
768,48	9187,19
768,66	8992,63
768,85	9242,48
769,04	9013,11
769,23	9088,89
769,42	9002,87
769,61	8961,91
769,79	8935,29
769,98	9004,92
770,17	8730,49
770,36	9002,87
770,55	8687,48
770,73	8628,09
770,92	8687,48
771,11	8898,42
771,30	8611,71
771,49	8712,06
771,67	8601,47
771,86	8617,85
772,05	8460,16
772,24	8324,99
772,42	8388,48
772,61	8327,04
772,80	8206,21
772,99	8294,27
773,18	8339,33
773,36	8333,18
773,55	8130,44
773,74	8034,18
773,93	8042,37
774,11	7843,72
774,30	8023,94
774,49	7894,92
774,68	7997,32
774,87	7974,79
775,05	7810,95
775,24	7673,74
775,43	7802,76
775,62	7823,24
775,80	7600,01
775,99	7393,17
776,18	7864,20
776,37	7593,87
776,55	7630,73
776,74	7421,84
776,93	7473,04
777,12	7391,12
777,30	7595,92
777,49	7294,86
777,68	7358,35
777,87	7436,17
778,05	7341,97
778,24	7282,58
778,43	7274,38
778,62	7245,71
778,80	7171,99
778,99	7182,23
779,18	7159,70
779,36	7098,26
779,55	7108,50
779,74	7069,59
779,93	7049,11
780,11	6967,19
780,30	7024,53
780,49	6989,72
780,68	7065,49
780,86	6807,45
781,05	6891,41
781,24	6879,13
781,42	6821,78
781,61	6760,34
781,80	6682,52
781,98	6631,32
782,17	6709,15
782,36	6739,87
782,55	6571,93
782,73	6518,68
782,92	6733,72
783,11	6483,87
783,29	6641,56
783,48	6518,68
783,67	6391,71
783,85	6479,77
784,04	6512,54
784,23	6522,78
784,42	6555,55
784,60	6363,04
784,79	6270,88
784,98	6311,84
785,16	6242,21
785,35	6131,62
785,54	6320,03
785,72	6274,98
785,91	6166,43
786,10	6113,19
786,28	6178,72
786,47	6191,01
786,66	6180,77
786,84	5935,01
787,03	6086,56
787,22	5955,49
787,40	6029,22
787,59	5980,07
787,78	5961,64
787,96	5914,53
788,15	5861,29
788,34	5906,34
788,52	5918,63
788,71	5734,31
788,89	5830,57
789,08	5658,54
789,27	5851,05
789,45	5828,52
789,64	5590,95
789,83	5744,55
790,01	5664,68
790,20	5564,33
790,39	5588,91
790,57	5638,06
790,76	5488,56
790,95	5633,96
791,13	5496,75
791,32	5654,44
791,50	5525,42
791,69	5566,38
791,88	5425,07
792,06	5511,08
792,25	5474,22
792,43	5408,69
792,62	5343,15
792,81	5384,11
792,99	5306,29
793,18	5369,77
793,37	5244,85
793,55	5189,55
793,74	5300,14
793,92	5136,31
794,11	5115,83
794,30	5224,37
794,48	5257,14
794,67	5119,92
794,85	5132,21
795,04	5156,79
795,23	5134,26
795,41	5150,64
795,60	5169,07
795,78	5134,26
795,97	5113,78
796,15	5021,62
796,34	5021,62
796,53	4849,59
796,71	5093,30
796,90	5068,72
797,08	4878,26
797,27	5201,84
797,46	4876,21
797,64	4966,32
797,83	4972,47
798,01	4972,47
798,20	4933,56
798,38	4962,23
798,57	4825,01
798,76	4915,12
798,94	4843,45
799,13	4763,58
799,31	4851,64
799,50	4919,22
799,68	4777,91
799,87	4925,36
800,05	4843,45
800,24	4767,67
800,43	4868,02
800,61	4865,97
800,80	4921,27
800,98	4784,06
801,17	4794,29
801,35	4724,66
801,54	4736,95
801,72	4695,99
801,91	4708,28
802,09	4757,43
802,28	4704,18
802,46	4620,22
802,65	4677,56
802,84	4693,94
803,02	4661,18
803,21	4409,28
803,39	4454,33
803,58	4679,61
803,76	4657,08
803,95	4554,68
804,13	4536,25
804,32	4536,25
804,50	4607,93
804,69	4560,83
804,87	4523,96
805,06	4483,00
805,24	4577,21
805,43	4509,63
805,61	4501,44
805,80	4530,11
805,98	4548,54
806,17	4505,53
806,35	4407,23
806,54	4466,62
806,72	4349,89
806,91	4358,08
807,09	4407,23
807,28	4300,73
807,46	4343,74
807,65	4323,26
807,83	4315,07
808,02	4347,84
808,20	4292,54
808,39	4376,51
808,57	4259,78
808,76	4165,57
808,94	4333,50
809,13	4237,25
809,31	4208,58
809,49	4337,60
809,68	4130,75
809,86	4091,84
810,05	4204,48
810,23	4075,46
810,42	4208,58
810,60	4145,09
810,79	4206,53
810,97	3973,06
811,16	4128,70
811,34	4022,21
811,53	4077,51
811,71	4040,64
811,89	4024,26
812,08	3975,11
812,26	4054,98
812,45	3880,90
812,63	3973,06
812,82	3907,52
813,00	3966,92
813,19	3977,16
813,37	3923,91
813,55	3897,28
813,74	3942,34
813,92	3921,86
814,11	3821,51
814,29	3723,21
814,48	3864,52
814,66	3940,29
814,84	3858,37
815,03	3796,93
815,21	3880,90
815,40	3735,50
815,58	3813,32
815,77	3833,80
815,95	3741,64
816,13	3745,73
816,32	3835,85
816,50	3723,21
816,69	3780,55
816,87	3700,68
817,05	3717,06
817,24	3743,69
817,42	3555,27
817,61	3596,23
817,79	3598,28
817,97	3565,51
818,16	3608,52
818,34	3700,68
818,53	3571,66
818,71	3684,30
818,89	3518,41
819,08	3581,90
819,26	3526,60
819,45	3647,43
819,63	3661,77
819,81	3635,14
820,00	3706,82
820,18	3510,22
820,36	3665,86
820,55	3602,38
820,73	3405,77
820,92	3563,47
821,10	3450,83
821,28	3440,59
821,47	3495,88
821,65	3516,36
821,83	3536,84
822,02	3370,96
822,20	3547,08
822,39	3368,91
822,57	3317,71
822,75	3397,58
822,94	3381,20
823,12	3424,20
823,30	3366,86
823,49	3610,57
823,67	3375,05
823,85	3397,58
824,04	3362,76
824,22	3444,68
824,40	3497,93
824,59	3330,00
824,77	3430,35
824,95	3342,28
825,14	3352,52
825,32	3352,52
825,50	3239,89
825,69	3411,92
825,87	3350,48
826,05	3246,03
826,24	3362,76
826,42	3250,13
826,60	3293,13
826,79	3252,17
826,97	3235,79
827,15	3221,45
827,34	3153,87
827,52	3096,53
827,70	3227,60
827,89	3225,55
828,07	3291,09
828,25	3209,17
828,44	3262,41
828,62	3233,74
828,80	3207,12
828,98	3219,41
829,17	2985,94
829,35	3129,30
829,53	3131,34
829,72	3180,50
829,90	3080,14
830,08	3065,81
830,27	3104,72
830,45	3180,50
830,63	3151,82
830,81	3014,61
831,00	3106,77
831,18	3078,10
831,36	3192,78
831,55	3108,82
831,73	3043,28
831,91	3012,56
832,09	3051,47
832,28	3149,78
832,46	2973,65
832,64	3084,24
832,82	3043,28
833,01	3127,25
833,19	3069,91
833,37	2994,13
833,55	2977,75
833,74	3090,38
833,92	2928,60
834,10	2906,07
834,29	2918,36
834,47	3010,51
834,65	2963,41
834,83	2912,21
835,02	2953,17
835,20	2957,27
835,38	3002,32
835,56	2897,88
835,75	2985,94
835,93	2957,27
836,11	2918,36
836,29	2901,97
836,47	2924,50
836,66	2861,01
836,84	3028,95
837,02	2959,31
837,20	2955,22
837,39	2873,30
837,57	2910,16
837,75	2899,92
837,93	2858,96
838,12	2791,38
838,30	2861,01
838,48	2910,16
838,66	2899,92
838,84	2838,48
839,03	2922,45
839,21	2783,19
839,39	2826,20
839,57	2904,02
839,75	2951,12
839,94	2789,33
840,12	2820,05
840,30	2822,10
840,48	2856,92
840,66	2887,64
840,85	2777,05
841,03	2809,81
841,21	2867,16
841,39	2838,48
841,57	2801,62
841,76	2797,53
841,94	2863,06
842,12	2709,46
842,30	2779,09
842,48	2826,20
842,67	2783,19
842,85	2736,09
843,03	2693,08
843,21	2750,42
843,39	2801,62
843,57	2719,70
843,76	2744,28
843,94	2621,40
844,12	2805,72
844,30	2588,63
844,48	2678,74
844,66	2717,65
844,85	2711,51
845,03	2779,09
845,21	2662,36
845,39	2705,37
845,57	2707,41
845,75	2629,59
845,94	2686,94
846,12	2643,93
846,30	2752,47
846,48	2623,45
846,66	2613,21
846,84	2516,95
847,02	2611,16
847,21	2531,29
847,39	2625,50
847,57	2619,35
847,75	2506,71
847,93	2598,87
848,11	2490,33
848,29	2523,10
848,48	2574,30
848,66	2617,30
848,84	2615,26
849,02	2600,92
849,20	2576,34
849,38	2523,10
849,56	2492,38
849,74	2529,24
849,93	2590,68
850,11	2527,19
850,29	2555,86
850,47	2545,63
850,65	2566,10
850,83	2447,32
851,01	2465,75
851,19	2605,02
851,37	2445,27
851,56	2482,14
851,74	2478,04
851,92	2543,58
852,10	2406,36
852,28	2449,37
852,46	2449,37
852,64	2463,71
852,82	2525,15
853,00	2406,36
853,18	2453,47
853,37	2519,00
853,55	2461,66
853,73	2525,15
853,91	2510,81
854,09	2375,64
854,27	2469,85
854,45	2535,39
854,63	2416,60
854,81	2361,31
854,99	2488,28
855,17	2363,36
855,35	2449,37
855,53	2408,41
855,72	2465,75
855,90	2394,08
856,08	2461,66
856,26	2396,12
856,44	2449,37
856,62	2385,88
856,80	2265,05
856,98	2318,30
857,16	2363,36
857,34	2394,08
857,52	2389,98
857,70	2387,93
857,88	2414,56
858,06	2432,99
858,24	2428,89
858,42	2375,64
858,60	2357,21
858,78	2357,21
858,96	2297,82
859,15	2408,41
859,33	2316,25
859,51	2308,06
859,69	2234,33
859,87	2351,07
860,05	2342,88
860,23	2318,30
860,41	2248,67
860,59	2332,64
860,77	2389,98
860,95	2299,87
861,13	2353,12
861,31	2195,42
861,49	2342,88
861,67	2342,88
861,85	2279,39
862,03	2334,68
862,21	2285,53
862,39	2299,87
862,57	2226,14
862,75	2271,20
862,93	2228,19
863,11	2277,34
863,29	2201,57
863,47	2377,69
863,65	2195,42
863,83	2185,18
864,01	2240,48
864,19	2181,09
864,37	2332,64
864,55	2265,05
864,73	2211,81
864,91	2236,38
865,09	2260,96
865,27	2199,52
865,45	2203,61
865,63	2215,90
865,81	2179,04
865,99	2156,51
866,17	2230,24
866,35	2156,51
866,53	2267,10
866,71	2170,85
866,89	2258,91
867,07	2207,71
867,24	2232,29
867,42	2273,25
867,60	2170,85
867,78	2238,43
867,96	2138,08
868,14	2156,51
868,32	2240,48
868,50	2172,89
868,68	2129,89
868,86	2189,28
869,04	2203,61
869,22	2113,50
869,40	2101,22
869,58	2074,59
869,76	2193,37
869,94	2062,30
870,12	2105,31
870,30	2136,03
870,48	2156,51
870,66	2131,94
870,83	2078,69
871,01	2082,78
871,19	2107,36
871,37	2088,93
871,55	2039,78
871,73	2076,64
871,91	2119,65
872,09	2125,79
872,27	2093,02
872,45	2074,59
872,63	1982,43
872,81	2099,17
872,98	2213,85
873,16	2129,89
873,34	2140,13
873,52	2072,54
873,70	2121,70
873,88	2142,18
874,06	1990,63
874,24	2009,06
874,42	2025,44
874,60	1990,63
874,78	2017,25
874,95	2127,84
875,13	2041,82
875,31	2074,59
875,49	2093,02
875,67	1982,43
875,85	2109,41
876,03	1970,15
876,21	2097,12
876,39	1972,19
876,56	1972,19
876,74	1978,34
876,92	2004,96
877,10	2062,30
877,28	1994,72
877,46	2068,45
877,64	2039,78
877,82	2095,07
877,99	1953,76
878,17	1943,52
878,35	1957,86
878,53	2047,97
878,71	2127,84
878,89	2080,74
879,07	1990,63
879,24	2097,12
879,42	2093,02
879,60	2007,01
879,78	2084,83
879,96	2011,11
880,14	2123,74
880,32	1939,43
880,49	1974,24
880,67	1947,62
880,85	1947,62
881,03	1896,42
881,21	2011,11
881,39	1959,91
881,56	1955,81
881,74	1994,72
881,92	1978,34
882,10	1974,24
882,28	2015,20
882,46	1953,76
882,63	1949,67
882,81	1884,13
882,99	1904,61
883,17	2060,26
883,35	2021,35
883,52	1966,05
883,70	2035,68
883,88	1892,32
884,06	1920,99
884,24	1961,95
884,42	1972,19
884,59	1912,80
884,77	1982,43
884,95	2017,25
885,13	2066,40
885,31	1939,43
885,48	1951,71
885,66	2035,68
885,84	1994,72
886,02	1968,10
886,20	1986,53
886,37	1972,19
886,55	2047,97
886,73	2013,15
886,91	1961,95
887,08	1994,72
887,26	1908,71
887,44	1961,95
887,62	2002,91
887,80	1990,63
887,97	2025,44
888,15	1918,95
888,33	1890,28
888,51	1890,28
888,68	1935,33
888,86	1959,91
889,04	1914,85
889,22	1982,43
889,40	1816,55
889,57	1957,86
889,75	2023,39
889,93	1904,61
890,11	1988,58
890,28	1937,38
890,46	1886,18
890,64	1912,80
890,82	1988,58
890,99	1951,71
891,17	1890,28
891,35	1908,71
891,53	1908,71
891,70	1927,14
891,88	1812,45
892,06	1861,60
892,24	1894,37
892,41	1912,80
892,59	1859,56
892,77	1882,08
892,94	1882,08
893,12	1908,71
893,30	1845,22
893,48	1867,75
893,65	2002,91
893,83	1806,31
894,01	1908,71
894,19	1888,23
894,36	2037,73
894,54	1826,79
894,72	1882,08
894,89	1828,84
895,07	1900,52
895,25	1820,64
895,43	1824,74
895,60	1798,12
895,78	1826,79
895,96	1908,71
896,13	1810,40
896,31	1923,04
896,49	1822,69
896,66	1837,03
896,84	1886,18
897,02	1875,94
897,20	1779,68
897,37	1771,49
897,55	1837,03
897,73	1857,51
897,90	1828,84
898,08	1904,61
898,26	1865,70
898,43	1867,75
898,61	1867,75
898,79	1822,69
898,96	1810,40
899,14	1834,98
899,32	1818,60
899,49	1828,84
899,67	1896,42
899,85	1880,04
900,02	1929,19
900,20	1791,97
900,38	1789,92
900,55	1861,60
900,73	1912,80
900,91	1751,01
901,08	1800,16
901,26	1888,23
901,44	1857,51
901,61	1906,66
901,79	1834,98
901,97	1830,88
902,14	1753,06
902,32	1886,18
902,50	1791,97
902,67	1906,66
902,85	1863,65
903,02	1808,36
903,20	1828,84
903,38	1834,98
903,55	1748,97
903,73	1826,79
903,91	1826,79
904,08	1861,60
904,26	1777,64
904,44	1818,60
904,61	1732,58
904,79	1818,60
904,96	1759,21
905,14	1816,55
905,32	1810,40
905,49	1751,01
905,67	1818,60
905,84	1828,84
906,02	1802,21
906,20	1740,77
906,37	1937,38
906,55	1722,34
906,73	1787,88
906,90	1871,84
907,08	1763,30
907,25	1736,68
907,43	1908,71
907,61	1761,25
907,78	1705,96
907,96	1695,72
908,13	1789,92
908,31	1830,88
908,48	1742,82
908,66	1775,59
908,84	1722,34
909,01	1892,32
909,19	1796,07
909,36	1763,30
909,54	1748,97
909,72	1724,39
909,89	1675,24
910,07	1658,85
910,24	1814,50
910,42	1839,08
910,59	1755,11
910,77	1693,67
910,95	1714,15
911,12	1642,47
911,30	1726,44
911,47	1755,11
911,65	1785,83
911,82	1576,94
912,00	1730,53
912,17	1722,34
912,35	1740,77
912,53	1714,15
912,70	1744,87
912,88	1716,20
913,05	1740,77
913,23	1720,29
913,40	1771,49
913,58	1781,73
913,75	1675,24
913,93	1671,14
914,10	1615,85
914,28	1703,91
914,46	1644,52
914,63	1708,01
914,81	1751,01
914,98	1691,62
915,16	1767,40
915,33	1681,38
915,51	1716,20
915,68	1732,58
915,86	1740,77
916,03	1722,34
916,21	1681,38
916,38	1662,95
916,56	1683,43
916,73	1726,44
916,91	1671,14
917,08	1726,44
917,26	1693,67
917,43	1687,53
917,61	1658,85
917,78	1695,72
917,96	1619,94
918,13	1656,81
918,31	1701,86
918,48	1685,48
918,66	1679,33
918,83	1687,53
919,01	1632,23
919,18	1695,72
919,36	1687,53
919,53	1712,10
919,71	1853,41
919,88	1654,76
920,06	1658,85
920,23	1708,01
920,41	1648,61
920,58	1703,91
920,76	1630,18
920,93	1798,12
921,11	1646,57
921,28	1621,99
921,45	1761,25
921,63	1710,05
921,80	1753,06
921,98	1712,10
922,15	1646,57
922,33	1628,14
922,50	1673,19
922,68	1683,43
922,85	1671,14
923,03	1710,05
923,20	1781,73
923,38	1720,29
923,55	1769,44
923,72	1583,08
923,90	1773,54
924,07	1669,09
924,25	1619,94
924,42	1677,29
924,60	1642,47
924,77	1693,67
924,95	1705,96
925,12	1701,86
925,29	1869,80
925,47	1673,19
925,64	1597,42
925,82	1644,52
925,99	1679,33
926,17	1695,72
926,34	1552,36
926,51	1570,79
926,69	1693,67
926,86	1675,24
927,04	1638,38
927,21	1658,85
927,38	1599,46
927,56	1566,70
927,73	1681,38
927,91	1585,13
928,08	1753,06
928,25	1533,93
928,43	1673,19
928,60	1576,94
928,78	1556,46
928,95	1646,57
929,12	1540,07
929,30	1619,94
929,47	1621,99
929,65	1552,36
929,82	1599,46
929,99	1601,51
930,17	1490,92
930,34	1673,19
930,52	1677,29
930,69	1552,36
930,86	1599,46
931,04	1564,65
931,21	1587,18
931,38	1628,14
931,56	1552,36
931,73	1675,24
931,91	1617,90
932,08	1558,50
932,25	1691,62
932,43	1544,17
932,60	1583,08
932,77	1488,87
932,95	1517,54
933,12	1560,55
933,29	1501,16
933,47	1591,27
933,64	1552,36
933,82	1476,59
933,99	1531,88
934,16	1550,31
934,34	1601,51
934,51	1511,40
934,68	1544,17
934,86	1617,90
935,03	1531,88
935,20	1513,45
935,38	1466,35
935,55	1452,01
935,72	1495,02
935,90	1529,83
936,07	1589,22
936,24	1503,21
936,42	1558,50
936,59	1540,07
936,76	1556,46
936,94	1415,15
937,11	1556,46
937,28	1597,42
937,46	1480,68
937,63	1599,46
937,80	1509,35
937,97	1544,17
938,15	1533,93
938,32	1589,22
938,49	1615,85
938,67	1400,81
938,84	1556,46
939,01	1517,54
939,19	1552,36
939,36	1527,78
939,53	1490,92
939,70	1552,36
939,88	1433,58
940,05	1638,38
940,22	1550,31
940,40	1503,21
940,57	1609,70
940,74	1460,20
940,92	1542,12
941,09	1480,68
941,26	1464,30
941,43	1513,45
941,61	1533,93
941,78	1466,35
941,95	1597,42
942,12	1462,25
942,30	1468,39
942,47	1447,91
942,64	1478,63
942,82	1552,36
942,99	1542,12
943,16	1435,63
943,33	1521,64
943,51	1443,82
943,68	1560,55
943,85	1478,63
944,02	1527,78
944,20	1554,41
944,37	1452,01
944,54	1501,16
944,71	1533,93
944,89	1454,06
945,06	1476,59
945,23	1501,16
945,40	1482,73
945,58	1425,39
945,75	1488,87
945,92	1540,07
946,09	1513,45
946,27	1546,22
946,44	1486,83
946,61	1462,25
946,78	1499,11
946,95	1566,70
947,13	1581,03
947,30	1521,64
947,47	1435,63
947,64	1447,91
947,82	1425,39
947,99	1460,20
948,16	1538,02
948,33	1454,06
948,50	1419,24
948,68	1525,74
948,85	1484,78
949,02	1554,41
949,19	1499,11
949,36	1523,69
949,54	1462,25
949,71	1591,27
949,88	1490,92
950,05	1482,73
950,22	1517,54
950,40	1552,36
950,57	1527,78
950,74	1515,50
950,91	1535,98
951,08	1495,02
951,26	1548,26
951,43	1511,40
951,60	1404,91
951,77	1501,16
951,94	1486,83
952,11	1431,53
952,29	1533,93
952,46	1468,39
952,63	1482,73
952,80	1529,83
952,97	1488,87
953,15	1572,84
953,32	1548,26
953,49	1513,45
953,66	1499,11
953,83	1411,05
954,00	1433,58
954,17	1480,68
954,35	1589,22
954,52	1458,15
954,69	1486,83
954,86	1568,74
955,03	1484,78
955,20	1503,21
955,38	1527,78
955,55	1460,20
955,72	1529,83
955,89	1443,82
956,06	1542,12
956,23	1425,39
956,40	1499,11
956,58	1400,81
956,75	1495,02
956,92	1527,78
957,09	1396,71
957,26	1499,11
957,43	1499,11
957,60	1462,25
957,77	1398,76
957,95	1546,22
958,12	1462,25
958,29	1425,39
958,46	1519,59
958,63	1411,05
958,80	1507,30
958,97	1437,67
959,14	1490,92
959,31	1523,69
959,49	1429,48
959,66	1548,26
959,83	1527,78
960,00	1460,20
960,17	1552,36
960,34	1556,46
960,51	1441,77
960,68	1519,59
960,85	1523,69
961,02	1384,43
961,20	1515,50
961,37	1490,92
961,54	1540,07
961,71	1488,87
961,88	1544,17
962,05	1488,87
962,22	1525,74
962,39	1509,35
962,56	1409,00
962,73	1466,35
962,90	1452,01
963,07	1505,26
963,24	1525,74
963,42	1443,82
963,59	1556,46
963,76	1347,56
963,93	1593,32
964,10	1417,19
964,27	1517,54
964,44	1525,74
964,61	1560,55
964,78	1556,46
964,95	1492,97
965,12	1468,39
965,29	1497,07
965,46	1517,54
965,63	1529,83
965,80	1431,53
965,97	1421,29
966,14	1517,54
966,31	1544,17
966,48	1560,55
966,66	1476,59
966,83	1495,02
967,00	1472,49
967,17	1490,92
967,34	1546,22
967,51	1507,30
967,68	1490,92
967,85	1449,96
968,02	1556,46
968,19	1398,76
968,36	1548,26
968,53	1359,85
968,70	1460,20
968,87	1531,88
969,04	1538,02
969,21	1449,96
969,38	1617,90
969,55	1480,68
969,72	1554,41
969,89	1556,46
970,06	1464,30
970,23	1417,19
970,40	1523,69
970,57	1470,44
970,74	1501,16
970,91	1497,07
971,08	1417,19
971,25	1435,63
971,42	1538,02
971,59	1513,45
971,76	1515,50
971,93	1482,73
972,10	1507,30
972,27	1480,68
972,44	1527,78
972,61	1519,59
972,78	1501,16
972,95	1437,67
973,12	1638,38
973,29	1484,78
973,46	1439,72
973,63	1509,35
973,80	1466,35
973,97	1478,63
974,14	1517,54
974,30	1480,68
974,47	1525,74
974,64	1495,02
974,81	1523,69
974,98	1570,79
975,15	1482,73
975,32	1570,79
975,49	1492,97
975,66	1454,06
975,83	1566,70
976,00	1554,41
976,17	1435,63
976,34	1402,86
976,51	1452,01
976,68	1419,24
976,85	1474,54
977,02	1533,93
977,19	1542,12
977,36	1402,86
977,52	1525,74
977,69	1517,54
977,86	1589,22
978,03	1404,91
978,20	1535,98
978,37	1464,30
978,54	1533,93
978,71	1566,70
978,88	1566,70
979,05	1503,21
979,22	1466,35
979,39	1556,46
979,56	1554,41
979,72	1374,19
979,89	1511,40
980,06	1490,92
980,23	1552,36
980,40	1409,00
980,57	1519,59
980,74	1519,59
980,91	1427,43
981,08	1533,93
981,25	1466,35
981,41	1458,15
981,58	1454,06
981,75	1437,67
981,92	1607,66
982,09	1495,02
982,26	1460,20
982,43	1437,67
982,60	1519,59
982,77	1474,54
982,93	1476,59
983,10	1464,30
983,27	1460,20
983,44	1439,72
983,61	1497,07
983,78	1433,58
983,95	1488,87
984,11	1460,20
984,28	1544,17
984,45	1490,92
984,62	1386,47
984,79	1441,77
984,96	1419,24
985,13	1460,20
985,30	1568,74
985,46	1433,58
985,63	1519,59
985,80	1497,07
985,97	1495,02
986,14	1456,11
986,31	1515,50
986,47	1519,59
986,64	1454,06
986,81	1425,39
986,98	1441,77
987,15	1435,63
987,32	1464,30
987,48	1492,97
987,65	1515,50
987,82	1439,72
987,99	1544,17
988,16	1781,73
988,33	1601,51
988,49	1398,76
988,66	1511,40
988,83	1507,30
989,00	1488,87
989,17	1376,24
989,34	1517,54
989,50	1509,35
989,67	1411,05
989,84	1413,10
990,01	1449,96
990,18	1566,70
990,34	1435,63
990,51	1386,47
990,68	1443,82
990,85	1599,46
991,02	1474,54
991,18	1454,06
991,35	1456,11
991,52	1521,64
991,69	1447,91
991,86	1441,77
992,02	1392,62
992,19	1480,68
992,36	1564,65
992,53	1490,92
992,69	1433,58
992,86	1429,48
993,03	1533,93
993,20	1392,62
993,37	1544,17
993,53	1589,22
993,70	1482,73
993,87	1470,44
994,04	1437,67
994,20	1421,29
994,37	1527,78
994,54	1478,63
994,71	1482,73
994,87	1492,97
995,04	1591,27
995,21	1474,54
995,38	1458,15
995,55	1390,57
995,71	1445,87
995,88	1423,34
996,05	1513,45
996,22	1556,46
996,38	1484,78
996,55	1509,35
996,72	1462,25
996,88	1591,27
997,05	2197,47
997,22	1429,48
997,39	1398,76
997,55	1558,50
997,72	1449,96
997,89	1382,38
998,06	1531,88
998,22	1454,06
998,39	1441,77
998,56	1417,19
998,73	1478,63
998,89	1384,43
999,06	1445,87
999,23	1433,58
999,39	1488,87
999,56	1462,25
999,73	1458,15
999,90	1435,63
1000,06	1529,83
1000,23	1492,97
1000,40	1490,92
1000,56	1470,44
1000,73	1421,29
1000,90	1429,48
1001,06	1474,54
1001,23	1501,16
1001,40	1509,35
1001,57	1468,39
1001,73	1458,15
1001,90	1454,06
1002,07	1406,95
1002,23	1472,49
1002,40	1478,63
1002,57	1435,63
1002,73	1507,30
1002,90	1388,52
1003,07	1484,78
1003,23	1404,91
1003,40	1462,25
1003,57	1433,58
1003,73	1415,15
1003,90	1488,87
1004,07	1394,67
1004,23	1415,15
1004,40	1406,95
1004,57	1447,91
1004,73	1343,47
1004,90	1433,58
1005,07	1470,44
1005,23	1480,68
1005,40	1394,67
1005,57	1394,67
1005,73	1548,26
1005,90	1398,76
1006,07	1472,49
1006,23	1472,49
1006,40	1474,54
1006,57	1431,53
1006,73	1521,64
1006,90	1417,19
1007,06	1431,53
1007,23	1406,95
1007,40	1431,53
1007,56	1435,63
1007,73	1476,59
1007,90	1441,77
1008,06	1482,73
1008,23	1425,39
1008,40	1517,54
1008,56	1433,58
1008,73	1380,33
1008,89	1484,78
1009,06	1523,69
1009,23	1413,10
1009,39	1478,63
1009,56	1351,66
1009,72	1478,63
1009,89	1501,16
1010,06	1458,15
1010,22	1433,58
1010,39	1474,54
1010,55	1437,67
1010,72	1480,68
1010,89	1400,81
1011,05	1505,26
1011,22	1415,15
1011,38	1476,59
1011,55	1429,48
1011,72	1363,95
1011,88	1468,39
1012,05	1419,24
1012,21	1517,54
1012,38	1449,96
1012,55	1439,72
1012,71	1372,14
1012,88	1409,00
1013,04	1456,11
1013,21	1466,35
1013,37	1460,20
1013,54	1429,48
1013,71	1454,06
1013,87	1466,35
1014,04	1605,61
1014,20	1454,06
1014,37	1445,87
1014,53	1454,06
1014,70	1423,34
1014,87	1419,24
1015,03	1478,63
1015,20	1439,72
1015,36	1495,02
1015,53	1322,99
1015,69	1519,59
1015,86	1460,20
1016,02	1583,08
1016,19	1533,93
1016,36	1443,82
1016,52	1447,91
1016,69	1478,63
1016,85	1499,11
1017,02	1497,07
1017,18	1490,92
1017,35	1441,77
1017,51	1361,90
1017,68	1490,92
1017,84	1411,05
1018,01	1392,62
1018,17	1449,96
1018,34	1517,54
1018,50	1394,67
1018,67	1388,52
1018,84	1497,07
1019,00	1392,62
1019,17	1517,54
1019,33	1386,47
1019,50	1445,87
1019,66	1480,68
1019,83	1429,48
1019,99	1511,40
1020,16	1390,57
1020,32	1404,91
1020,49	1566,70
1020,65	1400,81
1020,82	1482,73
1020,98	1468,39
1021,15	1433,58
1021,31	1482,73
1021,48	1390,57
1021,64	1525,74
1021,81	1431,53
1021,97	1409,00
1022,14	1452,01
1022,30	1417,19
1022,47	1437,67
1022,63	1454,06
1022,79	1472,49
1022,96	1466,35
1023,12	1417,19
1023,29	1484,78
1023,45	1470,44
1023,62	1501,16
1023,78	1419,24
1023,95	1474,54
1024,11	1425,39
1024,28	1390,57
1024,44	1452,01
1024,61	1372,14
1024,77	1421,29
1024,94	1402,86
1025,10	1476,59
1025,26	1406,95
1025,43	1486,83
1025,59	1464,30
1025,76	1443,82
1025,92	1527,78
1026,09	1429,48
1026,25	1505,26
1026,42	1390,57
1026,58	1368,04
1026,74	1509,35
1026,91	1439,72
1027,07	1464,30
1027,24	1566,70
1027,40	1357,80
1027,57	1492,97
1027,73	1456,11
1027,90	1535,98
1028,06	1404,91
1028,22	1392,62
1028,39	1460,20
1028,55	1456,11
1028,72	1460,20
1028,88	1513,45
1029,04	1462,25
1029,21	1431,53
1029,37	1409,00
1029,54	1464,30
1029,70	1392,62
1029,87	1374,19
1030,03	1335,28
1030,19	1470,44
1030,36	1429,48
1030,52	1460,20
1030,69	1413,10
1030,85	1456,11
1031,01	1492,97
1031,18	1488,87
1031,34	1464,30
1031,50	1460,20
1031,67	1437,67
1031,83	1443,82
1032,00	1449,96
1032,16	1429,48
1032,32	1464,30
1032,49	1460,20
1032,65	1488,87
1032,82	1452,01
1032,98	1437,67
1033,14	1433,58
1033,31	1443,82
1033,47	1497,07
1033,63	1392,62
1033,80	1404,91
1033,96	1398,76
1034,13	1460,20
1034,29	1449,96
1034,45	1513,45
1034,62	1372,14
1034,78	1484,78
1034,94	1411,05
1035,11	1482,73
1035,27	1304,56
1035,43	1351,66
1035,60	1423,34
1035,76	1433,58
1035,92	1445,87
1036,09	1417,19
1036,25	1472,49
1036,41	1378,28
1036,58	1529,83
1036,74	1507,30
1036,90	1392,62
1037,07	1390,57
1037,23	1431,53
1037,39	1566,70
1037,56	1429,48
1037,72	1447,91
1037,88	1449,96
1038,05	1423,34
1038,21	1435,63
1038,37	1449,96
1038,54	1511,40
1038,70	1507,30
1038,86	1443,82
1039,03	1423,34
1039,19	1454,06
1039,35	1425,39
1039,52	1462,25
1039,68	1476,59
1039,84	1417,19
1040,00	1488,87
1040,17	1363,95
1040,33	1402,86
1040,49	1447,91
1040,66	1484,78
1040,82	1409,00
1040,98	1466,35
1041,15	1495,02
1041,31	1503,21
1041,47	1472,49
1041,63	1394,67
1041,80	1437,67
1041,96	1474,54
1042,12	1380,33
1042,29	1460,20
1042,45	1511,40
1042,61	1439,72
1042,77	1394,67
1042,94	1474,54
1043,10	1591,27
1043,26	1411,05
1043,42	1353,71
1043,59	1478,63
1043,75	1470,44
1043,91	1378,28
1044,07	1478,63
1044,24	1396,71
1044,40	1413,10
