345,22	1294,32
345,44	1294,32
345,66	1294,32
345,88	1193,97
346,10	1224,69
346,32	1370,09
346,54	1363,95
346,75	1327,08
346,97	1378,28
347,19	1413,10
347,41	1419,24
347,63	1306,60
347,85	1327,08
348,07	1380,33
348,29	1460,20
348,51	1378,28
348,73	1400,81
348,95	1388,52
349,16	1394,67
349,38	1417,19
349,60	1425,39
349,82	1394,67
350,04	1351,66
350,26	1429,48
350,48	1435,63
350,70	1478,63
350,92	1386,47
351,14	1443,82
351,35	1474,54
351,57	1390,57
351,79	1441,77
352,01	1357,80
352,23	1349,61
352,45	1449,96
352,67	1435,63
352,89	1363,95
353,10	1376,24
353,32	1333,23
353,54	1447,91
353,76	1396,71
353,98	1406,95
354,20	1343,47
354,42	1388,52
354,64	1335,28
354,85	1452,01
355,07	1413,10
355,29	1368,04
355,51	1353,71
355,73	1349,61
355,95	1343,47
356,17	1357,80
356,38	1372,14
356,60	1406,95
356,82	1454,06
357,04	1390,57
357,26	1402,86
357,48	1425,39
357,69	1415,15
357,91	1415,15
358,13	1423,34
358,35	1400,81
358,57	1423,34
358,79	1429,48
359,01	1363,95
359,22	1400,81
359,44	1439,72
359,66	1394,67
359,88	1314,80
360,10	1339,37
360,32	1402,86
360,53	1400,81
360,75	1411,05
360,97	1454,06
361,19	1394,67
361,41	1460,20
361,62	1384,43
361,84	1366,00
362,06	1368,04
362,28	1341,42
362,50	1427,43
362,72	1382,38
362,93	1447,91
363,15	1290,22
363,37	1353,71
363,59	1404,91
363,81	1331,18
364,02	1398,76
364,24	1376,24
364,46	1425,39
364,68	1339,37
364,90	1470,44
365,11	1411,05
365,33	1525,74
365,55	1419,24
365,77	1386,47
365,99	1322,99
366,20	1439,72
366,42	1404,91
366,64	1380,33
366,86	1423,34
367,07	1427,43
367,29	1361,90
367,51	1384,43
367,73	1394,67
367,95	1404,91
368,16	1433,58
368,38	1449,96
368,60	1441,77
368,82	1441,77
369,03	1421,29
369,25	1468,39
369,47	1357,80
369,69	1402,86
369,91	1363,95
370,12	1357,80
370,34	1320,94
370,56	1329,13
370,78	1335,28
370,99	1433,58
371,21	1413,10
371,43	1398,76
371,65	1388,52
371,86	1419,24
372,08	1492,97
372,30	1415,15
372,52	1361,90
372,73	1370,09
372,95	1392,62
373,17	1392,62
373,39	1411,05
373,60	1423,34
373,82	1464,30
374,04	1394,67
374,26	1398,76
374,47	1355,76
374,69	1339,37
374,91	1490,92
375,12	1429,48
375,34	1400,81
375,56	1427,43
375,78	1456,11
375,99	1366,00
376,21	1529,83
376,43	1380,33
376,65	1437,67
376,86	1462,25
377,08	1376,24
377,30	1435,63
377,51	1355,76
377,73	1351,66
377,95	1421,29
378,17	1366,00
378,38	1351,66
378,60	1478,63
378,82	1449,96
379,03	1452,01
379,25	1363,95
379,47	1513,45
379,68	1333,23
379,90	1335,28
380,12	1423,34
380,34	1445,87
380,55	1378,28
380,77	1355,76
380,99	1366,00
381,20	1472,49
381,42	1384,43
381,64	1368,04
381,85	1351,66
382,07	1511,40
382,29	1429,48
382,50	1501,16
382,72	1376,24
382,94	1382,38
383,15	1437,67
383,37	1378,28
383,59	1372,14
383,80	1411,05
384,02	1366,00
384,24	1396,71
384,45	1490,92
384,67	1462,25
384,89	1300,46
385,10	1333,23
385,32	1372,14
385,54	1396,71
385,75	1394,67
385,97	1394,67
386,19	1419,24
386,40	1452,01
386,62	1400,81
386,84	1413,10
387,05	1384,43
387,27	1366,00
387,49	1380,33
387,70	1337,32
387,92	1380,33
388,14	1294,32
388,35	1392,62
388,57	1366,00
388,79	1413,10
389,00	1366,00
389,22	1370,09
389,43	1417,19
389,65	1427,43
389,87	1372,14
390,08	1372,14
390,30	1423,34
390,52	1411,05
390,73	1443,82
390,95	1337,32
391,17	1413,10
391,38	1411,05
391,60	1474,54
391,81	1376,24
392,03	1335,28
392,25	1351,66
392,46	1357,80
392,68	1411,05
392,89	1413,10
393,11	1409,00
393,33	1382,38
393,54	1417,19
393,76	1419,24
393,98	1413,10
394,19	1376,24
394,41	1392,62
394,62	1353,71
394,84	1413,10
395,06	1284,08
395,27	1398,76
395,49	1445,87
395,70	1456,11
395,92	1382,38
396,13	1429,48
396,35	1488,87
396,57	1331,18
396,78	1343,47
397,00	1404,91
397,21	1443,82
397,43	1429,48
397,65	1421,29
397,86	1423,34
398,08	1454,06
398,29	1398,76
398,51	1347,56
398,72	1458,15
398,94	1546,22
399,16	1343,47
399,37	1388,52
399,59	1495,02
399,80	1384,43
400,02	1312,75
400,23	1454,06
400,45	1419,24
400,67	1445,87
400,88	1378,28
401,10	1363,95
401,31	1427,43
401,53	1363,95
401,74	1392,62
401,96	1308,65
402,17	1435,63
402,39	1341,42
402,61	1415,15
402,82	1343,47
403,04	1464,30
403,25	1372,14
403,47	1490,92
403,68	1337,32
403,90	1466,35
404,11	1447,91
404,33	1327,08
404,54	1492,97
404,76	1404,91
404,97	1366,00
405,19	1509,35
405,41	1398,76
405,62	1456,11
405,84	1398,76
406,05	1404,91
406,27	1353,71
406,48	1386,47
406,70	1353,71
406,91	1406,95
407,13	1275,88
407,34	1429,48
407,56	1478,63
407,77	1431,53
407,99	1406,95
408,20	1447,91
408,42	1286,12
408,63	1345,52
408,85	1415,15
409,06	1378,28
409,28	1501,16
409,49	1415,15
409,71	1441,77
409,92	1529,83
410,14	1372,14
410,35	1511,40
410,57	1454,06
410,78	1382,38
411,00	1431,53
411,21	1429,48
411,43	1456,11
411,64	1392,62
411,86	1421,29
412,07	1478,63
412,29	1509,35
412,50	1368,04
412,72	1409,00
412,93	1546,22
413,15	1484,78
413,36	1429,48
413,58	1480,68
413,79	1417,19
414,01	1449,96
414,22	1443,82
414,43	1439,72
414,65	1413,10
414,86	1325,04
415,08	1341,42
415,29	1456,11
415,51	1361,90
415,72	1388,52
415,94	1370,09
416,15	1476,59
416,37	1501,16
416,58	1363,95
416,80	1386,47
417,01	1320,94
417,22	1429,48
417,44	1441,77
417,65	1386,47
417,87	1325,04
418,08	1492,97
418,30	1400,81
418,51	1466,35
418,73	1431,53
418,94	1380,33
419,15	1415,15
419,37	1355,76
419,58	1398,76
419,80	1435,63
420,01	1490,92
420,23	1413,10
420,44	1439,72
420,65	1441,77
420,87	1443,82
421,08	1384,43
421,30	1484,78
421,51	1406,95
421,73	1396,71
421,94	1402,86
422,15	1452,01
422,37	1400,81
422,58	1394,67
422,80	1433,58
423,01	1380,33
423,22	1370,09
423,44	1363,95
423,65	1499,11
423,87	1384,43
424,08	1452,01
424,29	1366,00
424,51	1353,71
424,72	1417,19
424,94	1398,76
425,15	1421,29
425,36	1425,39
425,58	1429,48
425,79	1443,82
426,01	1437,67
426,22	1409,00
426,43	1402,86
426,65	1300,46
426,86	1361,90
427,08	1437,67
427,29	1384,43
427,50	1384,43
427,72	1382,38
427,93	1474,54
428,14	1382,38
428,36	1394,67
428,57	1417,19
428,79	1390,57
429,00	1431,53
429,21	1413,10
429,43	1433,58
429,64	1353,71
429,85	1388,52
430,07	1445,87
430,28	1406,95
430,49	1327,08
430,71	1372,14
430,92	1476,59
431,14	1333,23
431,35	1404,91
431,56	1425,39
431,78	1417,19
431,99	1425,39
432,20	1413,10
432,42	1390,57
432,63	1429,48
432,84	1447,91
433,06	1447,91
433,27	1431,53
433,48	1566,70
433,70	1292,27
433,91	1462,25
434,12	1339,37
434,34	1411,05
434,55	1439,72
434,76	1345,52
434,98	1425,39
435,19	1400,81
435,40	1325,04
435,62	1406,95
435,83	1437,67
436,04	1343,47
436,26	1443,82
436,47	1343,47
436,68	1361,90
436,90	1419,24
437,11	1337,32
437,32	1361,90
437,54	1439,72
437,75	1468,39
437,96	1415,15
438,17	1427,43
438,39	1390,57
438,60	1417,19
438,81	1368,04
439,03	1488,87
439,24	1382,38
439,45	1386,47
439,67	1396,71
439,88	1425,39
440,09	1372,14
440,30	1368,04
440,52	1333,23
440,73	1335,28
440,94	1341,42
441,16	1425,39
441,37	1421,29
441,58	1421,29
441,80	1357,80
442,01	1329,13
442,22	1454,06
442,43	1390,57
442,65	1454,06
442,86	1515,50
443,07	1433,58
443,28	1400,81
443,50	1441,77
443,71	1445,87
443,92	1406,95
444,14	1376,24
444,35	1417,19
444,56	1415,15
444,77	1351,66
444,99	1394,67
445,20	1423,34
445,41	1480,68
445,62	1449,96
445,84	1427,43
446,05	1411,05
446,26	1515,50
446,47	1402,86
446,69	1425,39
446,90	1384,43
447,11	1540,07
447,32	1413,10
447,54	1404,91
447,75	1421,29
447,96	1456,11
448,17	1372,14
448,39	1447,91
448,60	1392,62
448,81	1425,39
449,02	1439,72
449,23	1452,01
449,45	1396,71
449,66	1398,76
449,87	1429,48
450,08	1449,96
450,30	1452,01
450,51	1454,06
450,72	1490,92
450,93	1425,39
451,15	1466,35
451,36	1398,76
451,57	1427,43
451,78	1439,72
451,99	1437,67
452,21	1427,43
452,42	1433,58
452,63	1406,95
452,84	1384,43
453,05	1417,19
453,27	1366,00
453,48	1449,96
453,69	1363,95
453,90	1390,57
454,11	1431,53
454,33	1349,61
454,54	1394,67
454,75	1433,58
454,96	1406,95
455,17	1384,43
455,39	1363,95
455,60	1374,19
455,81	1415,15
456,02	1421,29
456,23	1525,74
456,45	1368,04
456,66	1490,92
456,87	1417,19
457,08	1433,58
457,29	1509,35
457,50	1353,71
457,72	1458,15
457,93	1429,48
458,14	1505,26
458,35	1488,87
458,56	1435,63
458,77	1366,00
458,99	1460,20
459,20	1441,77
459,41	1505,26
459,62	1466,35
459,83	1425,39
460,04	1437,67
460,26	1423,34
460,47	1439,72
460,68	1382,38
460,89	1429,48
461,10	1476,59
461,31	1460,20
461,52	1411,05
461,74	1460,20
461,95	1378,28
462,16	1402,86
462,37	1425,39
462,58	1386,47
462,79	1507,30
463,00	1392,62
463,22	1466,35
463,43	1413,10
463,64	1456,11
463,85	1427,43
464,06	1462,25
464,27	1390,57
464,48	1415,15
464,70	1413,10
464,91	1454,06
465,12	1445,87
465,33	1409,00
465,54	1558,50
465,75	1425,39
465,96	1423,34
466,17	1433,58
466,38	1443,82
466,60	1435,63
466,81	1376,24
467,02	1490,92
467,23	1517,54
467,44	1468,39
467,65	1421,29
467,86	1427,43
468,07	1409,00
468,28	1384,43
468,50	1435,63
468,71	1513,45
468,92	1384,43
469,13	1382,38
469,34	1458,15
469,55	1417,19
469,76	1335,28
469,97	1433,58
470,18	1400,81
470,39	1439,72
470,60	1550,31
470,82	1429,48
471,03	1495,02
471,24	1437,67
471,45	1443,82
471,66	1427,43
471,87	1406,95
472,08	1441,77
472,29	1417,19
472,50	1501,16
472,71	1363,95
472,92	1480,68
473,13	1398,76
473,34	1525,74
473,55	1472,49
473,77	1499,11
473,98	1466,35
474,19	1423,34
474,40	1406,95
474,61	1435,63
474,82	1325,04
475,03	1470,44
475,24	1363,95
475,45	1429,48
475,66	1452,01
475,87	1368,04
476,08	1431,53
476,29	1507,30
476,50	1433,58
476,71	1511,40
476,92	1415,15
477,13	1482,73
477,34	1449,96
477,55	1417,19
477,76	1447,91
477,97	1482,73
478,18	1402,86
478,40	1353,71
478,61	1454,06
478,82	1413,10
479,03	1509,35
479,24	1480,68
479,45	1392,62
479,66	1460,20
479,87	1507,30
480,08	1353,71
480,29	1468,39
480,50	1468,39
480,71	1433,58
480,92	1476,59
481,13	1394,67
481,34	1437,67
481,55	1411,05
481,76	1452,01
481,97	1472,49
482,18	1492,97
482,39	1329,13
482,60	1464,30
482,81	1433,58
483,02	1452,01
483,23	1517,54
483,44	1464,30
483,65	1406,95
483,86	1458,15
484,07	1488,87
484,28	1454,06
484,49	1460,20
484,70	1482,73
484,91	1447,91
485,12	1409,00
485,33	1388,52
485,54	1474,54
485,75	1384,43
485,96	1550,31
486,17	1419,24
486,38	1398,76
486,59	1499,11
486,80	1499,11
487,01	1470,44
487,21	1439,72
487,42	1322,99
487,63	1601,51
487,84	1478,63
488,05	1441,77
488,26	1535,98
488,47	1380,33
488,68	1363,95
488,89	1468,39
489,10	1398,76
489,31	1472,49
489,52	1519,59
489,73	1435,63
489,94	1511,40
490,15	1417,19
490,36	1535,98
490,57	1427,43
490,78	1380,33
490,99	1476,59
491,20	1476,59
491,41	1468,39
491,61	1535,98
491,82	1490,92
492,03	1449,96
492,24	1468,39
492,45	1452,01
492,66	1431,53
492,87	1464,30
493,08	1429,48
493,29	1417,19
493,50	1482,73
493,71	1525,74
493,92	1462,25
494,13	1456,11
494,34	1341,42
494,54	1497,07
494,75	1474,54
494,96	1574,89
495,17	1441,77
495,38	1460,20
495,59	1339,37
495,80	1554,41
496,01	1542,12
496,22	1454,06
496,43	1445,87
496,64	1490,92
496,84	1421,29
497,05	1439,72
497,26	1621,99
497,47	1458,15
497,68	1515,50
497,89	1488,87
498,10	1523,69
498,31	1540,07
498,52	1574,89
498,72	1558,50
498,93	1527,78
499,14	1499,11
499,35	1445,87
499,56	1478,63
499,77	1425,39
499,98	1419,24
500,19	1449,96
500,40	1466,35
500,60	1421,29
500,81	1484,78
501,02	1468,39
501,23	1515,50
501,44	1486,83
501,65	1466,35
501,86	1439,72
502,06	1441,77
502,27	1437,67
502,48	1519,59
502,69	1456,11
502,90	1617,90
503,11	1445,87
503,32	1503,21
503,53	1460,20
503,73	1509,35
503,94	1443,82
504,15	1535,98
504,36	1490,92
504,57	1484,78
504,78	1505,26
504,98	1497,07
505,19	1394,67
505,40	1400,81
505,61	1458,15
505,82	1456,11
506,03	1478,63
506,23	1374,19
506,44	1519,59
506,65	1478,63
506,86	1474,54
507,07	1380,33
507,28	1476,59
507,48	1511,40
507,69	1531,88
507,90	1476,59
508,11	1376,24
508,32	1511,40
508,53	1535,98
508,73	1476,59
508,94	1470,44
509,15	1468,39
509,36	1562,60
509,57	1505,26
509,77	1540,07
509,98	1433,58
510,19	1472,49
510,40	1474,54
510,61	1462,25
510,81	1589,22
511,02	1517,54
511,23	1540,07
511,44	1452,01
511,65	1478,63
511,85	1591,27
512,06	1409,00
512,27	1413,10
512,48	1468,39
512,69	1507,30
512,89	1437,67
513,10	1495,02
513,31	1490,92
513,52	1499,11
513,73	1468,39
513,93	1558,50
514,14	1509,35
514,35	1595,37
514,56	1492,97
514,76	1533,93
514,97	1521,64
515,18	1593,32
515,39	1435,63
515,60	1533,93
515,80	1499,11
516,01	1478,63
516,22	1550,31
516,43	1499,11
516,63	1525,74
516,84	1554,41
517,05	1435,63
517,26	1458,15
517,46	1578,98
517,67	1509,35
517,88	1515,50
518,09	1548,26
518,29	1497,07
518,50	1509,35
518,71	1548,26
518,92	1490,92
519,12	1490,92
519,33	1560,55
519,54	1501,16
519,75	1583,08
519,95	1486,83
520,16	1497,07
520,37	1505,26
520,57	1492,97
520,78	1572,84
520,99	1544,17
521,20	1462,25
521,40	1474,54
521,61	1556,46
521,82	1503,21
522,03	1476,59
522,23	1488,87
522,44	1472,49
522,65	1462,25
522,85	1492,97
523,06	1478,63
523,27	1490,92
523,48	1538,02
523,68	1521,64
523,89	1466,35
524,10	1509,35
524,30	1419,24
524,51	1529,83
524,72	1499,11
524,93	1499,11
525,13	1431,53
525,34	1484,78
525,55	1513,45
525,75	1525,74
525,96	1544,17
526,17	1542,12
526,37	1523,69
526,58	1470,44
526,79	1474,54
526,99	1480,68
527,20	1550,31
527,41	1533,93
527,62	1499,11
527,82	1484,78
528,03	1402,86
528,24	1497,07
528,44	1591,27
528,65	1533,93
528,86	1517,54
529,06	1511,40
529,27	1546,22
529,48	1480,68
529,68	1562,60
529,89	1593,32
530,10	1576,94
530,30	1466,35
530,51	1462,25
530,72	1497,07
530,92	1521,64
531,13	1546,22
531,34	1578,98
531,54	1417,19
531,75	1495,02
531,96	1568,74
532,16	1566,70
532,37	1558,50
532,57	1572,84
532,78	1503,21
532,99	1550,31
533,19	1595,37
533,40	1542,12
533,61	1472,49
533,81	1509,35
534,02	1499,11
534,23	1468,39
534,43	1587,18
534,64	1533,93
534,84	1540,07
535,05	1544,17
535,26	1533,93
535,46	1556,46
535,67	1615,85
535,88	1472,49
536,08	1525,74
536,29	1495,02
536,49	1505,26
536,70	1572,84
536,91	1546,22
537,11	1578,98
537,32	1560,55
537,53	1550,31
537,73	1585,13
537,94	1495,02
538,14	1597,42
538,35	1417,19
538,56	1447,91
538,76	1511,40
538,97	1478,63
539,17	1599,46
539,38	1624,04
539,59	1572,84
539,79	1595,37
540,00	1615,85
540,20	1570,79
540,41	1497,07
540,62	1634,28
540,82	1570,79
541,03	1531,88
541,23	1589,22
541,44	1544,17
541,64	1599,46
541,85	1550,31
542,06	1488,87
542,26	1507,30
542,47	1548,26
542,67	1589,22
542,88	1587,18
543,08	1574,89
543,29	1621,99
543,50	1599,46
543,70	1683,43
543,91	1595,37
544,11	1552,36
544,32	1634,28
544,52	1621,99
544,73	1460,20
544,94	1542,12
545,14	1517,54
545,35	1523,69
545,55	1621,99
545,76	1558,50
545,96	1609,70
546,17	1603,56
546,37	1505,26
546,58	1640,42
546,78	1527,78
546,99	1613,80
547,20	1583,08
547,40	1576,94
547,61	1562,60
547,81	1509,35
548,02	1542,12
548,22	1517,54
548,43	1609,70
548,63	1619,94
548,84	1619,94
549,04	1599,46
549,25	1538,02
549,45	1615,85
549,66	1529,83
549,86	1630,18
550,07	1638,38
550,27	1574,89
550,48	1562,60
550,69	1636,33
550,89	1581,03
551,10	1542,12
551,30	1656,81
551,51	1495,02
551,71	1546,22
551,92	1603,56
552,12	1578,98
552,33	1523,69
552,53	1548,26
552,74	1568,74
552,94	1665,00
553,15	1505,26
553,35	1689,57
553,56	1603,56
553,76	1523,69
553,97	1552,36
554,17	1490,92
554,38	1583,08
554,58	1589,22
554,79	1501,16
554,99	1548,26
555,19	1486,83
555,40	1617,90
555,60	1638,38
555,81	1538,02
556,01	1613,80
556,22	1546,22
556,42	1527,78
556,63	1550,31
556,83	1583,08
557,04	1566,70
557,24	1660,90
557,45	1621,99
557,65	1578,98
557,86	1538,02
558,06	1603,56
558,27	1556,46
558,47	1572,84
558,67	1673,19
558,88	1615,85
559,08	1544,17
559,29	1595,37
559,49	1695,72
559,70	1583,08
559,90	1458,15
560,11	1589,22
560,31	1630,18
560,52	1628,14
560,72	1581,03
560,92	1538,02
561,13	1560,55
561,33	1572,84
561,54	1662,95
561,74	1636,33
561,95	1560,55
562,15	1587,18
562,35	1599,46
562,56	1615,85
562,76	1544,17
562,97	1605,61
563,17	1572,84
563,38	1701,86
563,58	1576,94
563,78	1578,98
563,99	1548,26
564,19	1484,78
564,40	1660,90
564,60	1613,80
564,80	1591,27
565,01	1525,74
565,21	1646,57
565,42	1689,57
565,62	1554,41
565,83	1650,66
566,03	1624,04
566,23	1570,79
566,44	1615,85
566,64	1615,85
566,85	1597,42
567,05	1605,61
567,25	1490,92
567,46	1658,85
567,66	1583,08
567,86	1636,33
568,07	1581,03
568,27	1669,09
568,48	1521,64
568,68	1599,46
568,88	1566,70
569,09	1570,79
569,29	1583,08
569,50	1621,99
569,70	1589,22
569,90	1665,00
570,11	1572,84
570,31	1603,56
570,51	1652,71
570,72	1566,70
570,92	1585,13
571,13	1691,62
571,33	1556,46
571,53	1675,24
571,74	1658,85
571,94	1611,75
572,14	1566,70
572,35	1593,32
572,55	1630,18
572,75	1615,85
572,96	1683,43
573,16	1660,90
573,36	1662,95
573,57	1642,47
573,77	1636,33
573,97	1654,76
574,18	1548,26
574,38	1693,67
574,59	1695,72
574,79	1572,84
574,99	1634,28
575,20	1589,22
575,40	1593,32
575,60	1648,61
575,81	1695,72
576,01	1679,33
576,21	1619,94
576,42	1624,04
576,62	1511,40
576,82	1603,56
577,02	1621,99
577,23	1591,27
577,43	1724,39
577,63	1640,42
577,84	1556,46
578,04	1619,94
578,24	1603,56
578,45	1671,14
578,65	1583,08
578,85	1669,09
579,06	1761,25
579,26	1701,86
579,46	1636,33
579,67	1677,29
579,87	1689,57
580,07	1605,61
580,27	1593,32
580,48	1673,19
580,68	1660,90
580,88	1703,91
581,09	1689,57
581,29	1619,94
581,49	1728,49
581,69	1687,53
581,90	1609,70
582,10	1662,95
582,30	1685,48
582,51	1785,83
582,71	1689,57
582,91	1640,42
583,11	1742,82
583,32	1621,99
583,52	1572,84
583,72	1642,47
583,93	1748,97
584,13	1673,19
584,33	1734,63
584,53	1751,01
584,74	1720,29
584,94	1677,29
585,14	1701,86
585,34	1744,87
585,55	1654,76
585,75	1761,25
585,95	1826,79
586,15	1748,97
586,36	1828,84
586,56	1718,25
586,76	1740,77
586,96	1738,73
587,17	1751,01
587,37	1777,64
587,57	1757,16
587,77	1787,88
587,98	1800,16
588,18	1681,38
588,38	1679,33
588,58	1705,96
588,79	1822,69
588,99	1738,73
589,19	1789,92
589,39	1765,35
589,60	1791,97
589,80	1875,94
590,00	1857,51
590,20	1853,41
590,40	1804,26
590,61	1773,54
590,81	1820,64
591,01	1728,49
591,21	1814,50
591,42	1787,88
591,62	1779,68
591,82	1769,44
592,02	1882,08
592,22	1853,41
592,43	1775,59
592,63	1902,56
592,83	1927,14
593,03	1886,18
593,23	1925,09
593,44	1888,23
593,64	1869,80
593,84	1888,23
594,04	1931,23
594,24	1837,03
594,45	1955,81
594,65	1855,46
594,85	1984,48
595,05	1890,28
595,25	1837,03
595,46	1920,99
595,66	2002,91
595,86	1968,10
596,06	1869,80
596,26	1994,72
596,46	1968,10
596,67	1998,82
596,87	1966,05
597,07	1996,77
597,27	1976,29
597,47	1992,67
597,67	2084,83
597,88	1937,38
598,08	1982,43
598,28	2121,70
598,48	2078,69
598,68	2023,39
598,88	2123,74
599,09	2113,50
599,29	1935,33
599,49	2070,50
599,69	2152,42
599,89	2164,70
600,09	2064,35
600,30	2107,36
600,50	2123,74
600,70	2138,08
600,90	2170,85
601,10	2203,61
601,30	2215,90
601,50	2152,42
601,71	2332,64
601,91	2189,28
602,11	2127,84
602,31	2240,48
602,51	2301,92
602,71	2254,81
602,91	2230,24
603,11	2275,29
603,32	2338,78
603,52	2351,07
603,72	2502,62
603,92	2326,49
604,12	2275,29
604,32	2430,94
604,52	2432,99
604,72	2361,31
604,93	2506,71
605,13	2551,77
605,33	2473,95
605,53	2457,56
605,73	2435,03
605,93	2703,32
606,13	2516,95
606,33	2498,52
606,53	2416,60
606,74	2557,91
606,94	2570,20
607,14	2648,02
607,34	2654,17
607,54	2682,84
607,74	2734,04
607,94	2652,12
608,14	2789,33
608,34	2705,37
608,54	2693,08
608,74	2713,56
608,95	2764,76
609,15	2775,00
609,35	2738,13
609,55	2899,92
609,75	2858,96
609,95	2844,63
610,15	2908,12
610,35	2922,45
610,55	2775,00
610,75	2936,79
610,95	2979,79
611,15	2959,31
611,35	3082,19
611,55	3153,87
611,76	2963,41
611,96	3114,96
612,16	3235,79
612,36	3160,02
612,56	3260,37
612,76	3246,03
612,96	3227,60
613,16	3205,07
613,36	3301,33
613,56	3274,70
613,76	3330,00
613,96	3360,72
614,16	3313,61
614,36	3254,22
614,56	3348,43
614,76	3461,07
614,96	3471,31
615,16	3479,50
615,36	3536,84
615,56	3575,75
615,76	3602,38
615,97	3520,46
616,17	3647,43
616,37	3698,63
616,57	3645,38
616,77	3751,88
616,97	3895,24
617,17	3745,73
617,37	3796,93
617,57	3887,04
617,77	3973,06
617,97	3975,11
618,17	3837,89
618,37	4100,03
618,57	4038,59
618,77	4046,79
618,97	4097,99
619,17	4153,28
619,37	4190,14
619,57	4186,05
619,77	4140,99
619,97	4413,37
620,17	4345,79
620,37	4351,93
620,57	4349,89
620,77	4542,39
620,97	4437,95
621,17	4491,20
621,37	4460,48
621,57	4630,46
621,77	4689,85
621,97	4761,53
622,17	4650,94
622,37	4872,12
622,57	4718,52
622,77	4843,45
622,97	4892,60
623,17	4921,27
623,37	4902,84
623,57	5117,87
623,77	4997,04
623,97	5097,39
624,16	5343,15
624,36	5203,89
624,56	5179,31
624,76	5351,34
624,96	5414,83
625,16	5279,66
625,36	5439,40
625,56	5423,02
625,76	5576,62
625,96	5662,63
626,16	5566,38
626,36	5683,11
626,56	5889,96
626,76	5910,44
626,96	5918,63
627,16	5908,39
627,36	6035,36
627,56	6137,76
627,76	6182,82
627,96	6180,77
628,16	6279,07
628,35	6156,19
628,55	6160,29
628,75	6463,39
628,95	6430,62
629,15	6549,40
629,35	6463,39
629,55	6619,04
629,75	6584,22
629,95	6877,08
630,15	6746,01
630,35	6872,98
630,55	6842,26
630,75	6967,19
630,95	7073,68
631,14	7061,40
631,34	7200,66
631,54	7233,43
631,74	7436,17
631,94	7419,79
632,14	7407,50
632,34	7528,33
632,54	7638,92
632,74	7702,41
632,94	7595,92
633,14	7927,69
633,33	7716,75
633,53	7999,37
633,73	8097,67
633,93	8216,45
634,13	8134,53
634,33	8357,76
634,53	8376,19
634,73	8277,89
634,93	8445,82
635,12	8519,55
635,32	8650,62
635,52	8894,33
635,72	8972,15
635,92	8787,83
636,12	9029,49
636,32	9002,87
636,52	9117,56
636,71	9217,91
636,91	9389,94
637,11	9482,10
637,31	9449,33
637,51	9637,74
637,71	9639,79
637,91	9840,49
638,11	9777,00
638,30	10008,42
638,50	10180,45
638,70	10174,31
638,90	10387,30
639,10	10352,48
639,30	10501,98
639,50	10622,81
639,69	10723,16
639,89	10645,34
640,09	10944,34
640,29	10909,53
640,49	10934,11
640,69	10936,15
640,88	11104,09
641,08	11091,80
641,28	11347,79
641,48	11558,74
641,68	11304,79
641,88	11620,17
642,07	11824,97
642,27	11837,26
642,47	11933,51
642,67	11880,27
642,87	12279,62
643,07	12316,48
643,26	12515,14
643,46	12441,41
643,66	12486,47
643,86	12840,76
644,06	12482,37
644,26	13027,13
644,45	12785,47
644,65	13100,86
644,85	13348,66
645,05	13250,36
645,25	13520,69
645,44	13702,96
645,64	13610,80
645,84	13559,60
646,04	13821,74
646,24	13985,58
646,43	14192,42
646,63	14147,37
646,83	14210,86
647,03	14554,91
647,23	14380,84
647,42	14829,34
647,62	14694,18
647,82	14741,28
648,02	14864,16
648,22	15107,87
648,41	15269,66
648,61	15265,56
648,81	15425,30
649,01	15630,10
649,20	15963,92
649,40	15654,67
649,60	16031,50
649,80	15757,07
650,00	16078,60
650,19	16074,51
650,39	16539,40
650,59	16441,09
650,79	16604,93
650,98	16690,95
651,18	16848,64
651,38	17063,68
651,58	16940,80
651,77	17264,38
651,97	17383,16
652,17	17420,02
652,37	17278,71
652,56	17786,61
652,76	17628,92
652,96	18138,86
653,16	18300,65
653,35	18435,81
653,55	18654,95
653,75	18464,49
653,95	18433,77
654,14	18642,66
654,34	18745,06
654,54	19252,95
654,74	19201,76
654,93	19527,38
655,13	19527,38
655,33	19115,74
655,52	19613,40
655,72	19912,40
655,92	19789,52
656,12	20145,87
656,31	20309,71
656,51	20358,86
656,71	20006,61
656,91	20672,20
657,10	20537,03
657,30	20809,41
657,50	20614,85
657,69	20997,82
657,89	21124,80
658,09	21280,44
658,29	21315,26
658,48	21511,86
658,68	21518,01
658,88	21632,69
659,07	21833,39
659,27	22003,38
659,47	22283,95
659,66	22167,21
659,86	22023,86
660,06	22552,23
660,26	22525,61
660,45	22757,03
660,65	23195,29
660,85	22898,34
661,04	23230,11
661,24	23252,64
661,44	22992,55
661,63	23324,32
661,83	23797,40
662,03	23662,23
662,22	23991,95
662,42	24096,40
662,62	23869,08
662,81	24196,75
663,01	24235,66
663,21	24710,79
663,40	24651,40
663,60	24823,43
663,80	24905,35
663,99	25595,51
664,19	24934,02
664,39	25339,52
664,58	25239,17
664,78	25685,62
664,98	25845,37
665,17	25679,48
665,37	25745,02
665,57	25964,15
665,76	26064,50
665,96	26173,04
666,16	26795,62
666,35	26758,76
666,55	26173,04
666,74	26619,50
666,94	26934,88
667,14	26879,59
667,33	27254,37
667,53	27149,92
667,73	27186,79
667,92	27266,66
668,12	27534,94
668,32	27891,29
668,51	27432,54
668,71	27897,43
668,90	28094,04
669,10	28098,13
669,30	28292,69
669,49	28554,83
669,69	28474,96
669,89	28341,84
670,08	28626,51
670,28	28974,66
670,47	28800,58
670,67	28925,51
670,87	29212,23
671,06	28741,19
671,26	29359,68
671,45	29533,76
671,65	29392,45
671,85	29447,74
672,04	29664,83
672,24	29898,30
672,43	29507,13
672,63	30068,28
672,83	29740,60
673,02	30029,37
673,22	30103,09
673,41	30441,01
673,61	30234,16
673,81	30346,80
674,00	30518,83
674,20	30715,44
674,39	31034,92
674,59	31374,88
674,78	30688,81
674,98	31159,84
675,18	30924,33
675,37	31401,50
675,57	30864,94
675,76	31241,76
675,96	31391,26
676,15	31573,53
676,35	31401,50
676,55	31706,65
676,74	31772,19
676,94	31686,17
677,13	31579,68
677,33	32058,90
677,52	31841,82
677,72	32032,28
677,91	32013,85
678,11	32138,77
678,31	32134,68
678,50	32458,26
678,70	32165,40
678,89	32642,57
679,09	32472,59
679,28	32333,33
679,48	32706,06
679,67	32734,73
679,87	33117,70
680,06	32988,68
680,26	33242,63
680,46	32859,66
680,65	33025,54
680,85	33052,17
681,04	33238,53
681,24	33342,98
681,43	33330,69
681,63	33510,91
681,82	33787,39
682,02	33392,13
682,21	33162,76
682,41	33394,18
682,60	33570,30
682,80	33588,74
682,99	33830,40
683,19	33850,88
683,38	33531,39
683,58	33674,75
683,77	33590,78
683,97	33981,95
684,16	34420,21
684,36	34014,71
684,55	33842,68
684,75	34270,71
684,94	34184,69
685,14	34504,18
685,33	34463,22
685,53	34196,98
685,72	34199,03
685,92	34409,97
686,11	34278,90
686,31	33840,64
686,50	34450,93
686,70	34149,88
686,89	34371,06
687,09	34534,90
687,28	34375,16
687,48	34176,50
687,67	34315,76
687,87	34708,97
688,06	34457,07
688,26	34684,40
688,45	34549,23
688,65	34684,40
688,84	34674,16
689,03	34446,83
689,23	34305,52
689,42	34979,31
689,62	34831,85
689,81	34657,78
690,01	34838,00
690,20	34360,82
690,40	35134,95
690,59	34766,32
690,79	34213,37
690,98	34821,61
691,17	34686,45
691,37	34625,01
691,56	34547,18
691,76	34926,06
691,95	34586,10
692,15	35040,75
692,34	34856,43
692,54	34635,25
692,73	34840,04
692,92	34842,09
693,12	34811,37
693,31	34760,17
693,51	35149,29
693,70	34405,88
693,90	34506,23
694,09	34465,27
694,28	34747,89
694,48	35040,75
694,67	34543,09
694,87	34731,50
695,06	34893,29
695,26	34702,83
695,45	34622,96
695,64	34844,14
695,84	34526,71
696,03	34287,09
696,23	34485,75
696,42	34399,73
696,61	34622,96
696,81	34305,52
697,00	34115,06
697,20	34338,29
697,39	34459,12
697,58	34377,20
697,78	34463,22
697,97	34203,13
698,17	33734,14
698,36	34340,34
698,55	33981,95
698,75	33934,84
698,94	33887,74
699,14	33967,61
699,33	34223,61
699,52	33971,71
699,72	33687,04
699,91	33693,18
700,10	33695,23
700,30	33439,23
700,49	33512,96
700,69	33340,93
700,88	33662,46
701,07	33584,64
701,27	33422,85
701,46	33551,87
701,65	33388,03
701,85	32865,80
702,04	33062,41
702,23	33240,58
702,43	33361,41
702,62	32781,84
702,82	33228,29
703,01	33394,18
703,20	33093,13
703,40	32634,38
703,59	33005,06
703,78	32628,24
703,98	32878,09
704,17	32818,70
704,36	32650,77
704,56	32237,08
704,75	32239,12
704,94	32837,13
705,14	32417,30
705,33	32130,58
705,52	32302,61
705,72	32374,29
705,91	32128,53
706,10	31915,54
706,30	31798,81
706,49	31843,87
706,68	31895,07
706,88	32058,90
707,07	31641,12
707,26	31464,99
707,46	31471,14
707,65	31579,68
707,84	31376,93
708,04	31249,96
708,23	31303,20
708,42	31131,17
708,62	31292,96
708,81	31221,28
709,00	31249,96
709,19	30993,96
709,39	30850,60
709,58	31012,39
709,77	30553,65
709,97	30674,48
710,16	30311,99
710,35	30686,76
710,55	30545,45
710,74	30279,22
710,93	30393,90
711,12	30293,55
711,32	30035,51
711,51	30023,22
711,70	29972,02
711,90	29767,23
712,09	30115,38
712,28	29683,26
712,47	29511,23
712,67	29554,24
712,86	29570,62
713,05	29138,50
713,24	29013,57
713,44	28857,93
713,63	28776,01
713,82	29015,62
714,02	29097,54
714,21	28724,81
714,40	28810,82
714,59	28929,61
714,79	28319,31
714,98	28388,94
715,17	28356,18
715,36	28212,82
715,56	28485,20
715,75	27954,77
715,94	28356,18
716,13	28147,28
716,33	27385,44
716,52	27434,59
716,71	27401,82
716,90	27709,02
717,10	27108,96
717,29	27354,72
717,48	27336,29
717,67	26820,20
717,87	27121,25
718,06	26977,89
718,25	26793,58
718,44	26754,66
718,63	26674,79
718,83	26449,52
719,02	26496,62
719,21	26330,73
719,40	26013,30
719,60	26183,28
719,79	26074,74
719,98	25861,75
720,17	25656,95
720,36	25439,87
720,56	25089,67
720,75	25181,82
720,94	25556,60
721,13	25149,06
721,33	25075,33
721,52	24962,69
721,71	24774,28
721,90	24821,38
722,09	24540,81
722,29	24516,23
722,48	24342,16
722,67	24376,97
722,86	24336,01
723,05	24168,08
723,24	24059,54
723,44	23948,95
723,63	23889,56
723,82	23598,74
724,01	23756,44
724,20	23613,08
724,40	23744,15
724,59	23285,40
724,78	23264,92
724,97	23146,14
725,16	23305,88
725,35	23162,53
725,55	23117,47
725,74	22937,25
725,93	22435,50
726,12	22744,74
726,31	22329,00
726,51	22894,24
726,70	22345,39
726,89	21896,88
727,08	22263,47
727,27	22138,54
727,46	21917,36
727,65	21917,36
727,85	21851,83
728,04	21843,63
728,23	21358,27
728,42	21436,09
728,61	21540,54
728,80	21427,90
729,00	21315,26
729,19	21255,87
729,38	21630,65
729,57	21219,00
729,76	20956,86
729,95	21044,93
730,14	20930,24
730,33	20596,42
730,53	20651,72
730,72	20424,39
730,91	20504,26
731,10	20487,88
731,29	20598,47
731,48	20444,87
731,67	20231,88
731,86	20238,03
732,06	19955,41
732,25	19967,70
732,44	19951,31
732,63	19640,02
732,82	19812,05
733,01	19680,98
733,20	19365,59
733,39	19572,44
733,59	19427,03
733,78	19154,65
733,97	18976,48
734,16	19023,58
734,35	19125,98
734,54	19021,53
734,73	18859,74
734,92	18939,62
735,11	18622,18
735,30	18710,24
735,49	18697,95
735,69	18435,81
735,88	18364,14
736,07	18398,95
736,26	18294,50
736,45	18323,18
736,64	18040,56
736,83	18216,68
737,02	18034,41
737,21	18020,08
737,40	17676,02
737,59	18009,84
737,78	17409,78
737,98	17213,18
738,17	17669,87
738,36	17458,93
738,55	17315,58
738,74	17403,64
738,93	17116,92
739,12	17452,79
739,31	17006,33
739,50	16928,51
739,69	17014,52
739,88	16668,42
740,07	16901,89
740,26	16760,58
740,45	16680,71
740,64	16736,00
740,83	16355,08
741,02	16094,99
741,22	16213,77
741,41	16209,67
741,60	16170,76
741,79	15781,65
741,98	15933,20
742,17	15890,19
742,36	15871,76
742,55	15834,89
742,74	16004,88
742,93	15734,54
743,12	15337,24
743,31	15353,62
743,50	15187,74
743,69	15609,62
743,88	15183,64
744,07	15232,79
744,26	15109,91
744,45	15046,43
744,64	15025,95
744,83	14886,68
745,02	14954,27
745,21	14833,44
745,40	14616,35
745,59	14622,50
745,78	14663,46
745,97	14489,38
746,16	14436,13
746,35	14356,26
746,54	14294,82
746,73	14272,29
746,92	14161,70
747,11	14219,05
747,30	13827,88
747,49	14141,22
747,68	13723,44
747,87	13729,58
748,06	13700,91
748,25	13496,11
748,44	13762,35
748,63	13498,16
748,82	13582,13
749,01	13352,76
749,20	13057,85
749,39	13311,80
749,58	13170,49
749,77	13223,73
749,96	12945,21
750,15	13104,95
750,34	12943,16
750,53	13113,14
750,72	12914,49
750,91	12988,22
751,10	12625,73
751,29	12576,58
751,48	12511,04
751,67	12244,81
751,86	12566,34
752,04	12240,71
752,23	12404,55
752,42	12246,85
752,61	12283,72
752,80	12087,11
752,99	12160,84
753,18	12107,59
753,37	12105,54
753,56	11837,26
753,75	11923,27
753,94	11816,78
754,13	12025,67
754,32	11822,92
754,51	11591,50
754,70	11654,99
754,89	11509,58
755,08	11575,12
755,27	11464,53
755,45	11470,67
755,64	11290,45
755,83	11448,15
756,02	11218,77
756,21	11188,05
756,40	11040,60
756,59	11120,47
756,78	10954,58
756,97	10676,06
757,16	10819,42
757,35	10854,23
757,54	10618,72
757,72	10745,69
757,91	10651,49
758,10	10432,35
758,29	10506,08
758,48	10360,67
758,67	10600,29
758,86	10213,22
759,05	10344,29
759,24	10270,56
759,43	10178,40
759,61	9959,27
759,80	9766,76
759,99	9883,50
760,18	9910,12
760,37	9695,08
760,56	9836,39
760,75	9801,58
760,94	9682,80
761,13	9510,77
761,31	9674,60
761,50	9381,74
761,69	9434,99
761,88	9527,15
762,07	9160,56
762,26	9400,18
762,45	9271,15
762,64	9273,20
762,82	9275,25
763,01	9144,18
763,20	9109,36
763,39	9019,25
763,58	9123,70
763,77	8877,94
763,96	9002,87
764,14	8828,79
764,33	8787,83
764,52	8845,18
764,71	9000,82
764,90	8687,48
765,09	8798,07
765,27	8671,10
765,46	8701,82
765,65	8677,24
765,84	8566,65
766,03	8488,83
766,22	8466,30
766,41	8449,92
766,59	8621,95
766,78	8466,30
766,97	8351,62
767,16	8390,53
767,35	8189,83
767,54	8347,52
767,72	8210,31
767,91	8384,38
768,10	8128,39
768,29	8310,66
768,48	8263,55
768,66	8032,13
768,85	8046,47
769,04	7931,78
769,23	7798,66
769,42	8011,65
769,61	8050,57
769,79	8066,95
769,98	7880,58
770,17	7835,53
770,36	7927,69
770,55	7653,26
770,73	7686,03
770,92	7702,41
771,11	7692,17
771,30	7552,91
771,49	7534,48
771,67	7677,83
771,86	7550,86
772,05	7419,79
772,24	7427,98
772,42	7358,35
772,61	7485,33
772,80	7509,90
772,99	7362,45
773,18	7405,46
773,36	7313,30
773,55	7233,43
773,74	7245,71
773,93	7270,29
774,11	7280,53
774,30	7221,14
774,49	7270,29
774,68	7200,66
774,87	7128,98
775,05	7014,29
775,24	6786,97
775,43	7020,44
775,62	6815,64
775,80	6950,81
775,99	6924,18
776,18	6963,09
776,37	6944,66
776,55	6907,80
776,74	6967,19
776,93	6891,41
777,12	6764,44
777,30	6764,44
777,49	6674,33
777,68	6621,08
777,87	6524,83
778,05	6555,55
778,24	6590,36
778,43	6506,40
778,62	6526,88
778,80	6590,36
778,99	6541,21
779,18	6406,05
779,36	6457,25
779,55	6291,36
779,74	6438,81
779,93	6289,31
780,11	6385,57
780,30	6244,26
780,49	6383,52
780,68	6176,67
780,86	6076,32
781,05	6088,61
781,24	6123,43
781,42	6193,06
781,61	6041,51
781,80	6121,38
781,98	5865,38
782,17	6080,42
782,36	5920,68
782,55	5918,63
782,73	5975,97
782,92	6092,71
783,11	5840,81
783,29	5783,46
783,48	5879,72
783,67	5904,29
783,85	5822,38
784,04	5590,95
784,23	5724,07
784,42	5760,94
784,60	5853,09
784,79	5707,69
784,98	5687,21
785,16	5814,18
785,35	5617,58
785,54	5715,88
785,72	5703,59
785,91	5709,74
786,10	5554,09
786,28	5640,11
786,47	5629,87
786,66	5476,27
786,84	5519,28
787,03	5599,15
787,22	5605,29
787,40	5408,69
787,59	5328,81
787,78	5570,48
787,96	5398,45
788,15	5406,64
788,34	5322,67
788,52	5332,91
788,71	5242,80
788,89	5185,46
789,08	5173,17
789,27	5298,10
789,45	5281,71
789,64	5197,74
789,83	5038,00
790,01	5140,40
790,20	5148,59
790,39	5195,70
790,57	5136,31
790,76	5064,63
790,95	4931,51
791,13	5130,16
791,32	5132,21
791,50	5044,15
791,69	4937,65
791,88	4997,04
792,06	5113,78
792,25	4962,23
792,43	4904,89
792,62	4782,01
792,81	4816,82
792,99	4855,73
793,18	4876,21
793,37	4911,03
793,55	4857,78
793,74	4859,83
793,92	4947,89
794,11	4595,64
794,30	4650,94
794,48	4804,53
794,67	4636,60
794,85	4704,18
795,04	4741,05
795,23	4693,94
795,41	4798,39
795,60	4679,61
795,78	4736,95
795,97	4759,48
796,15	4673,46
796,34	4722,62
796,53	4530,11
796,71	4657,08
796,90	4673,46
797,08	4478,91
797,27	4599,74
797,46	4579,26
797,64	4616,12
797,83	4485,05
798,01	4521,92
798,20	4556,73
798,38	4530,11
798,57	4411,32
798,76	4427,71
798,94	4456,38
799,13	4511,68
799,31	4560,83
799,50	4417,47
799,68	4478,91
799,87	4487,10
800,05	4587,45
800,24	4335,55
800,43	4401,08
800,61	4499,39
800,80	4456,38
800,98	4435,90
801,17	4270,01
801,35	4274,11
801,54	4456,38
801,72	4370,37
801,91	4515,77
802,09	4370,37
802,28	4337,60
802,46	4278,21
802,65	4523,96
802,84	4394,94
803,02	4259,78
803,21	4136,90
803,39	4306,88
803,58	4270,01
803,76	4325,31
803,95	4134,85
804,13	4151,23
804,32	4155,33
804,50	4304,83
804,69	4267,97
804,87	4196,29
805,06	4267,97
805,24	4331,45
805,43	4249,54
805,61	4196,29
805,80	4184,00
805,98	4095,94
806,17	4177,86
806,35	4102,08
806,54	4233,15
806,72	4036,55
806,91	4054,98
807,09	4038,59
807,28	4059,07
807,46	4194,24
807,65	3995,59
807,83	3975,11
808,02	3925,96
808,20	4028,35
808,39	3934,15
808,57	4065,22
808,76	3966,92
808,94	4022,21
809,13	4059,07
809,31	3919,81
809,49	3983,30
809,68	4001,73
809,86	3932,10
810,05	3825,61
810,23	4059,07
810,42	3942,34
810,60	3856,33
810,79	3882,95
810,97	3798,98
811,16	3940,29
811,34	3868,61
811,53	3837,89
811,71	3778,50
811,89	3848,13
812,08	3878,85
812,26	3829,70
812,45	3782,60
812,63	3737,54
812,82	3807,17
813,00	3723,21
813,19	3690,44
813,37	3788,74
813,55	3635,14
813,74	3729,35
813,92	3708,87
814,11	3688,39
814,29	3516,36
814,48	3577,80
814,66	3702,73
814,84	3618,76
815,03	3573,71
815,21	3614,66
815,40	3526,60
815,58	3489,74
815,77	3712,97
815,95	3585,99
816,13	3559,37
816,32	3561,42
816,50	3581,90
816,69	3557,32
816,87	3452,88
817,05	3352,52
817,24	3444,68
817,42	3409,87
817,61	3385,29
817,79	3526,60
817,97	3565,51
818,16	3454,92
818,34	3469,26
818,53	3442,64
818,71	3499,98
818,89	3475,40
819,08	3352,52
819,26	3418,06
819,45	3432,40
819,63	3338,19
819,81	3348,43
820,00	3442,64
820,18	3387,34
820,36	3284,94
820,55	3399,63
820,73	3389,39
820,92	3356,62
821,10	3301,33
821,28	3350,48
821,47	3278,80
821,65	3272,65
821,83	3465,16
822,02	3319,76
822,20	3323,85
822,39	3362,76
822,57	3196,88
822,75	3256,27
822,94	3286,99
823,12	3393,48
823,30	3186,64
823,49	3375,05
823,67	3250,13
823,85	3223,50
824,04	3121,10
824,22	3137,49
824,40	3272,65
824,59	3340,24
824,77	3178,45
824,95	3215,31
825,14	3295,18
825,32	3172,30
825,50	3123,15
825,69	3106,77
825,87	3211,22
826,05	3108,82
826,24	3243,98
826,42	3147,73
826,60	3209,17
826,79	3135,44
826,97	2998,23
827,15	3010,51
827,34	3098,58
827,52	3127,25
827,70	3067,86
827,89	2965,46
828,07	2981,84
828,25	3020,75
828,44	3037,14
828,62	3065,81
828,80	3123,15
828,98	3102,67
829,17	2930,64
829,35	3047,38
829,53	2910,16
829,72	3155,92
829,90	3000,27
830,08	2998,23
830,27	3028,95
830,45	3055,57
830,63	3030,99
830,81	2940,88
831,00	3006,42
831,18	3014,61
831,36	3018,71
831,55	2977,75
831,73	2963,41
831,91	2930,64
832,09	3047,38
832,28	2985,94
832,46	2789,33
832,64	3000,27
832,82	2881,49
833,01	2963,41
833,19	2877,40
833,37	2865,11
833,55	2965,46
833,74	2920,40
833,92	2809,81
834,10	2820,05
834,29	2844,63
834,47	2871,25
834,65	2889,68
834,83	2777,05
835,02	2893,78
835,20	2740,18
835,38	2883,54
835,56	2863,06
835,75	2793,43
835,93	2861,01
836,11	2725,85
836,29	2787,29
836,47	2744,28
836,66	2824,15
836,84	2852,82
837,02	2799,57
837,20	2781,14
837,39	2793,43
837,57	2779,09
837,75	2758,61
837,93	2711,51
838,12	2785,24
838,30	2721,75
838,48	2697,17
838,66	2775,00
838,84	2705,37
839,03	2770,90
839,21	2576,34
839,39	2820,05
839,57	2695,13
839,75	2729,94
839,94	2740,18
840,12	2670,55
840,30	2721,75
840,48	2752,47
840,66	2584,54
840,85	2703,32
841,03	2754,52
841,21	2727,89
841,39	2738,13
841,57	2666,46
841,76	2670,55
841,94	2664,41
842,12	2566,10
842,30	2643,93
842,48	2650,07
842,67	2672,60
842,85	2562,01
843,03	2637,78
843,21	2592,73
843,39	2670,55
843,57	2641,88
843,76	2680,79
843,94	2541,53
844,12	2684,89
844,30	2598,87
844,48	2691,03
844,66	2557,91
844,85	2551,77
845,03	2574,30
845,21	2541,53
845,39	2559,96
845,57	2578,39
845,75	2656,22
845,94	2621,40
846,12	2598,87
846,30	2506,71
846,48	2367,45
846,66	2527,19
846,84	2523,10
847,02	2510,81
847,21	2537,43
847,39	2484,19
847,57	2535,39
847,75	2473,95
847,93	2461,66
848,11	2418,65
848,29	2551,77
848,48	2451,42
848,66	2441,18
848,84	2506,71
849,02	2432,99
849,20	2428,89
849,38	2516,95
849,56	2480,09
849,74	2514,91
849,93	2469,85
850,11	2435,03
850,29	2389,98
850,47	2404,32
850,65	2396,12
850,83	2428,89
851,01	2488,28
851,19	2324,44
851,37	2385,88
851,56	2389,98
851,74	2369,50
851,92	2379,74
852,10	2420,70
852,28	2330,59
852,46	2410,46
852,64	2400,22
852,82	2465,75
853,00	2426,84
853,18	2437,08
853,37	2344,92
853,55	2424,80
853,73	2328,54
853,91	2340,83
854,09	2295,77
854,27	2375,64
854,45	2349,02
854,63	2432,99
854,81	2334,68
854,99	2301,92
855,17	2346,97
855,35	2369,50
855,53	2432,99
855,72	2281,44
855,90	2381,79
856,08	2367,45
856,26	2328,54
856,44	2410,46
856,62	2260,96
856,80	2248,67
856,98	2189,28
857,16	2367,45
857,34	2314,20
857,52	2367,45
857,70	2332,64
857,88	2306,01
858,06	2336,73
858,24	2238,43
858,42	2240,48
858,60	2314,20
858,78	2156,51
858,96	2240,48
859,15	2254,81
859,33	2310,11
859,51	2291,68
859,69	2220,00
859,87	2332,64
860,05	2195,42
860,23	2267,10
860,41	2346,97
860,59	2260,96
860,77	2303,96
860,95	2232,29
861,13	2121,70
861,31	2203,61
861,49	2283,49
861,67	2252,77
861,85	2172,89
862,03	2230,24
862,21	2154,46
862,39	2181,09
862,57	2193,37
862,75	2166,75
862,93	2260,96
863,11	2289,63
863,29	2062,30
863,47	2166,75
863,65	2172,89
863,83	2195,42
864,01	2211,81
864,19	2093,02
864,37	2211,81
864,55	2220,00
864,73	2195,42
864,91	2101,22
865,09	2140,13
865,27	2224,09
865,45	2115,55
865,63	2185,18
865,81	2158,56
865,99	2170,85
866,17	2199,52
866,35	2150,37
866,53	2129,89
866,71	2080,74
866,89	2148,32
867,07	2088,93
867,24	2146,27
867,42	2181,09
867,60	2127,84
867,78	2078,69
867,96	2088,93
868,14	2109,41
868,32	2254,81
868,50	2138,08
868,68	2062,30
868,86	2160,61
869,04	2160,61
869,22	2004,96
869,40	2107,36
869,58	2052,06
869,76	2031,58
869,94	2002,91
870,12	2074,59
870,30	2041,82
870,48	2099,17
870,66	2093,02
870,83	1974,24
871,01	2072,54
871,19	1978,34
871,37	1972,19
871,55	1994,72
871,73	2033,63
871,91	2015,20
872,09	2113,50
872,27	2013,15
872,45	1982,43
872,63	1986,53
872,81	1951,71
872,98	2127,84
873,16	2017,25
873,34	2050,02
873,52	2023,39
873,70	1998,82
873,88	2045,92
874,06	1986,53
874,24	2027,49
874,42	1941,47
874,60	2000,87
874,78	1843,17
874,95	2082,78
875,13	1986,53
875,31	2027,49
875,49	2062,30
875,67	2035,68
875,85	2062,30
876,03	2000,87
876,21	2021,35
876,39	2011,11
876,56	2058,21
876,74	1931,23
876,92	2007,01
877,10	1925,09
877,28	1976,29
877,46	1955,81
877,64	2002,91
877,82	1945,57
877,99	1898,47
878,17	1992,67
878,35	1966,05
878,53	1990,63
878,71	2047,97
878,89	1992,67
879,07	1970,15
879,24	2074,59
879,42	2021,35
879,60	2052,06
879,78	1955,81
879,96	1935,33
880,14	2050,02
880,32	1959,91
880,49	1890,28
880,67	2080,74
880,85	1992,67
881,03	1877,99
881,21	1920,99
881,39	1904,61
881,56	1990,63
881,74	1953,76
881,92	1918,95
882,10	1980,39
882,28	2007,01
882,46	2009,06
882,63	1972,19
882,81	1869,80
882,99	1877,99
883,17	1959,91
883,35	2007,01
883,52	2015,20
883,70	2009,06
883,88	1941,47
884,06	1998,82
884,24	1951,71
884,42	1996,77
884,59	1970,15
884,77	1961,95
884,95	1998,82
885,13	1992,67
885,31	1945,57
885,48	1812,45
885,66	1970,15
885,84	1949,67
886,02	1884,13
886,20	1974,24
886,37	1865,70
886,55	2023,39
886,73	2027,49
886,91	1949,67
887,08	1920,99
887,26	1880,04
887,44	1871,84
887,62	1812,45
887,80	1998,82
887,97	1871,84
888,15	1880,04
888,33	1925,09
888,51	1904,61
888,68	1961,95
888,86	1931,23
889,04	1880,04
889,22	1918,95
889,40	1880,04
889,57	1914,85
889,75	1968,10
889,93	1871,84
890,11	1896,42
890,28	1908,71
890,46	1892,32
890,64	1959,91
890,82	1988,58
890,99	1898,47
891,17	1869,80
891,35	1871,84
891,53	1873,89
891,70	1779,68
891,88	1871,84
892,06	1886,18
892,24	1863,65
892,41	1859,56
892,59	1892,32
892,77	1867,75
892,94	1931,23
893,12	1933,28
893,30	1943,52
893,48	1857,51
893,65	1935,33
893,83	1918,95
894,01	1900,52
894,19	1871,84
894,36	1951,71
894,54	1882,08
894,72	1814,50
894,89	1867,75
895,07	1751,01
895,25	1918,95
895,43	1830,88
895,60	1859,56
895,78	1861,60
895,96	1796,07
896,13	1855,46
896,31	1877,99
896,49	1855,46
896,66	1904,61
896,84	1814,50
897,02	1902,56
897,20	1824,74
897,37	1865,70
897,55	1714,15
897,73	2011,11
897,90	1865,70
898,08	1853,41
898,26	1910,75
898,43	1818,60
898,61	1886,18
898,79	1794,02
898,96	1796,07
899,14	1832,93
899,32	1843,17
899,49	1853,41
899,67	1810,40
899,85	1814,50
900,02	1918,95
900,20	1847,27
900,38	1853,41
900,55	1910,75
900,73	1812,45
900,91	1777,64
901,08	1894,37
901,26	1753,06
901,44	1810,40
901,61	1882,08
901,79	1800,16
901,97	1882,08
902,14	1828,84
902,32	1843,17
902,50	1826,79
902,67	1769,44
902,85	1818,60
903,02	1814,50
903,20	1828,84
903,38	1810,40
903,55	1794,02
903,73	1742,82
903,91	1830,88
904,08	1839,08
904,26	1826,79
904,44	1933,28
904,61	1824,74
904,79	1832,93
904,96	1845,22
905,14	1785,83
905,32	1861,60
905,49	1765,35
905,67	1789,92
905,84	1808,36
906,02	1789,92
906,20	1798,12
906,37	1875,94
906,55	1730,53
906,73	1765,35
906,90	1755,11
907,08	1728,49
907,25	1759,21
907,43	1787,88
907,61	1761,25
907,78	1695,72
907,96	1802,21
908,13	1845,22
908,31	1806,31
908,48	1769,44
908,66	1759,21
908,84	1724,39
909,01	1761,25
909,19	1816,55
909,36	1787,88
909,54	1683,43
909,72	1785,83
909,89	1632,23
910,07	1656,81
910,24	1806,31
910,42	1871,84
910,59	1677,29
910,77	1736,68
910,95	1728,49
911,12	1773,54
911,30	1785,83
911,47	1781,73
911,65	1763,30
911,82	1769,44
912,00	1728,49
912,17	1755,11
912,35	1759,21
912,53	1757,16
912,70	1775,59
912,88	1759,21
913,05	1769,44
913,23	1814,50
913,40	1724,39
913,58	1720,29
913,75	1710,05
913,93	1695,72
914,10	1712,10
914,28	1691,62
914,46	1650,66
914,63	1734,63
914,81	1746,92
914,98	1667,05
915,16	1728,49
915,33	1619,94
915,51	1812,45
915,68	1783,78
915,86	1667,05
916,03	1683,43
916,21	1671,14
916,38	1656,81
916,56	1705,96
916,73	1722,34
916,91	1632,23
917,08	1677,29
917,26	1728,49
917,43	1771,49
917,61	1669,09
917,78	1765,35
917,96	1691,62
918,13	1734,63
918,31	1679,33
918,48	1591,27
918,66	1597,42
918,83	1753,06
919,01	1767,40
919,18	1703,91
919,36	1654,76
919,53	1759,21
919,71	1773,54
919,88	1781,73
920,06	1703,91
920,23	1714,15
920,41	1658,85
920,58	1697,77
920,76	1595,37
920,93	1650,66
921,11	1640,42
921,28	1712,10
921,45	1691,62
921,63	1779,68
921,80	1728,49
921,98	1624,04
922,15	1646,57
922,33	1736,68
922,50	1691,62
922,68	1662,95
922,85	1699,81
923,03	1599,46
923,20	1794,02
923,38	1601,51
923,55	1673,19
923,72	1697,77
923,90	1859,56
924,07	1671,14
924,25	1619,94
924,42	1787,88
924,60	1611,75
924,77	1732,58
924,95	1703,91
925,12	1689,57
925,29	1681,38
925,47	1695,72
925,64	1519,59
925,82	1619,94
925,99	1652,71
926,17	1712,10
926,34	1603,56
926,51	1662,95
926,69	1734,63
926,86	1714,15
927,04	1662,95
927,21	1654,76
927,38	1589,22
927,56	1683,43
927,73	1650,66
927,91	1662,95
928,08	1748,97
928,25	1681,38
928,43	1607,66
928,60	1611,75
928,78	1685,48
928,95	1603,56
929,12	1617,90
929,30	1605,61
929,47	1507,30
929,65	1589,22
929,82	1617,90
929,99	1576,94
930,17	1505,26
930,34	1605,61
930,52	1593,32
930,69	1535,98
930,86	1701,86
931,04	1581,03
931,21	1507,30
931,38	1550,31
931,56	1634,28
931,73	1687,53
931,91	1619,94
932,08	1581,03
932,25	1583,08
932,43	1495,02
932,60	1638,38
932,77	1609,70
932,95	1525,74
933,12	1568,74
933,29	1552,36
933,47	1662,95
933,64	1523,69
933,82	1609,70
933,99	1589,22
934,16	1572,84
934,34	1628,14
934,51	1558,50
934,68	1511,40
934,86	1636,33
935,03	1460,20
935,20	1470,44
935,38	1437,67
935,55	1570,79
935,72	1576,94
935,90	1535,98
936,07	1531,88
936,24	1474,54
936,42	1468,39
936,59	1505,26
936,76	1607,66
936,94	1443,82
937,11	1613,80
937,28	1509,35
937,46	1503,21
937,63	1550,31
937,80	1538,02
937,97	1558,50
938,15	1554,41
938,32	1529,83
938,49	1529,83
938,67	1503,21
938,84	1587,18
939,01	1523,69
939,19	1519,59
939,36	1572,84
939,53	1552,36
939,70	1501,16
939,88	1470,44
940,05	1609,70
940,22	1433,58
940,40	1511,40
940,57	1589,22
940,74	1482,73
940,92	1523,69
941,09	1445,87
941,26	1429,48
941,43	1531,88
941,61	1535,98
941,78	1445,87
941,95	1564,65
942,12	1417,19
942,30	1472,49
942,47	1515,50
942,64	1458,15
942,82	1585,13
942,99	1507,30
943,16	1462,25
943,33	1503,21
943,51	1476,59
943,68	1558,50
943,85	1472,49
944,02	1515,50
944,20	1552,36
944,37	1466,35
944,54	1605,61
944,71	1535,98
944,89	1449,96
945,06	1431,53
945,23	1468,39
945,40	1540,07
945,58	1458,15
945,75	1454,06
945,92	1525,74
946,09	1439,72
946,27	1460,20
946,44	1417,19
946,61	1529,83
946,78	1497,07
946,95	1409,00
947,13	1478,63
947,30	1441,77
947,47	1441,77
947,64	1456,11
947,82	1359,85
947,99	1538,02
948,16	1490,92
948,33	1476,59
948,50	1472,49
948,68	1468,39
948,85	1478,63
949,02	1525,74
949,19	1476,59
949,36	1501,16
949,54	1511,40
949,71	1556,46
949,88	1460,20
950,05	1497,07
950,22	1464,30
950,40	1560,55
950,57	1441,77
950,74	1564,65
950,91	1478,63
951,08	1363,95
951,26	1462,25
951,43	1447,91
951,60	1447,91
951,77	1554,41
951,94	1646,57
952,11	1507,30
952,29	1589,22
952,46	1435,63
952,63	1462,25
952,80	1490,92
952,97	1517,54
953,15	1552,36
953,32	1472,49
953,49	1470,44
953,66	1425,39
953,83	1466,35
954,00	1390,57
954,17	1452,01
954,35	1542,12
954,52	1421,29
954,69	1509,35
954,86	1521,64
955,03	1490,92
955,20	1462,25
955,38	1458,15
955,55	1458,15
955,72	1478,63
955,89	1388,52
956,06	1429,48
956,23	1374,19
956,40	1445,87
956,58	1439,72
956,75	1435,63
956,92	1431,53
957,09	1478,63
957,26	1480,68
957,43	1523,69
957,60	1441,77
957,77	1462,25
957,95	1421,29
958,12	1462,25
958,29	1486,83
958,46	1572,84
958,63	1492,97
958,80	1533,93
958,97	1513,45
959,14	1474,54
959,31	1511,40
959,49	1443,82
959,66	1474,54
959,83	1495,02
960,00	1501,16
960,17	1513,45
960,34	1523,69
960,51	1490,92
960,68	1507,30
960,85	1544,17
961,02	1509,35
961,20	1507,30
961,37	1427,43
961,54	1466,35
961,71	1503,21
961,88	1511,40
962,05	1419,24
962,22	1568,74
962,39	1511,40
962,56	1431,53
962,73	1378,28
962,90	1454,06
963,07	1474,54
963,24	1447,91
963,42	1437,67
963,59	1482,73
963,76	1556,46
963,93	1601,51
964,10	1433,58
964,27	1509,35
964,44	1501,16
964,61	1470,44
964,78	1476,59
964,95	1519,59
965,12	1470,44
965,29	1509,35
965,46	1454,06
965,63	1621,99
965,80	1505,26
965,97	1433,58
966,14	1517,54
966,31	1435,63
966,48	1626,09
966,66	1460,20
966,83	1464,30
967,00	1486,83
967,17	1478,63
967,34	1413,10
967,51	1576,94
967,68	1495,02
967,85	1417,19
968,02	1525,74
968,19	1409,00
968,36	1486,83
968,53	1443,82
968,70	1482,73
968,87	1472,49
969,04	1533,93
969,21	1452,01
969,38	1533,93
969,55	1523,69
969,72	1447,91
969,89	1449,96
970,06	1476,59
970,23	1462,25
970,40	1490,92
970,57	1486,83
970,74	1437,67
970,91	1439,72
971,08	1460,20
971,25	1486,83
971,42	1495,02
971,59	1492,97
971,76	1486,83
971,93	1480,68
972,10	1433,58
972,27	1474,54
972,44	1472,49
972,61	1470,44
972,78	1423,34
972,95	1535,98
973,12	1531,88
973,29	1501,16
973,46	1497,07
973,63	1501,16
973,80	1509,35
973,97	1376,24
974,14	1466,35
974,30	1533,93
974,47	1548,26
974,64	1474,54
974,81	1427,43
974,98	1480,68
975,15	1427,43
975,32	1546,22
975,49	1474,54
975,66	1429,48
975,83	1468,39
976,00	1519,59
976,17	1482,73
976,34	1509,35
976,51	1433,58
976,68	1466,35
976,85	1452,01
977,02	1492,97
977,19	1490,92
977,36	1425,39
977,52	1497,07
977,69	1464,30
977,86	1476,59
978,03	1429,48
978,20	1486,83
978,37	1441,77
978,54	1525,74
978,71	1466,35
978,88	1515,50
979,05	1400,81
979,22	1472,49
979,39	1482,73
979,56	1525,74
979,72	1452,01
979,89	1503,21
980,06	1482,73
980,23	1478,63
980,40	1482,73
980,57	1490,92
980,74	1505,26
980,91	1400,81
981,08	1447,91
981,25	1447,91
981,41	1445,87
981,58	1415,15
981,75	1411,05
981,92	1470,44
982,09	1484,78
982,26	1349,61
982,43	1441,77
982,60	1462,25
982,77	1548,26
982,93	1468,39
983,10	1400,81
983,27	1447,91
983,44	1429,48
983,61	1511,40
983,78	1445,87
983,95	1427,43
984,11	1425,39
984,28	1447,91
984,45	1443,82
984,62	1429,48
984,79	1423,34
984,96	1497,07
985,13	1394,67
985,30	1447,91
985,46	1380,33
985,63	1400,81
985,80	1462,25
985,97	1482,73
986,14	1411,05
986,31	1437,67
986,47	1466,35
986,64	1495,02
986,81	1486,83
986,98	1392,62
987,15	1484,78
987,32	1394,67
987,48	1458,15
987,65	1452,01
987,82	1374,19
987,99	1484,78
988,16	1646,57
988,33	1501,16
988,49	1421,29
988,66	1490,92
988,83	1409,00
989,00	1445,87
989,17	1306,60
989,34	1447,91
989,50	1452,01
989,67	1409,00
989,84	1361,90
990,01	1335,28
990,18	1497,07
990,34	1456,11
990,51	1472,49
990,68	1376,24
990,85	1523,69
991,02	1429,48
991,18	1419,24
991,35	1413,10
991,52	1437,67
991,69	1347,56
991,86	1456,11
992,02	1437,67
992,19	1357,80
992,36	1411,05
992,53	1462,25
992,69	1419,24
992,86	1415,15
993,03	1476,59
993,20	1378,28
993,37	1386,47
993,53	1456,11
993,70	1427,43
993,87	1427,43
994,04	1411,05
994,20	1445,87
994,37	1466,35
994,54	1492,97
994,71	1376,24
994,87	1480,68
995,04	1486,83
995,21	1445,87
995,38	1431,53
995,55	1400,81
995,71	1478,63
995,88	1576,94
996,05	1517,54
996,22	1466,35
996,38	1507,30
996,55	1390,57
996,72	1398,76
996,88	1546,22
997,05	2105,31
997,22	1499,11
997,39	1329,13
997,55	1431,53
997,72	1490,92
997,89	1368,04
998,06	1431,53
998,22	1413,10
998,39	1382,38
998,56	1409,00
998,73	1423,34
998,89	1437,67
999,06	1431,53
999,23	1460,20
999,39	1449,96
999,56	1413,10
999,73	1435,63
999,90	1359,85
1000,06	1591,27
1000,23	1476,59
1000,40	1413,10
1000,56	1449,96
1000,73	1439,72
1000,90	1398,76
1001,06	1452,01
1001,23	1394,67
1001,40	1439,72
1001,57	1474,54
1001,73	1386,47
1001,90	1400,81
1002,07	1361,90
1002,23	1501,16
1002,40	1390,57
1002,57	1472,49
1002,73	1439,72
1002,90	1353,71
1003,07	1509,35
1003,23	1388,52
1003,40	1429,48
1003,57	1419,24
1003,73	1433,58
1003,90	1427,43
1004,07	1433,58
1004,23	1470,44
1004,40	1460,20
1004,57	1361,90
1004,73	1341,42
1004,90	1355,76
1005,07	1497,07
1005,23	1492,97
1005,40	1349,61
1005,57	1427,43
1005,73	1435,63
1005,90	1374,19
1006,07	1597,42
1006,23	1458,15
1006,40	1392,62
1006,57	1386,47
1006,73	1425,39
1006,90	1368,04
1007,06	1400,81
1007,23	1386,47
1007,40	1396,71
1007,56	1400,81
1007,73	1402,86
1007,90	1460,20
1008,06	1429,48
1008,23	1368,04
1008,40	1390,57
1008,56	1384,43
1008,73	1394,67
1008,89	1394,67
1009,06	1443,82
1009,23	1351,66
1009,39	1429,48
1009,56	1368,04
1009,72	1452,01
1009,89	1429,48
1010,06	1382,38
1010,22	1378,28
1010,39	1406,95
1010,55	1431,53
1010,72	1495,02
1010,89	1339,37
1011,05	1433,58
1011,22	1316,84
1011,38	1376,24
1011,55	1435,63
1011,72	1363,95
1011,88	1402,86
1012,05	1435,63
1012,21	1443,82
1012,38	1443,82
1012,55	1482,73
1012,71	1300,46
1012,88	1368,04
1013,04	1386,47
1013,21	1363,95
1013,37	1476,59
1013,54	1431,53
1013,71	1419,24
1013,87	1437,67
1014,04	1402,86
1014,20	1486,83
1014,37	1396,71
1014,53	1423,34
1014,70	1439,72
1014,87	1435,63
1015,03	1474,54
1015,20	1425,39
1015,36	1409,00
1015,53	1355,76
1015,69	1488,87
1015,86	1345,52
1016,02	1462,25
1016,19	1470,44
1016,36	1363,95
1016,52	1425,39
1016,69	1398,76
1016,85	1402,86
1017,02	1417,19
1017,18	1404,91
1017,35	1449,96
1017,51	1388,52
1017,68	1452,01
1017,84	1419,24
1018,01	1386,47
1018,17	1449,96
1018,34	1544,17
1018,50	1415,15
1018,67	1402,86
1018,84	1538,02
1019,00	1353,71
1019,17	1425,39
1019,33	1341,42
1019,50	1511,40
1019,66	1386,47
1019,83	1361,90
1019,99	1478,63
1020,16	1378,28
1020,32	1404,91
1020,49	1439,72
1020,65	1411,05
1020,82	1441,77
1020,98	1443,82
1021,15	1482,73
1021,31	1386,47
1021,48	1456,11
1021,64	1439,72
1021,81	1435,63
1021,97	1355,76
1022,14	1439,72
1022,30	1441,77
1022,47	1396,71
1022,63	1425,39
1022,79	1388,52
1022,96	1382,38
1023,12	1415,15
1023,29	1392,62
1023,45	1497,07
1023,62	1458,15
1023,78	1376,24
1023,95	1345,52
1024,11	1542,12
1024,28	1392,62
1024,44	1390,57
1024,61	1384,43
1024,77	1437,67
1024,94	1452,01
1025,10	1366,00
1025,26	1402,86
1025,43	1437,67
1025,59	1411,05
1025,76	1472,49
1025,92	1505,26
1026,09	1392,62
1026,25	1441,77
1026,42	1390,57
1026,58	1353,71
1026,74	1374,19
1026,91	1394,67
1027,07	1486,83
1027,24	1548,26
1027,40	1376,24
1027,57	1357,80
1027,73	1398,76
1027,90	1468,39
1028,06	1404,91
1028,22	1370,09
1028,39	1359,85
1028,55	1427,43
1028,72	1503,21
1028,88	1466,35
1029,04	1390,57
1029,21	1413,10
1029,37	1368,04
1029,54	1482,73
1029,70	1402,86
1029,87	1320,94
1030,03	1370,09
1030,19	1497,07
1030,36	1366,00
1030,52	1433,58
1030,69	1378,28
1030,85	1353,71
1031,01	1511,40
1031,18	1452,01
1031,34	1525,74
1031,50	1413,10
1031,67	1343,47
1031,83	1400,81
1032,00	1452,01
1032,16	1368,04
1032,32	1363,95
1032,49	1435,63
1032,65	1480,68
1032,82	1476,59
1032,98	1429,48
1033,14	1490,92
1033,31	1474,54
1033,47	1413,10
1033,63	1384,43
1033,80	1380,33
1033,96	1429,48
1034,13	1425,39
1034,29	1443,82
1034,45	1421,29
1034,62	1378,28
1034,78	1423,34
1034,94	1419,24
1035,11	1452,01
1035,27	1325,04
1035,43	1449,96
1035,60	1462,25
1035,76	1386,47
1035,92	1402,86
1036,09	1368,04
1036,25	1392,62
1036,41	1415,15
1036,58	1445,87
1036,74	1456,11
1036,90	1318,89
1037,07	1390,57
1037,23	1435,63
1037,39	1439,72
1037,56	1302,51
1037,72	1368,04
1037,88	1495,02
1038,05	1333,23
1038,21	1441,77
1038,37	1460,20
1038,54	1417,19
1038,70	1447,91
1038,86	1386,47
1039,03	1435,63
1039,19	1443,82
1039,35	1337,32
1039,52	1425,39
1039,68	1357,80
1039,84	1366,00
1040,00	1435,63
1040,17	1384,43
1040,33	1411,05
1040,49	1310,70
1040,66	1419,24
1040,82	1370,09
1040,98	1406,95
1041,15	1392,62
1041,31	1452,01
1041,47	1402,86
1041,63	1368,04
1041,80	1368,04
1041,96	1445,87
1042,12	1384,43
1042,29	1486,83
1042,45	1472,49
1042,61	1322,99
1042,77	1433,58
1042,94	1441,77
1043,10	1521,64
1043,26	1417,19
1043,42	1329,13
1043,59	1419,24
1043,75	1480,68
1043,91	1417,19
1044,07	1376,24
1044,24	1361,90
1044,40	1468,39
