 0             0
 0             0
 0             0
 0             0
 0             0
 0             0
 0             0
 0             0
 0             0
 0             0
 0             0
 3.222e-002    0
 3.222e-002    0
 6.444e-002    0
 9.666e-002    0
 0.12888       0
 0.1611        0
 0.19332       0
 0.19332       0
 0.22554       0
 0.25776       0
 0.28998       0
 0.3222        0
 0.35442       0
 0.35442       0
 0.38664       0
 0.41886       0
 0.45108       0
 0.4833        0
 0.51552       0
 0.54774       0
 0.57996       0
 0.57996       0
 0.61218       0
 0.6444        0
 0.67662       0
 0.70884       0
 0.74106       0
 0.74106       0
 0.8055        0
 0.8055        0
 0.83772       0
 0.86994       0
 0.90216       0
 0.93438       0
 0.9666        0
 0.99882       0
 1.03104       0
 1.03104       0
 1.06326       0
 1.09548       0
 1.1277        0
 1.15992       0
 1.19214       0
 1.22436       0
 1.25658       0
 1.2888        0
 1.2888        0
 1.32102       0
 1.35324       0
 1.38546       0
 1.41768       0
 1.4499        0
 1.48212       0
 1.51434       0
 1.54656       0
 1.54656       0
 1.611         0
 1.611         0
 1.64322       0
 1.67544       0
 1.70766       0
 1.73988       0
 1.7721        0
 1.80432       0
 1.83654       0
 1.86876       0
 1.86876       0
 1.9332        0
 1.9332        0
 1.96542       0
 1.99764       0
 2.02986       0
 2.06208       0
 2.0943        0
 2.12652       0
 2.15874       0
 2.19096       0
 2.22318       0
 2.2554        0
 2.2554        0
 2.28762       0
 2.31984       0
 2.35206       0
 2.38428       0
 2.4165        0
 2.44872       0
 2.48094       0
 2.51316       0
 2.54538       0
 2.5776        0
 2.60982       0
 2.60982       0
 2.67426       0
 2.67426       0
 2.70648       0
 2.7387        0
 2.77092       0
 2.80314       0
 2.83536       0
 2.86758       0
 2.8998        0
 2.93202       0
 2.96424       0
 2.99646       0
 3.02868       0
 3.02868       0
 3.0609        0
 3.09312       0
 3.12534       0
 3.15756       0
 3.18978       0
 3.25422       0
 3.28644       0
 3.31866       0
 3.35088       0
 3.3831        0
 3.3831        0
 3.44754       0
 3.44754       0
 3.47976       0
 3.51198       0
 3.5442        0
 3.57642       0
 3.60864       0
 3.64086       0
 3.67308       0
 3.7053        0
 3.73752       0
 3.76974       0
 3.80196       0
 3.80196       0
 3.83418       0
 3.8664        0
 3.89862       0
 3.93084       0
 3.96306       0
 3.99528       0
 4.0275        0
 4.05972       0
 4.09194       0
 4.12416       0
 4.15638       0
 4.1886        0
 4.1886        0
 4.22082       0
 4.25304       0
 4.28526       0
 4.31748       0
 4.3497        0
 4.38192       0
 4.41414       0
 4.44636       0
 4.47858       0
 4.5108        0
 4.54302       0
 4.57524       0
 4.60746       0
 4.60746       0
 4.63968       0
 4.6719        0
 4.70412       0
 4.73634       0
 4.76856       0
 4.80078       0
 4.833         0
 4.86522       0
 4.89744       0
 4.92966       0
 4.96188       0
 4.96188       0
 4.9941        0
 5.02632       0
 5.05854       0
 5.09076       0
 5.12298       0
 5.1552        0
 5.18742       0
 5.21964       0
 5.25186       0
 5.28408       0
 5.3163        0
 5.34852       0
 5.34852       0
 5.38074       0
 5.41296       0
 5.44518       0
 5.4774        0
 5.50962       0
 5.54184       0
 5.57406       0
 5.60628       0
 5.6385        0
 5.67072       0
 5.70294       0
 5.73516       0
 5.73516       0
 5.76738       0
 5.7996        0
 5.83182       0
 5.86404       0
 5.89626       1
 5.92848       3
 5.9607        4
 5.99292       4
 6.02514       4
 6.05736       4
 6.08958       4
 6.08958       4
 6.1218        4
 6.15402       3
 6.18624       3
 6.21846       2
 6.25068       2
 6.2829        2
 6.31512       2
 6.34734       1
 6.37956       1
 6.41178       1
 6.444         1
 6.444         1
 6.50844       1
 6.54066       0
 6.57288       0
 6.6051        0
 6.63732       0
 6.66954       0
 6.70176       0
 6.73398       0
 6.7662        0
 6.79842       0
 6.79842       0
 6.83064       0
 6.86286       0
 6.89508       0
 6.9273        0
 6.95952       0
 6.99174       0
 7.02396       0
 7.05618       0
 7.0884        0
 7.12062       0
 7.12062       0
 7.15284       0
 7.18506       0
 7.21728       0
 7.2495        0
 7.28172       0
 7.31394       0
 7.34616       0
 7.37838       0
 7.4106        0
 7.44282       0
 7.44282       0
 7.47504       0
 7.50726       0
 7.53948       0
 7.5717        0
 7.60392       0
 7.63614       0
 7.66836       0
 7.70058       0
 7.7328        0
 7.76502       0
 7.76502       0
 7.79724       0
 7.82946       0
 7.86168       0
 7.8939        0
 7.92612       0
 7.95834       0
 7.99056       0
 8.02278       0
 8.055         0
 8.08722       0
 8.08722       0
 8.11944       0
 8.15166       0
 8.18388       0
 8.2161        0
 8.24832       0
 8.28054       0
 8.31276       0
 8.34498       0
 8.34498       0
 8.3772        0
 8.40942       0
 8.44164       0
 8.47386       0
 8.50608       0
 8.5383        0
 8.57052       0
 8.60274       0
 8.63496       0
 8.66718       0
 8.66718       0
 8.6994        0
 8.73162       0
 8.76384       0
 8.79606       0
 8.82828       0
 8.8605        0
 8.89272       0
 8.92494       0
 8.95716       0
 8.98938       0
 8.98938       0
 9.0216        0
 9.05382       0
 9.08604       0
 9.11826       0
 9.15048       0
 9.1827        0
 9.21492       0
 9.24714       0
 9.24714       0
 9.27936       0
 9.31158       0
 9.3438        0
 9.37602       0
 9.40824       0
 9.44046       0
 9.47268       0
 9.5049        0
 9.53712       0
 9.53712       0
 9.56934       0
 9.60156       0
 9.63378       0
 9.666         0
 9.69822       0
 9.76266       0
 9.76266       1
 9.8271        0
 9.8271        0
 9.85932       0
 9.89154       0
 9.92376       0
 9.95598       0
 9.9882        0
 10.02042      0
 10.05264      0
 10.08486      0
 10.08486      1
 10.11708      1
 10.1493       0
 10.18152      1
 10.21374      1
 10.24596      1
 10.27818      1
 10.3104       1
 10.34262      1
 10.37484      1
 10.37484      1
 10.40706      1
 10.43928      1
 10.4715       1
 10.50372      1
 10.53594      1
 10.56816      1
 10.60038      1
 10.6326       1
 10.6326       1
 10.66482      1
 10.69704      1
 10.72926      1
 10.76148      1
 10.7937       1
 10.82592      1
 10.85814      1
 10.89036      1
 10.89036      1
 10.92258      1
 10.9548       1
 10.98702      1
 11.01924      1
 11.05146      1
 11.08368      1
 11.1159       1
 11.14812      1
 11.14812      1
 11.18034      1
 11.21256      1
 11.24478      1
 11.277        1
 11.30922      1
 11.34144      1
 11.37366      1
 11.40588      1
 11.40588      1
 11.4381       1
 11.47032      1
 11.50254      1
 11.53476      1
 11.56698      1
 11.5992       1
 11.63142      1
 11.66364      1
 11.66364      1
 11.69586      1
 11.72808      1
 11.7603       1
 11.79252      1
 11.82474      1
 11.85696      1
 11.88918      1
 11.88918      1
 11.9214       1
 11.95362      1
 11.98584      1
 12.01806      1
 12.05028      1
 12.0825       1
 12.11472      1
 12.14694      1
 12.14694      1
 12.17916      1
 12.21138      1
 12.2436       1
 12.27582      1
 12.30804      1
 12.34026      1
 12.37248      1
 12.37248      1
 12.4047       1
 12.43692      1
 12.46914      1
 12.50136      1
 12.53358      1
 12.5658       1
 12.59802      1
 12.63024      1
 12.63024      1
 12.66246      1
 12.69468      1
 12.7269       1
 12.75912      1
 12.79134      1
 12.82356      1
 12.85578      1
 12.85578      1
 12.888        2
 12.92022      2
 12.95244      2
 13.01688      2
 13.0491       1
 13.08132      1
 13.08132      1
 13.11354      1
 13.14576      1
 13.17798      1
 13.2102       1
 13.24242      1
 13.27464      1
 13.30686      1
 13.30686      1
 13.33908      1
 13.3713       1
 13.40352      1
 13.43574      1
 13.46796      1
 13.50018      1
 13.5324       1
 13.5324       1
 13.56462      1
 13.59684      1
 13.62906      1
 13.66128      1
 13.6935       1
 13.72572      2
 13.75794      2
 13.75794      2
 13.79016      2
 13.82238      2
 13.8546       2
 13.88682      2
 13.91904      2
 13.95126      2
 13.98348      2
 13.98348      2
 14.0157       2
 14.04792      2
 14.08014      2
 14.11236      2
 14.14458      2
 14.1768       2
 14.1768       2
 14.20902      2
 14.24124      2
 14.27346      2
 14.30568      2
 14.3379       2
 14.37012      2
 14.40234      2
 14.40234      2
 14.43456      2
 14.46678      2
 14.499        3
 14.53122      3
 14.56344      3
 14.59566      3
 14.59566      3
 14.62788      3
 14.6601       3
 14.69232      3
 14.72454      3
 14.75676      3
 14.78898      3
 14.8212       3
 14.8212       2
 14.85342      2
 14.88564      2
 14.91786      2
 14.95008      2
 14.9823       2
 15.01452      2
 15.01452      2
 15.04674      2
 15.07896      2
 15.11118      2
 15.1434       2
 15.17562      2
 15.20784      2
 15.24006      2
 15.24006      2
 15.27228      2
 15.3045       2
 15.33672      2
 15.36894      2
 15.40116      2
 15.43338      2
 15.43338      2
 15.4656       2
 15.49782      2
 15.53004      2
 15.56226      2
 15.59448      2
 15.6267       2
 15.6267       2
 15.65892      3
 15.69114      3
 15.72336      2
 15.75558      3
 15.7878       3
 15.82002      3
 15.85224      3
 15.85224      3
 15.88446      3
 15.91668      3
 15.9489       2
 15.98112      3
 16.01334      3
 16.04556      3
 16.04556      3
 16.07778      3
 16.11         3
 16.14222      3
 16.17444      3
 16.20666      3
 16.23888      3
 16.2711       3
 16.30332      3
 16.33554      3
 16.36776      3
 16.39998      3
 16.4322       3
 16.4322       3
 16.46442      3
 16.49664      3
 16.52886      3
 16.56108      3
 16.5933       3
 16.62552      3
 16.62552      3
 16.65774      3
 16.68996      3
 16.72218      3
 16.7544       3
 16.78662      3
 16.81884      3
 16.81884      3
 16.85106      3
 16.88328      3
 16.9155       3
 16.94772      3
 16.97994      3
 16.97994      3
 17.01216      3
 17.04438      3
 17.0766       3
 17.10882      3
 17.14104      3
 17.17326      3
 17.20548      3
 17.20548      3
 17.2377       3
 17.26992      3
 17.30214      3
 17.33436      3
 17.36658      3
 17.36658      3
 17.3988       3
 17.43102      3
 17.46324      3
 17.49546      3
 17.52768      3
 17.5599       3
 17.5599       3
 17.59212      3
 17.62434      3
 17.65656      3
 17.68878      3
 17.721        3
 17.721        3
 17.75322      3
 17.78544      3
 17.81766      3
 17.84988      3
 17.8821       3
 17.91432      3
 17.91432      3
 17.94654      3
 17.97876      3
 18.01098      3
 18.0432       3
 18.07542      3
 18.10764      3
 18.10764      3
 18.13986      3
 18.17208      3
 18.2043       3
 18.23652      3
 18.26874      3
 18.26874      3
 18.30096      3
 18.33318      3
 18.3654       3
 18.39762      3
 18.42984      3
 18.42984      3
 18.46206      3
 18.49428      3
 18.5265       3
 18.55872      3
 18.59094      3
 18.62316      3
 18.62316      3
 18.65538      3
 18.6876       4
 18.71982      4
 18.75204      3
 18.78426      4
 18.78426      4
 18.81648      4
 18.8487       4
 18.88092      4
 18.91314      4
 18.94536      4
 18.94536      4
 18.97758      4
 19.0098       4
 19.04202      4
 19.07424      4
 19.10646      4
 19.10646      4
 19.13868      4
 19.1709       4
 19.20312      4
 19.23534      4
 19.26756      4
 19.29978      4
 19.29978      4
 19.332        4
 19.36422      4
 19.39644      4
 19.42866      4
 19.46088      4
 19.46088      4
 19.52532      4
 19.55754      4
 19.58976      4
 19.62198      4
 19.6542       4
 19.6542       4
 19.68642      4
 19.71864      4
 19.75086      4
 19.78308      4
 19.8153       4
 19.8153       4
 19.84752      4
 19.87974      4
 19.91196      4
 19.94418      4
 19.9764       4
 19.9764       4
 20.00862      4
 20.04084      4
 20.07306      4
 20.10528      4
 20.1375       4
 20.1375       4
 20.16972      4
 20.20194      4
 20.23416      4
 20.26638      4
 20.2986       4
 20.2986       5
 20.33082      6
 20.36304      6
 20.39526      6
 20.42748      6
 20.4597       6
 20.4597       6
 20.49192      6
 20.52414      6
 20.55636      6
 20.58858      6
 20.58858      6
 20.6208       6
 20.65302      6
 20.68524      6
 20.71746      6
 20.74968      5
 20.7819       5
 20.7819       5
 20.81412      5
 20.84634      5
 20.87856      5
 20.91078      5
 20.943        5
 20.943        5
 20.97522      5
 21.00744      5
 21.03966      5
 21.07188      5
 21.07188      4
 21.1041       4
 21.13632      4
 21.16854      4
 21.20076      4
 21.23298      4
 21.23298      4
 21.2652       4
 21.29742      4
 21.32964      4
 21.36186      4
 21.39408      4
 21.39408      4
 21.4263       4
 21.45852      4
 21.49074      4
 21.52296      4
 21.52296      4
 21.55518      4
 21.5874       4
 21.61962      4
 21.65184      4
 21.68406      4
 21.68406      4
 21.71628      5
 21.7485       4
 21.78072      4
 21.81294      5
 21.84516      5
 21.84516      5
 21.87738      5
 21.9096       5
 21.94182      5
 21.97404      5
 21.97404      5
 22.00626      5
 22.03848      5
 22.0707       5
 22.10292      5
 22.13514      5
 22.13514      5
 22.16736      5
 22.19958      5
 22.2318       5
 22.26402      5
 22.26402      5
 22.29624      5
 22.32846      5
 22.36068      5
 22.3929       5
 22.42512      5
 22.42512      5
 22.45734      5
 22.48956      5
 22.52178      5
 22.554        5
 22.58622      5
 22.58622      5
 22.61844      5
 22.65066      5
 22.68288      5
 22.7151       5
 22.7151       5
 22.77954      5
 22.81176      5
 22.84398      5
 22.84398      5
 22.8762       5
 22.90842      5
 22.94064      5
 22.97286      5
 22.97286      5
 23.00508      5
 23.0373       5
 23.06952      5
 23.10174      5
 23.13396      5
 23.13396      5
 23.16618      5
 23.1984       5
 23.23062      5
 23.26284      5
 23.26284      5
 23.29506      5
 23.32728      5
 23.3595       5
 23.39172      5
 23.39172      5
 23.42394      5
 23.45616      5
 23.48838      5
 23.5206       5
 23.55282      5
 23.55282      5
 23.58504      5
 23.61726      5
 23.64948      5
 23.6817       5
 23.6817       5
 23.71392      5
 23.74614      5
 23.77836      5
 23.81058      5
 23.81058      5
 23.8428       5
 23.87502      5
 23.90724      5
 23.93946      5
 23.93946      5
 23.97168      5
 24.0039       5
 24.03612      5
 24.06834      6
 24.06834      5
 24.10056      6
 24.13278      6
 24.165        6
 24.19722      6
 24.22944      6
 24.22944      6
 24.26166      6
 24.29388      6
 24.3261       6
 24.35832      6
 24.35832      5
 24.39054      6
 24.42276      6
 24.45498      5
 24.4872       6
 24.4872       5
 24.51942      5
 24.55164      6
 24.58386      5
 24.61608      5
 24.61608      6
 24.6483       5
 24.68052      5
 24.71274      6
 24.74496      5
 24.74496      6
 24.77718      6
 24.8094       5
 24.84162      6
 24.87384      6
 24.87384      5
 24.90606      6
 24.93828      6
 24.9705       6
 25.00272      6
 25.00272      6
 25.03494      6
 25.06716      6
 25.09938      6
 25.09938      6
 25.1316       6
 25.16382      6
 25.19604      6
 25.22826      6
 25.22826      6
 25.26048      6
 25.2927       6
 25.32492      6
 25.35714      6
 25.35714      6
 25.38936      6
 25.42158      6
 25.4538       6
 25.48602      6
 25.48602      6
 25.51824      6
 25.55046      6
 25.58268      6
 25.6149       6
 25.6149       6
 25.64712      6
 25.67934      6
 25.71156      6
 25.74378      6
 25.74378      6
 25.776        6
 25.80822      6
 25.84044      6
 25.87266      6
 25.87266      6
 25.90488      6
 25.9371       6
 25.96932      6
 26.00154      6
 26.03376      6
 26.06598      6
 26.0982       6
 26.13042      6
 26.13042      6
 26.16264      6
 26.19486      6
 26.22708      6
 26.22708      6
 26.2593       6
 26.29152      6
 26.32374      6
 26.35596      6
 26.35596      6
 26.38818      6
 26.4204       6
 26.45262      6
 26.48484      6
 26.48484      6
 26.51706      6
 26.54928      6
 26.5815       6
 26.5815       6
 26.61372      6
 26.64594      6
 26.67816      6
 26.71038      6
 26.71038      6
 26.7426       6
 26.77482      6
 26.80704      6
 26.83926      6
 26.83926      6
 26.87148      6
 26.9037       6
 26.93592      6
 26.93592      6
 26.96814      6
 27.00036      6
 27.03258      6
 27.0648       6
 27.0648       6
 27.09702      6
 27.12924      6
 27.16146      6
 27.19368      6
 27.19368      6
 27.2259       6
 27.25812      6
 27.29034      6
 27.29034      6
 27.32256      6
 27.35478      7
 27.387        7
 27.387        6
 27.41922      7
 27.45144      6
 27.48366      6
 27.51588      6
 27.51588      6
 27.5481       6
 27.58032      6
 27.61254      6
 27.61254      7
 27.64476      7
 27.67698      7
 27.7092       7
 27.74142      7
 27.74142      7
 27.77364      7
 27.80586      7
 27.83808      7
 27.83808      7
 27.8703       7
 27.90252      7
 27.93474      7
 27.96696      7
 27.96696      7
 27.99918      7
 28.0314       7
 28.06362      7
 28.06362      7
 28.09584      7
 28.12806      7
 28.16028      7
 28.16028      7
 28.1925       7
 28.22472      7
 28.25694      7
 28.28916      7
