 0             0
 0             0
 0             0
 0             0
 0             0
 0             0
 0             0
 0             0
 0             0
 0             0
 0             0
 3.222e-002    0
 6.444e-002    0
 6.444e-002    0
 9.666e-002    0
 0.12888       0
 0.1611        0
 0.19332       0
 0.19332       0
 0.22554       0
 0.25776       0
 0.28998       0
 0.3222        0
 0.35442       0
 0.35442       0
 0.41886       0
 0.41886       0
 0.45108       0
 0.4833        0
 0.51552       0
 0.54774       0
 0.57996       0
 0.57996       0
 0.61218       0
 0.6444        0
 0.67662       0
 0.70884       0
 0.74106       0
 0.77328       0
 0.8055        0
 0.8055        0
 0.83772       0
 0.86994       0
 0.90216       0
 0.93438       0
 0.9666        0
 0.99882       0
 1.03104       0
 1.06326       0
 1.06326       0
 1.09548       0
 1.1277        0
 1.15992       0
 1.19214       0
 1.22436       0
 1.25658       0
 1.2888        0
 1.32102       0
 1.32102       0
 1.35324       0
 1.38546       0
 1.41768       0
 1.4499        0
 1.48212       0
 1.51434       0
 1.54656       0
 1.57878       0
 1.611         0
 1.611         0
 1.67544       0
 1.67544       0
 1.70766       0
 1.73988       0
 1.7721        0
 1.80432       0
 1.83654       0
 1.86876       0
 1.90098       0
 1.9332        0
 1.9332        0
 1.96542       0
 1.99764       0
 2.02986       0
 2.06208       0
 2.0943        0
 2.12652       0
 2.15874       0
 2.19096       0
 2.22318       0
 2.2554        0
 2.28762       0
 2.31984       0
 2.31984       0
 2.35206       0
 2.38428       0
 2.4165        0
 2.44872       0
 2.48094       0
 2.51316       0
 2.54538       0
 2.5776        0
 2.60982       0
 2.64204       0
 2.67426       2
 2.67426       2
 2.70648       2
 2.7387        2
 2.77092       2
 2.80314       2
 2.83536       1
 2.86758       1
 2.8998        1
 2.93202       0
 2.96424       0
 2.99646       0
 3.02868       0
 3.0609        0
 3.09312       0
 3.09312       0
 3.12534       0
 3.15756       0
 3.18978       0
 3.25422       0
 3.28644       0
 3.31866       0
 3.35088       0
 3.3831        0
 3.41532       0
 3.44754       0
 3.44754       0
 3.47976       0
 3.51198       0
 3.5442        0
 3.57642       0
 3.60864       0
 3.64086       0
 3.67308       0
 3.7053        0
 3.73752       0
 3.76974       0
 3.80196       0
 3.83418       0
 3.8664        0
 3.8664        0
 3.89862       0
 3.93084       0
 3.96306       0
 3.99528       0
 4.0275        0
 4.05972       0
 4.09194       0
 4.12416       0
 4.15638       0
 4.1886        0
 4.22082       0
 4.22082       0
 4.25304       0
 4.28526       0
 4.31748       0
 4.3497        0
 4.38192       0
 4.41414       0
 4.44636       0
 4.47858       0
 4.5108        0
 4.54302       0
 4.57524       0
 4.60746       0
 4.60746       0
 4.63968       0
 4.6719        0
 4.70412       0
 4.73634       0
 4.76856       0
 4.80078       0
 4.833         0
 4.86522       0
 4.89744       0
 4.92966       0
 4.96188       0
 4.96188       0
 4.9941        0
 5.02632       0
 5.05854       0
 5.09076       0
 5.12298       0
 5.1552        0
 5.18742       0
 5.21964       0
 5.25186       0
 5.28408       0
 5.3163        0
 5.34852       0
 5.34852       0
 5.38074       0
 5.41296       0
 5.44518       0
 5.4774        0
 5.50962       0
 5.54184       0
 5.57406       0
 5.60628       0
 5.6385        0
 5.67072       0
 5.70294       0
 5.70294       0
 5.73516       0
 5.76738       0
 5.7996        0
 5.83182       1
 5.86404       1
 5.89626       1
 5.92848       1
 5.9607        1
 5.99292       1
 6.02514       1
 6.05736       2
 6.05736       2
 6.08958       2
 6.1218        2
 6.15402       2
 6.18624       2
 6.21846       3
 6.25068       3
 6.2829        3
 6.31512       3
 6.34734       3
 6.37956       3
 6.41178       4
 6.444         4
 6.444         4
 6.50844       4
 6.54066       4
 6.57288       5
 6.6051        5
 6.63732       5
 6.66954       5
 6.70176       5
 6.73398       6
 6.73398       6
 6.7662        6
 6.79842       6
 6.83064       6
 6.86286       6
 6.89508       6
 6.9273        7
 6.95952       7
 6.99174       7
 7.02396       7
 7.05618       7
 7.05618       7
 7.0884        7
 7.12062       7
 7.15284       7
 7.18506       7
 7.21728       7
 7.2495        7
 7.28172       7
 7.31394       7
 7.34616       6
 7.37838       6
 7.4106        6
 7.4106        6
 7.44282       6
 7.47504       6
 7.50726       6
 7.53948       6
 7.5717        6
 7.60392       5
 7.63614       5
 7.66836       5
 7.70058       5
 7.7328        5
 7.7328        5
 7.76502       5
 7.79724       4
 7.82946       4
 7.86168       4
 7.8939        4
 7.92612       4
 7.95834       4
 7.99056       4
 8.02278       4
 8.055         3
 8.055         3
 8.08722       3
 8.11944       3
 8.15166       3
 8.18388       3
 8.2161        3
 8.24832       3
 8.28054       3
 8.31276       3
 8.31276       3
 8.34498       3
 8.3772        3
 8.40942       3
 8.44164       3
 8.47386       3
 8.50608       3
 8.5383        2
 8.57052       2
 8.60274       3
 8.63496       2
 8.63496       3
 8.66718       3
 8.6994        3
 8.73162       3
 8.76384       3
 8.79606       3
 8.82828       3
 8.8605        3
 8.89272       3
 8.92494       3
 8.92494       3
 8.95716       3
 8.98938       3
 9.0216        3
 9.05382       4
 9.08604       4
 9.11826       4
 9.15048       4
 9.1827        4
 9.21492       4
 9.21492       4
 9.24714       5
 9.27936       5
 9.31158       5
 9.3438        5
 9.37602       5
 9.40824       5
 9.44046       6
 9.47268       6
 9.5049        6
 9.5049        6
 9.53712       6
 9.56934       7
 9.60156       7
 9.63378       7
 9.666         7
 9.69822       8
 9.76266       8
 9.76266       8
 9.79488       8
 9.8271        9
 9.85932       9
 9.89154       9
 9.92376       9
 9.95598       10
 9.9882        10
 10.02042      10
 10.05264      11
 10.05264      11
 10.08486      11
 10.11708      12
 10.1493       12
 10.18152      12
 10.21374      13
 10.24596      13
 10.27818      13
 10.3104       14
 10.34262      14
 10.34262      15
 10.37484      15
 10.40706      15
 10.43928      16
 10.4715       16
 10.50372      17
 10.53594      17
 10.56816      17
 10.56816      18
 10.60038      18
 10.6326       19
 10.66482      19
 10.69704      20
 10.72926      20
 10.76148      21
 10.7937       21
 10.82592      22
 10.82592      22
 10.85814      23
 10.89036      23
 10.92258      24
 10.9548       24
 10.98702      25
 11.01924      25
 11.05146      26
 11.08368      26
 11.08368      27
 11.1159       28
 11.14812      28
 11.18034      29
 11.21256      29
 11.24478      30
 11.277        30
 11.30922      31
 11.34144      31
 11.34144      32
 11.37366      33
 11.40588      33
 11.4381       34
 11.47032      34
 11.50254      35
 11.53476      35
 11.56698      36
 11.5992       36
 11.5992       37
 11.63142      37
 11.66364      37
 11.69586      38
 11.72808      39
 11.7603       39
 11.79252      39
 11.82474      38
 11.85696      37
 11.85696      37
 11.88918      37
 11.9214       36
 11.95362      36
 11.98584      36
 12.01806      36
 12.05028      36
 12.0825       35
 12.11472      35
 12.11472      35
 12.14694      34
 12.17916      34
 12.21138      34
 12.2436       33
 12.27582      33
 12.30804      32
 12.34026      32
 12.34026      31
 12.37248      30
 12.4047       30
 12.43692      29
 12.46914      29
 12.50136      28
 12.53358      27
 12.5658       27
 12.59802      26
 12.59802      26
 12.63024      25
 12.66246      25
 12.69468      24
 12.7269       24
 12.75912      23
 12.79134      23
 12.82356      22
 12.82356      22
 12.85578      21
 12.888        21
 12.92022      20
 12.95244      20
 13.01688      19
 13.0491       19
 13.0491       19
 13.08132      21
 13.11354      23
 13.14576      23
 13.17798      19
 13.2102       17
 13.24242      16
 13.27464      15
 13.27464      15
 13.30686      14
 13.33908      14
 13.3713       14
 13.40352      13
 13.43574      13
 13.46796      13
 13.50018      13
 13.50018      13
 13.5324       13
 13.56462      13
 13.59684      13
 13.62906      13
 13.66128      13
 13.6935       13
 13.72572      14
 13.72572      14
 13.75794      14
 13.79016      14
 13.82238      14
 13.8546       14
 13.88682      14
 13.91904      15
 13.95126      15
 13.95126      15
 13.98348      15
 14.0157       15
 14.04792      16
 14.08014      16
 14.11236      16
 14.14458      16
 14.1768       17
 14.1768       17
 14.20902      17
 14.24124      18
 14.27346      18
 14.30568      18
 14.3379       19
 14.37012      19
 14.37012      19
 14.40234      20
 14.43456      20
 14.46678      21
 14.499        21
 14.53122      22
 14.56344      21
 14.59566      21
 14.59566      21
 14.62788      21
 14.6601       21
 14.69232      22
 14.72454      23
 14.75676      23
 14.78898      24
 14.78898      25
 14.8212       25
 14.85342      26
 14.88564      27
 14.91786      27
 14.95008      28
 14.9823       29
 14.9823       29
 15.01452      30
 15.04674      31
 15.07896      31
 15.11118      32
 15.1434       33
 15.17562      33
 15.20784      34
 15.20784      35
 15.24006      35
 15.27228      36
 15.3045       37
 15.33672      37
 15.36894      38
 15.40116      39
 15.40116      40
 15.43338      40
 15.4656       41
 15.49782      42
 15.53004      42
 15.56226      43
 15.59448      44
 15.59448      45
 15.6267       45
 15.65892      46
 15.69114      47
 15.72336      48
 15.75558      49
 15.7878       49
 15.7878       50
 15.82002      51
 15.85224      52
 15.88446      53
 15.91668      53
 15.9489       54
 15.98112      55
 16.01334      56
 16.01334      57
 16.04556      58
 16.07778      58
 16.11         59
 16.14222      60
 16.17444      61
 16.20666      62
 16.20666      63
 16.2711       63
 16.30332      64
 16.33554      65
 16.36776      66
 16.39998      67
 16.39998      67
 16.4322       68
 16.46442      69
 16.49664      69
 16.52886      70
 16.56108      71
 16.5933       71
 16.5933       72
 16.62552      72
 16.65774      72
 16.68996      73
 16.72218      73
 16.7544       73
 16.78662      73
 16.78662      73
 16.81884      74
 16.85106      74
 16.88328      73
 16.9155       73
 16.94772      73
 16.94772      73
 16.97994      72
 17.01216      72
 17.04438      72
 17.0766       71
 17.10882      71
 17.14104      70
 17.14104      70
 17.17326      69
 17.20548      68
 17.2377       68
 17.26992      67
 17.30214      66
 17.33436      65
 17.33436      65
 17.36658      64
 17.3988       63
 17.43102      62
 17.46324      61
 17.49546      60
 17.52768      59
 17.52768      58
 17.5599       57
 17.59212      56
 17.62434      55
 17.65656      54
 17.68878      53
 17.68878      52
 17.721        51
 17.75322      51
 17.78544      50
 17.81766      49
 17.84988      48
 17.8821       47
 17.8821       46
 17.91432      46
 17.94654      45
 17.97876      44
 18.01098      44
 18.0432       43
 18.07542      42
 18.07542      42
 18.10764      41
 18.13986      40
 18.17208      40
 18.2043       39
 18.23652      39
 18.23652      38
 18.26874      38
 18.30096      37
 18.33318      37
 18.3654       37
 18.39762      36
 18.39762      36
 18.42984      36
 18.46206      35
 18.49428      35
 18.5265       35
 18.55872      35
 18.59094      35
 18.59094      35
 18.62316      34
 18.65538      34
 18.6876       34
 18.71982      34
 18.75204      34
 18.75204      34
 18.78426      34
 18.81648      34
 18.8487       34
 18.88092      34
 18.91314      34
 18.94536      34
 18.94536      34
 18.97758      34
 19.0098       35
 19.04202      35
 19.07424      35
 19.10646      35
 19.10646      35
 19.13868      36
 19.1709       36
 19.20312      36
 19.23534      37
 19.26756      37
 19.26756      37
 19.29978      37
 19.332        38
 19.36422      38
 19.39644      39
 19.42866      39
 19.42866      40
 19.46088      40
 19.52532      40
 19.55754      41
 19.58976      41
 19.58976      41
 19.62198      42
 19.6542       42
 19.68642      43
 19.71864      43
 19.75086      44
 19.78308      44
 19.78308      45
 19.8153       45
 19.84752      46
 19.87974      46
 19.91196      47
 19.91196      48
 19.94418      48
 19.9764       49
 20.00862      49
 20.04084      50
 20.07306      51
 20.07306      51
 20.10528      52
 20.1375       53
 20.16972      53
 20.20194      54
 20.23416      55
 20.26638      56
 20.26638      56
 20.2986       57
 20.33082      58
 20.36304      58
 20.39526      59
 20.42748      60
 20.42748      61
 20.4597       62
 20.49192      62
 20.52414      63
 20.55636      64
 20.55636      65
 20.58858      66
 20.6208       66
 20.65302      67
 20.68524      68
 20.71746      69
 20.71746      70
 20.74968      71
 20.7819       72
 20.81412      72
 20.84634      73
 20.87856      74
 20.87856      75
 20.91078      76
 20.943        77
 20.97522      78
 21.00744      79
 21.03966      79
 21.03966      80
 21.07188      81
 21.1041       82
 21.13632      83
 21.16854      84
 21.20076      85
 21.20076      85
 21.23298      86
 21.2652       87
 21.29742      88
 21.32964      89
 21.32964      89
 21.36186      90
 21.39408      91
 21.4263       92
 21.45852      92
 21.49074      93
 21.49074      93
 21.52296      94
 21.55518      94
 21.5874       95
 21.61962      96
 21.61962      96
 21.65184      97
 21.68406      97
 21.71628      98
 21.7485       98
 21.78072      98
 21.78072      98
 21.81294      99
 21.84516      96
 21.87738      92
 21.9096       90
 21.94182      89
 21.94182      89
 21.97404      89
 22.00626      89
 22.03848      89
 22.0707       90
 22.0707       90
 22.10292      90
 22.13514      90
 22.16736      91
 22.19958      91
 22.2318       90
 22.2318       90
 22.26402      90
 22.29624      90
 22.32846      89
 22.36068      89
 22.3929       88
 22.3929       88
 22.42512      87
 22.45734      87
 22.48956      86
 22.52178      85
 22.554        84
 22.554        84
 22.58622      83
 22.61844      82
 22.65066      81
 22.68288      81
 22.68288      80
 22.7151       79
 22.77954      78
 22.81176      77
 22.81176      77
 22.84398      76
 22.8762       75
 22.90842      74
 22.94064      74
 22.94064      73
 22.97286      72
 23.00508      72
 23.0373       71
 23.06952      70
 23.10174      69
 23.10174      69
 23.13396      68
 23.16618      67
 23.1984       67
 23.23062      66
 23.26284      66
 23.26284      65
 23.29506      65
 23.32728      64
 23.3595       64
 23.39172      64
 23.39172      63
 23.42394      63
 23.45616      62
 23.48838      62
 23.5206       62
 23.5206       61
 23.55282      61
 23.58504      61
 23.61726      61
 23.64948      60
 23.64948      60
 23.6817       60
 23.71392      60
 23.74614      60
 23.77836      59
 23.77836      59
 23.81058      59
 23.8428       59
 23.87502      59
 23.90724      59
 23.93946      59
 23.93946      59
 23.97168      59
 24.0039       59
 24.03612      59
 24.06834      59
 24.06834      59
 24.10056      59
 24.13278      59
 24.165        59
 24.19722      59
 24.19722      59
 24.22944      59
 24.26166      60
 24.29388      60
 24.3261       60
 24.3261       62
 24.35832      63
 24.39054      64
 24.42276      64
 24.45498      64
 24.45498      64
 24.4872       64
 24.51942      64
 24.55164      64
 24.58386      64
 24.58386      64
 24.61608      64
 24.6483       64
 24.68052      64
 24.71274      64
 24.71274      64
 24.74496      65
 24.77718      65
 24.8094       65
 24.84162      66
 24.84162      66
 24.87384      66
 24.90606      67
 24.93828      67
 24.9705       68
 24.9705       68
 25.00272      69
 25.03494      69
 25.06716      70
 25.09938      70
 25.09938      71
 25.1316       71
 25.16382      72
 25.19604      73
 25.22826      73
 25.22826      74
 25.26048      75
 25.2927       75
 25.32492      76
 25.35714      77
 25.35714      76
 25.38936      75
 25.42158      76
 25.4538       77
 25.4538       79
 25.48602      80
 25.51824      81
 25.55046      82
 25.58268      83
 25.58268      83
 25.6149       84
 25.64712      85
 25.67934      86
 25.71156      87
 25.71156      87
 25.74378      88
 25.776        89
 25.80822      90
 25.84044      90
 25.84044      91
 25.87266      92
 25.90488      93
 25.9371       94
 25.96932      95
 25.96932      96
 26.03376      96
 26.06598      97
 26.06598      98
 26.0982       99
 26.13042      100
 26.16264      101
 26.19486      102
 26.19486      103
 26.22708      104
 26.2593       104
 26.29152      105
 26.32374      106
 26.32374      107
 26.35596      108
 26.38818      108
 26.4204       109
 26.45262      110
 26.45262      110
 26.48484      111
 26.51706      112
 26.54928      112
 26.54928      113
 26.5815       113
 26.61372      114
 26.64594      114
 26.67816      115
 26.67816      115
 26.71038      116
 26.7426       116
 26.77482      117
 26.80704      117
 26.80704      117
 26.83926      118
 26.87148      118
 26.9037       118
 26.93592      119
 26.93592      119
 26.96814      119
 27.00036      119
 27.03258      119
 27.03258      119
 27.0648       119
 27.09702      119
 27.12924      119
 27.12924      119
 27.16146      119
 27.19368      119
 27.2259       119
 27.25812      119
 27.25812      118
 27.29034      118
 27.32256      118
 27.35478      118
 27.35478      118
 27.387        117
 27.41922      117
 27.45144      117
 27.48366      116
 27.48366      116
 27.51588      115
 27.5481       115
 27.58032      115
 27.58032      114
 27.61254      114
 27.64476      113
 27.67698      113
 27.7092       112
 27.7092       112
 27.74142      111
 27.77364      111
 27.80586      110
 27.80586      110
 27.83808      109
 27.8703       109
 27.90252      108
 27.90252      108
 27.93474      107
 27.96696      107
 27.99918      106
 28.0314       106
 28.0314       105
 28.06362      105
 28.09584      105
 28.12806      104
 28.12806      104
 28.16028      103
 28.1925       103
 28.22472      102
 28.22472      102
 28.25694      102
