 0             0
 0             0
 0             0
 0             0
 0             0
 0             0
 0             0
 0             0
 0             0
 0             0
 3.222e-002    0
 3.222e-002    0
 6.444e-002    0
 9.666e-002    0
 9.666e-002    0
 0.12888       0
 0.1611        0
 0.19332       0
 0.19332       0
 0.22554       0
 0.25776       0
 0.28998       0
 0.3222        0
 0.35442       0
 0.38664       0
 0.38664       0
 0.41886       0
 0.45108       0
 0.4833        0
 0.51552       0
 0.54774       0
 0.54774       0
 0.61218       0
 0.61218       0
 0.6444        0
 0.67662       0
 0.70884       0
 0.74106       0
 0.77328       0
 0.8055        0
 0.8055        0
 0.86994       0
 0.86994       0
 0.90216       0
 0.93438       0
 0.9666        0
 0.99882       0
 1.03104       0
 1.03104       0
 1.06326       0
 1.09548       0
 1.1277        0
 1.15992       0
 1.19214       0
 1.22436       0
 1.25658       0
 1.2888        0
 1.32102       0
 1.32102       0
 1.35324       0
 1.38546       0
 1.41768       0
 1.4499        0
 1.48212       0
 1.51434       0
 1.54656       0
 1.57878       0
 1.57878       0
 1.611         0
 1.64322       0
 1.67544       0
 1.70766       0
 1.73988       0
 1.7721        0
 1.80432       0
 1.83654       0
 1.86876       0
 1.90098       0
 1.90098       0
 1.9332        0
 1.96542       0
 1.99764       0
 2.02986       0
 2.06208       0
 2.0943        0
 2.12652       0
 2.15874       0
 2.19096       0
 2.22318       0
 2.22318       0
 2.2554        0
 2.28762       0
 2.31984       0
 2.35206       0
 2.38428       0
 2.4165        0
 2.44872       0
 2.48094       0
 2.51316       0
 2.54538       0
 2.5776        0
 2.5776        0
 2.60982       0
 2.64204       0
 2.67426       0
 2.70648       0
 2.7387        0
 2.77092       0
 2.80314       0
 2.83536       0
 2.86758       0
 2.8998        0
 2.93202       0
 2.96424       0
 2.99646       0
 2.99646       0
 3.02868       0
 3.0609        0
 3.09312       0
 3.12534       0
 3.15756       0
 3.18978       0
 3.25422       0
 3.28644       0
 3.31866       0
 3.35088       0
 3.35088       0
 3.3831        0
 3.41532       0
 3.44754       0
 3.47976       0
 3.51198       0
 3.5442        0
 3.57642       0
 3.60864       0
 3.64086       0
 3.67308       0
 3.7053        0
 3.7053        0
 3.73752       0
 3.76974       0
 3.80196       0
 3.83418       0
 3.8664        0
 3.89862       0
 3.93084       0
 3.96306       0
 3.99528       0
 4.0275        0
 4.05972       0
 4.09194       0
 4.09194       0
 4.12416       0
 4.15638       0
 4.1886        0
 4.22082       0
 4.25304       0
 4.28526       0
 4.31748       0
 4.3497        0
 4.38192       0
 4.41414       0
 4.44636       0
 4.47858       0
 4.5108        0
 4.5108        0
 4.54302       0
 4.57524       0
 4.60746       0
 4.63968       0
 4.6719        0
 4.70412       0
 4.73634       0
 4.76856       0
 4.80078       0
 4.833         1
 4.833         1
 4.86522       1
 4.89744       1
 4.92966       1
 4.96188       1
 4.9941        1
 5.02632       1
 5.05854       1
 5.09076       2
 5.12298       2
 5.1552        2
 5.18742       2
 5.21964       2
 5.21964       2
 5.25186       2
 5.28408       3
 5.3163        3
 5.34852       3
 5.38074       3
 5.41296       3
 5.44518       4
 5.4774        4
 5.50962       4
 5.54184       4
 5.57406       4
 5.57406       4
 5.60628       5
 5.6385        5
 5.67072       5
 5.70294       5
 5.73516       5
 5.76738       6
 5.7996        6
 5.83182       6
 5.86404       6
 5.89626       6
 5.92848       7
 5.92848       7
 5.9607        7
 5.99292       7
 6.02514       7
 6.05736       8
 6.08958       8
 6.1218        8
 6.15402       8
 6.18624       9
 6.21846       9
 6.25068       9
 6.25068       10
 6.2829        10
 6.31512       10
 6.34734       11
 6.37956       11
 6.41178       11
 6.444         12
 6.50844       12
 6.54066       12
 6.57288       12
 6.6051        12
 6.6051        13
 6.63732       13
 6.66954       13
 6.70176       13
 6.73398       14
 6.7662        14
 6.79842       14
 6.83064       14
 6.86286       14
 6.89508       15
 6.9273        15
 6.9273        15
 6.95952       15
 6.99174       15
 7.02396       15
 7.05618       16
 7.0884        16
 7.12062       16
 7.15284       16
 7.18506       16
 7.21728       16
 7.2495        16
 7.28172       16
 7.28172       16
 7.31394       16
 7.34616       16
 7.37838       16
 7.4106        16
 7.44282       15
 7.47504       16
 7.50726       15
 7.53948       15
 7.5717        15
 7.5717        15
 7.60392       15
 7.63614       15
 7.66836       15
 7.70058       15
 7.7328        14
 7.76502       14
 7.79724       14
 7.82946       14
 7.86168       14
 7.8939        14
 7.8939        13
 7.92612       13
 7.95834       13
 7.99056       13
 8.02278       13
 8.055         13
 8.08722       13
 8.11944       12
 8.15166       12
 8.18388       12
 8.18388       12
 8.2161        12
 8.24832       12
 8.28054       12
 8.31276       11
 8.34498       11
 8.3772        11
 8.40942       11
 8.44164       11
 8.47386       11
 8.47386       11
 8.50608       11
 8.5383        11
 8.57052       11
 8.60274       11
 8.63496       11
 8.66718       11
 8.6994        11
 8.73162       11
 8.76384       11
 8.79606       11
 8.79606       11
 8.82828       11
 8.8605        11
 8.89272       11
 8.92494       11
 8.95716       11
 8.98938       11
 9.0216        11
 9.05382       11
 9.05382       11
 9.08604       11
 9.11826       11
 9.15048       11
 9.1827        12
 9.21492       12
 9.24714       12
 9.27936       12
 9.31158       12
 9.3438        12
 9.3438        12
 9.37602       12
 9.40824       13
 9.44046       13
 9.47268       13
 9.5049        13
 9.53712       13
 9.56934       14
 9.60156       14
 9.63378       14
 9.63378       14
 9.666         15
 9.69822       15
 9.76266       15
 9.79488       15
 9.8271        16
 9.85932       16
 9.89154       16
 9.89154       17
 9.92376       17
 9.95598       17
 9.9882        18
 10.02042      18
 10.05264      18
 10.08486      19
 10.11708      19
 10.1493       19
 10.18152      20
 10.18152      20
 10.21374      21
 10.24596      21
 10.27818      21
 10.3104       22
 10.34262      22
 10.37484      23
 10.40706      23
 10.43928      24
 10.43928      24
 10.4715       25
 10.50372      25
 10.53594      25
 10.56816      26
 10.60038      26
 10.6326       27
 10.66482      27
 10.69704      28
 10.69704      28
 10.72926      29
 10.76148      29
 10.7937       30
 10.82592      30
 10.85814      31
 10.89036      31
 10.92258      32
 10.9548       32
 10.9548       33
 10.98702      33
 11.01924      34
 11.05146      35
 11.08368      35
 11.1159       36
 11.14812      37
 11.18034      37
 11.21256      38
 11.21256      38
 11.24478      39
 11.277        39
 11.30922      40
 11.34144      41
 11.37366      41
 11.40588      42
 11.4381       42
 11.47032      43
 11.47032      43
 11.50254      44
 11.53476      44
 11.56698      44
 11.5992       45
 11.63142      45
 11.66364      45
 11.69586      46
 11.72808      46
 11.72808      46
 11.7603       46
 11.79252      46
 11.82474      46
 11.85696      46
 11.88918      45
 11.9214       45
 11.95362      45
 11.95362      45
 11.98584      44
 12.01806      44
 12.05028      43
 12.0825       43
 12.11472      42
 12.14694      42
 12.17916      41
 12.21138      41
 12.21138      40
 12.2436       40
 12.27582      39
 12.30804      38
 12.34026      38
 12.37248      37
 12.4047       37
 12.43692      36
 12.43692      35
 12.46914      35
 12.50136      34
 12.53358      34
 12.5658       33
 12.59802      32
 12.63024      32
 12.66246      31
 12.66246      31
 12.69468      30
 12.7269       29
 12.75912      29
 12.79134      28
 12.82356      28
 12.85578      27
 12.888        27
 12.92022      26
 12.92022      26
 12.95244      26
 13.01688      25
 13.0491       25
 13.08132      24
 13.11354      24
 13.14576      24
 13.14576      23
 13.17798      23
 13.2102       23
 13.24242      23
 13.27464      22
 13.30686      22
 13.33908      22
 13.3713       22
 13.3713       21
 13.40352      21
 13.43574      21
 13.46796      21
 13.50018      21
 13.5324       21
 13.56462      21
 13.56462      21
 13.59684      21
 13.62906      21
 13.66128      21
 13.6935       21
 13.72572      21
 13.75794      21
 13.79016      21
 13.79016      21
 13.82238      21
 13.8546       21
 13.88682      22
 13.91904      22
 13.95126      22
 13.98348      22
 14.0157       22
 14.0157       23
 14.04792      23
 14.08014      23
 14.11236      23
 14.14458      24
 14.1768       24
 14.20902      24
 14.24124      25
 14.24124      25
 14.27346      25
 14.30568      26
 14.3379       26
 14.37012      26
 14.40234      27
 14.43456      27
 14.43456      28
 14.46678      28
 14.499        29
 14.53122      29
 14.56344      29
 14.59566      30
 14.62788      30
 14.6601       31
 14.6601       31
 14.69232      32
 14.72454      32
 14.75676      33
 14.78898      34
 14.8212       34
 14.85342      35
 14.85342      35
 14.88564      36
 14.91786      36
 14.95008      37
 14.9823       38
 15.01452      38
 15.04674      39
 15.04674      39
 15.07896      40
 15.11118      41
 15.1434       41
 15.17562      42
 15.20784      43
 15.24006      43
 15.27228      44
 15.27228      45
 15.3045       45
 15.33672      46
 15.36894      47
 15.40116      47
 15.43338      48
 15.4656       49
 15.4656       50
 15.49782      50
 15.53004      51
 15.56226      52
 15.59448      52
 15.6267       53
 15.65892      54
 15.65892      55
 15.69114      56
 15.72336      56
 15.75558      57
 15.7878       58
 15.82002      59
 15.85224      60
 15.85224      61
 15.88446      61
 15.91668      62
 15.9489       63
 15.98112      64
 16.01334      65
 16.04556      66
 16.04556      67
 16.07778      67
 16.11         68
 16.14222      69
 16.17444      70
 16.20666      70
 16.23888      71
 16.2711       72
 16.30332      73
 16.33554      73
 16.36776      74
 16.39998      74
 16.4322       75
 16.4322       75
 16.46442      76
 16.49664      76
 16.52886      76
 16.56108      76
 16.5933       77
 16.62552      77
 16.62552      77
 16.65774      77
 16.68996      76
 16.72218      76
 16.7544       76
 16.78662      76
 16.78662      75
 16.81884      75
 16.85106      74
 16.88328      74
 16.9155       73
 16.94772      72
 16.97994      72
 17.01216      71
 17.01216      70
 17.04438      69
 17.0766       69
 17.10882      68
 17.14104      67
 17.17326      66
 17.17326      65
 17.20548      64
 17.2377       63
 17.26992      62
 17.30214      61
 17.33436      60
 17.36658      59
 17.36658      58
 17.3988       57
 17.43102      56
 17.46324      55
 17.49546      54
 17.52768      53
 17.5599       52
 17.5599       51
 17.59212      50
 17.62434      49
 17.65656      48
 17.68878      47
 17.721        46
 17.721        45
 17.75322      44
 17.78544      44
 17.81766      43
 17.84988      42
 17.8821       42
 17.91432      41
 17.91432      40
 17.94654      40
 17.97876      39
 18.01098      38
 18.0432       38
 18.07542      37
 18.07542      37
 18.10764      36
 18.13986      36
 18.17208      35
 18.2043       35
 18.23652      35
 18.26874      34
 18.26874      34
 18.30096      34
 18.33318      34
 18.3654       34
 18.39762      33
 18.42984      33
 18.42984      33
 18.46206      33
 18.49428      33
 18.5265       33
 18.55872      33
 18.59094      33
 18.59094      33
 18.62316      33
 18.65538      34
 18.6876       34
 18.71982      35
 18.75204      35
 18.75204      35
 18.78426      35
 18.81648      35
 18.8487       36
 18.88092      37
 18.91314      37
 18.94536      37
 18.94536      37
 18.97758      38
 19.0098       38
 19.04202      38
 19.07424      38
 19.10646      38
 19.10646      38
 19.13868      39
 19.1709       39
 19.20312      39
 19.23534      40
 19.26756      40
 19.26756      40
 19.29978      41
 19.332        41
 19.36422      42
 19.39644      42
 19.42866      43
 19.46088      44
 19.46088      44
 19.52532      44
 19.55754      45
 19.58976      46
 19.62198      46
 19.6542       47
 19.6542       47
 19.68642      48
 19.71864      49
 19.75086      49
 19.78308      50
 19.78308      51
 19.8153       51
 19.84752      52
 19.87974      53
 19.91196      53
 19.94418      54
 19.94418      55
 19.9764       56
 20.00862      56
 20.04084      57
 20.07306      58
 20.10528      59
 20.10528      59
 20.1375       60
 20.16972      61
 20.20194      62
 20.23416      63
 20.26638      64
 20.26638      64
 20.2986       65
 20.33082      66
 20.36304      67
 20.39526      68
 20.42748      69
 20.42748      70
 20.4597       71
 20.49192      71
 20.52414      72
 20.55636      73
 20.58858      74
 20.58858      75
 20.6208       76
 20.65302      77
 20.68524      78
 20.71746      79
 20.74968      80
 20.74968      81
 20.7819       82
 20.81412      83
 20.84634      84
 20.87856      85
 20.87856      86
 20.91078      87
 20.943        88
 20.97522      89
 21.00744      89
 21.03966      90
 21.03966      91
 21.07188      92
 21.1041       93
 21.13632      94
 21.16854      94
 21.20076      95
 21.20076      96
 21.23298      97
 21.2652       97
 21.29742      98
 21.32964      98
 21.32964      99
 21.36186      99
 21.39408      100
 21.4263       101
 21.45852      101
 21.49074      101
 21.49074      101
 21.52296      101
 21.55518      101
 21.5874       101
 21.61962      101
 21.65184      101
 21.65184      101
 21.68406      101
 21.71628      100
 21.7485       99
 21.78072      99
 21.81294      98
 21.81294      98
 21.84516      97
 21.87738      96
 21.9096       96
 21.94182      95
 21.94182      94
 21.97404      93
 22.00626      93
 22.03848      92
 22.0707       91
 22.0707       90
 22.10292      89
 22.13514      88
 22.16736      87
 22.19958      86
 22.2318       85
 22.2318       84
 22.26402      84
 22.29624      84
 22.32846      84
 22.36068      84
 22.36068      83
 22.3929       81
 22.42512      80
 22.45734      78
 22.48956      77
 22.52178      75
 22.52178      74
 22.554        72
 22.58622      71
 22.61844      70
 22.65066      68
 22.65066      67
 22.68288      66
 22.7151       65
 22.77954      64
 22.81176      63
 22.81176      61
 22.84398      61
 22.8762       60
 22.90842      59
 22.94064      58
 22.94064      57
 22.97286      56
 23.00508      55
 23.0373       55
 23.06952      54
 23.06952      53
 23.10174      53
 23.13396      52
 23.16618      52
 23.1984       51
 23.1984       51
 23.23062      50
 23.26284      50
 23.29506      50
 23.32728      49
 23.3595       49
 23.3595       49
 23.39172      48
 23.42394      48
 23.45616      48
 23.48838      48
 23.48838      48
 23.5206       47
 23.55282      47
 23.58504      47
 23.61726      47
 23.61726      47
 23.64948      47
 23.6817       47
 23.71392      47
 23.74614      47
 23.74614      47
 23.77836      48
 23.81058      48
 23.8428       48
 23.87502      48
 23.90724      48
 23.90724      49
 23.93946      49
 23.97168      49
 24.0039       49
 24.03612      50
 24.03612      50
 24.06834      50
 24.10056      51
 24.13278      51
 24.165        51
 24.165        52
 24.19722      52
 24.22944      53
 24.26166      53
 24.29388      53
 24.29388      54
 24.3261       54
 24.35832      55
 24.39054      56
 24.42276      56
 24.42276      57
 24.45498      57
 24.4872       58
 24.51942      58
 24.55164      59
 24.55164      60
 24.58386      60
 24.61608      61
 24.6483       61
 24.68052      62
 24.68052      63
 24.71274      63
 24.74496      64
 24.77718      65
 24.8094       66
 24.8094       66
 24.84162      67
 24.87384      67
 24.90606      67
 24.93828      68
 24.93828      69
 24.9705       70
 25.00272      71
 25.03494      71
 25.06716      72
 25.06716      74
 25.09938      75
 25.1316       76
 25.16382      77
 25.19604      78
 25.19604      79
 25.22826      79
 25.26048      80
 25.2927       81
 25.32492      82
 25.32492      83
 25.35714      84
 25.38936      85
 25.42158      86
 25.42158      87
 25.4538       88
 25.48602      89
 25.51824      90
 25.55046      91
 25.55046      92
 25.58268      93
 25.6149       94
 25.64712      95
 25.67934      96
 25.67934      97
 25.71156      98
 25.74378      99
 25.776        101
 25.776        102
 25.80822      103
 25.84044      104
 25.87266      105
 25.90488      106
 25.90488      107
 25.9371       108
 25.96932      108
 26.03376      109
 26.06598      110
 26.06598      111
 26.0982       112
 26.13042      113
 26.16264      113
 26.16264      114
 26.19486      115
 26.22708      115
 26.2593       116
 26.29152      117
 26.29152      117
 26.32374      118
 26.35596      118
 26.38818      119
 26.4204       119
 26.4204       119
 26.45262      120
 26.48484      120
 26.51706      120
 26.51706      120
 26.54928      120
 26.5815       120
 26.61372      120
 26.64594      120
 26.64594      120
 26.67816      120
 26.71038      120
 26.7426       120
 26.77482      120
 26.77482      120
 26.80704      119
 26.83926      119
 26.87148      119
 26.87148      118
 26.9037       118
 26.93592      117
 26.96814      117
 26.96814      116
 27.00036      115
 27.03258      115
 27.0648       114
 27.09702      113
 27.09702      112
 27.12924      111
 27.16146      110
 27.19368      109
 27.19368      108
 27.2259       108
 27.25812      106
 27.29034      105
 27.32256      104
 27.32256      103
 27.35478      102
 27.387        101
 27.41922      99
 27.45144      98
 27.45144      97
 27.48366      96
 27.51588      95
 27.5481       94
 27.5481       93
 27.58032      92
 27.61254      91
 27.64476      90
 27.64476      89
 27.67698      88
 27.7092       87
 27.74142      86
 27.74142      85
 27.77364      84
 27.80586      83
 27.83808      82
 27.8703       82
 27.8703       81
 27.90252      80
 27.93474      79
 27.96696      78
 27.96696      77
 27.99918      77
 28.0314       76
 28.06362      75
 28.09584      75
 28.09584      74
 28.12806      74
 28.16028      73
 28.1925       72
 28.1925       72
 28.22472      71
