 0             0
 0             0
 0             0
 0             0
 0             0
 0             0
 0             0
 0             0
 0             0
 0             0
 3.222e-002    0
 3.222e-002    0
 6.444e-002    0
 9.666e-002    0
 9.666e-002    0
 0.12888       0
 0.1611        0
 0.19332       0
 0.19332       0
 0.22554       0
 0.25776       0
 0.28998       0
 0.3222        0
 0.35442       0
 0.38664       0
 0.38664       0
 0.41886       0
 0.45108       0
 0.4833        0
 0.51552       0
 0.54774       0
 0.54774       0
 0.57996       0
 0.61218       0
 0.6444        0
 0.67662       0
 0.70884       0
 0.74106       0
 0.77328       0
 0.77328       0
 0.8055        0
 0.83772       0
 0.86994       0
 0.90216       0
 0.93438       0
 0.9666        0
 0.99882       0
 1.03104       0
 1.03104       0
 1.06326       0
 1.09548       0
 1.1277        0
 1.15992       0
 1.19214       0
 1.22436       0
 1.25658       0
 1.25658       0
 1.2888        0
 1.32102       0
 1.35324       0
 1.38546       0
 1.41768       0
 1.4499        0
 1.48212       0
 1.51434       0
 1.51434       0
 1.57878       0
 1.57878       0
 1.611         0
 1.64322       0
 1.67544       0
 1.70766       0
 1.73988       0
 1.7721        0
 1.80432       0
 1.83654       0
 1.83654       0
 1.90098       0
 1.90098       0
 1.9332        0
 1.96542       0
 1.99764       0
 2.02986       0
 2.06208       0
 2.0943        0
 2.12652       0
 2.15874       0
 2.15874       0
 2.19096       0
 2.22318       0
 2.2554        0
 2.28762       0
 2.31984       0
 2.35206       0
 2.38428       0
 2.4165        0
 2.44872       0
 2.48094       0
 2.51316       0
 2.54538       0
 2.54538       0
 2.5776        0
 2.60982       0
 2.64204       0
 2.67426       0
 2.70648       0
 2.7387        0
 2.77092       0
 2.80314       0
 2.83536       0
 2.86758       0
 2.8998        0
 2.8998        0
 2.93202       0
 2.96424       0
 2.99646       0
 3.02868       0
 3.0609        0
 3.09312       0
 3.12534       0
 3.15756       0
 3.18978       0
 3.25422       0
 3.25422       0
 3.28644       0
 3.31866       0
 3.35088       0
 3.3831        0
 3.41532       0
 3.44754       0
 3.47976       0
 3.51198       0
 3.5442        0
 3.57642       0
 3.60864       0
 3.60864       0
 3.64086       0
 3.67308       0
 3.7053        0
 3.73752       0
 3.76974       0
 3.80196       0
 3.83418       0
 3.8664        0
 3.89862       0
 3.93084       0
 3.96306       0
 3.99528       0
 3.99528       0
 4.0275        0
 4.05972       0
 4.09194       0
 4.12416       0
 4.15638       0
 4.1886        0
 4.22082       0
 4.25304       0
 4.28526       0
 4.31748       0
 4.3497        0
 4.3497        0
 4.38192       0
 4.41414       0
 4.44636       0
 4.47858       0
 4.5108        0
 4.54302       0
 4.57524       0
 4.60746       0
 4.63968       0
 4.6719        0
 4.70412       0
 4.73634       0
 4.73634       0
 4.76856       0
 4.80078       0
 4.833         0
 4.86522       0
 4.89744       0
 4.92966       0
 4.96188       0
 4.9941        0
 5.02632       0
 5.05854       0
 5.09076       0
 5.09076       0
 5.12298       0
 5.1552        0
 5.18742       0
 5.21964       0
 5.25186       0
 5.28408       0
 5.3163        1
 5.34852       1
 5.38074       1
 5.41296       1
 5.41296       1
 5.44518       1
 5.4774        1
 5.50962       1
 5.54184       1
 5.57406       1
 5.60628       2
 5.6385        2
 5.67072       2
 5.70294       2
 5.73516       2
 5.76738       2
 5.7996        2
 5.7996        2
 5.83182       2
 5.86404       2
 5.89626       3
 5.92848       3
 5.9607        3
 5.99292       3
 6.02514       3
 6.05736       3
 6.08958       3
 6.1218        4
 6.15402       4
 6.15402       4
 6.18624       4
 6.21846       4
 6.25068       4
 6.2829        4
 6.31512       5
 6.34734       5
 6.37956       5
 6.41178       5
 6.444         5
 6.47622       5
 6.50844       5
 6.54066       6
 6.57288       6
 6.6051        6
 6.63732       6
 6.66954       6
 6.70176       6
 6.73398       6
 6.7662        6
 6.79842       6
 6.79842       6
 6.83064       6
 6.86286       7
 6.89508       7
 6.9273        7
 6.95952       7
 6.99174       7
 7.02396       7
 7.05618       7
 7.0884        7
 7.0884        7
 7.12062       7
 7.15284       7
 7.18506       7
 7.21728       7
 7.2495        7
 7.28172       7
 7.31394       7
 7.34616       7
 7.37838       7
 7.4106        7
 7.4106        7
 7.44282       7
 7.47504       7
 7.50726       7
 7.53948       6
 7.5717        6
 7.60392       6
 7.63614       6
 7.66836       6
 7.70058       6
 7.7328        6
 7.7328        6
 7.76502       6
 7.79724       5
 7.82946       5
 7.86168       5
 7.8939        5
 7.92612       5
 7.95834       5
 7.99056       5
 8.02278       5
 8.055         5
 8.055         5
 8.08722       5
 8.11944       5
 8.15166       4
 8.18388       4
 8.2161        4
 8.24832       4
 8.28054       4
 8.31276       4
 8.34498       4
 8.34498       4
 8.3772        4
 8.40942       4
 8.44164       4
 8.47386       4
 8.50608       4
 8.5383        4
 8.57052       4
 8.60274       4
 8.60274       4
 8.63496       4
 8.66718       4
 8.6994        4
 8.73162       4
 8.76384       4
 8.79606       4
 8.82828       4
 8.8605        4
 8.89272       4
 8.92494       4
 8.92494       4
 8.95716       4
 8.98938       4
 9.0216        4
 9.05382       4
 9.08604       4
 9.11826       5
 9.15048       5
 9.1827        5
 9.1827        5
 9.21492       5
 9.24714       5
 9.27936       5
 9.31158       5
 9.3438        5
 9.37602       5
 9.40824       5
 9.44046       6
 9.47268       6
 9.47268       6
 9.5049        6
 9.53712       6
 9.56934       6
 9.60156       6
 9.63378       7
 9.666         7
 9.69822       7
 9.76266       7
 9.76266       7
 9.79488       7
 9.8271        7
 9.85932       7
 9.89154       8
 9.92376       8
 9.95598       8
 9.9882        8
 10.02042      8
 10.02042      9
 10.05264      9
 10.08486      9
 10.11708      9
 10.1493       9
 10.18152      9
 10.21374      10
 10.24596      10
 10.27818      10
 10.27818      10
 10.3104       10
 10.34262      11
 10.37484      11
 10.40706      11
 10.43928      11
 10.4715       12
 10.50372      12
 10.50372      12
 10.53594      12
 10.56816      12
 10.60038      13
 10.6326       13
 10.66482      13
 10.69704      14
 10.72926      14
 10.76148      14
 10.7937       14
 10.7937       14
 10.82592      15
 10.85814      15
 10.89036      15
 10.92258      16
 10.9548       16
 10.98702      16
 11.01924      16
 11.01924      17
 11.05146      17
 11.08368      17
 11.1159       17
 11.14812      18
 11.18034      18
 11.21256      18
 11.24478      19
 11.277        19
 11.277        19
 11.30922      19
 11.34144      20
 11.37366      20
 11.40588      20
 11.4381       20
 11.47032      21
 11.50254      21
 11.53476      21
 11.53476      21
 11.56698      21
 11.5992       21
 11.63142      21
 11.66364      21
 11.69586      21
 11.72808      21
 11.7603       21
 11.7603       21
 11.79252      21
 11.82474      21
 11.85696      21
 11.88918      20
 11.9214       20
 11.95362      20
 11.98584      20
 11.98584      20
 12.01806      19
 12.05028      19
 12.0825       19
 12.11472      19
 12.14694      18
 12.17916      18
 12.21138      18
 12.2436       17
 12.2436       17
 12.27582      17
 12.30804      17
 12.34026      16
 12.37248      16
 12.4047       16
 12.43692      15
 12.46914      15
 12.46914      15
 12.50136      15
 12.53358      14
 12.5658       14
 12.59802      14
 12.63024      13
 12.66246      13
 12.69468      13
 12.69468      13
 12.7269       12
 12.75912      12
 12.79134      12
 12.82356      12
 12.85578      12
 12.888        11
 12.92022      11
 12.92022      11
 12.95244      11
 13.01688      11
 13.0491       10
 13.08132      10
 13.11354      10
 13.14576      10
 13.14576      10
 13.17798      10
 13.2102       10
 13.24242      10
 13.27464      10
 13.30686      9
 13.33908      10
 13.3713       9
 13.3713       9
 13.40352      9
 13.43574      9
 13.46796      9
 13.50018      9
 13.5324       9
 13.56462      9
 13.56462      9
 13.59684      9
 13.62906      9
 13.66128      9
 13.6935       10
 13.72572      10
 13.75794      10
 13.79016      10
 13.79016      10
 13.82238      10
 13.8546       10
 13.88682      10
 13.91904      10
 13.95126      10
 13.98348      11
 14.0157       11
 14.0157       11
 14.04792      11
 14.08014      11
 14.11236      11
 14.14458      11
 14.1768       12
 14.20902      12
 14.20902      12
 14.24124      12
 14.27346      12
 14.30568      12
 14.3379       12
 14.37012      13
 14.40234      13
 14.43456      13
 14.43456      13
 14.46678      13
 14.499        14
 14.53122      14
 14.56344      14
 14.59566      14
 14.59566      15
 14.62788      15
 14.6601       15
 14.69232      15
 14.72454      16
 14.75676      16
 14.78898      16
 14.8212       16
 14.8212       17
 14.85342      17
 14.88564      17
 14.91786      17
 14.95008      18
 14.9823       18
 15.01452      18
 15.01452      19
 15.04674      19
 15.07896      19
 15.11118      20
 15.1434       20
 15.17562      20
 15.20784      21
 15.24006      21
 15.24006      21
 15.27228      21
 15.3045       22
 15.33672      22
 15.36894      22
 15.40116      23
 15.43338      23
 15.43338      24
 15.4656       24
 15.49782      24
 15.53004      25
 15.56226      25
 15.59448      25
 15.6267       26
 15.6267       26
 15.65892      26
 15.69114      27
 15.72336      27
 15.75558      28
 15.7878       28
 15.82002      28
 15.82002      29
 15.85224      29
 15.88446      30
 15.91668      30
 15.9489       30
 15.98112      31
 16.01334      31
 16.01334      31
 16.04556      32
 16.07778      32
 16.11         32
 16.14222      33
 16.17444      33
 16.20666      33
 16.23888      33
 16.2711       34
 16.30332      34
 16.33554      34
 16.36776      34
 16.39998      34
 16.39998      34
 16.4322       35
 16.46442      35
 16.49664      35
 16.52886      35
 16.56108      35
 16.5933       35
 16.5933       35
 16.62552      34
 16.65774      34
 16.68996      34
 16.72218      34
 16.7544       34
 16.7544       33
 16.78662      33
 16.81884      33
 16.85106      33
 16.88328      32
 16.9155       32
 16.94772      32
 16.94772      31
 16.97994      31
 17.01216      31
 17.04438      30
 17.0766       30
 17.10882      30
 17.10882      29
 17.14104      29
 17.17326      28
 17.20548      28
 17.2377       27
 17.26992      27
 17.30214      27
 17.30214      26
 17.33436      26
 17.36658      25
 17.3988       25
 17.43102      24
 17.46324      24
 17.46324      24
 17.49546      23
 17.52768      23
 17.5599       22
 17.59212      22
 17.62434      22
 17.65656      21
 17.65656      21
 17.68878      21
 17.721        20
 17.75322      20
 17.78544      20
 17.81766      19
 17.81766      19
 17.84988      19
 17.8821       18
 17.91432      18
 17.94654      18
 17.97876      18
 18.01098      18
 18.01098      17
 18.0432       17
 18.07542      17
 18.10764      16
 18.13986      16
 18.17208      16
 18.17208      16
 18.2043       16
 18.23652      16
 18.26874      16
 18.30096      16
 18.33318      16
 18.33318      16
 18.3654       16
 18.39762      16
 18.42984      16
 18.46206      16
 18.49428      16
 18.5265       16
 18.5265       16
 18.55872      16
 18.59094      16
 18.62316      16
 18.65538      16
 18.6876       16
 18.6876       16
 18.71982      16
 18.75204      16
 18.78426      16
 18.81648      17
 18.8487       17
 18.8487       17
 18.88092      17
 18.91314      17
 18.94536      17
 18.97758      18
 19.0098       18
 19.0098       18
 19.04202      18
 19.07424      18
 19.10646      19
 19.13868      19
 19.1709       19
 19.1709       19
 19.20312      19
 19.23534      20
 19.26756      20
 19.29978      20
 19.332        20
 19.36422      21
 19.36422      21
 19.39644      21
 19.42866      21
 19.46088      22
 19.52532      22
 19.52532      22
 19.55754      23
 19.58976      23
 19.62198      23
 19.6542       24
 19.68642      24
 19.68642      24
 19.71864      24
 19.75086      25
 19.78308      25
 19.8153       25
 19.84752      26
 19.84752      26
 19.87974      26
 19.91196      27
 19.94418      27
 19.9764       27
 20.00862      28
 20.00862      28
 20.04084      29
 20.07306      29
 20.10528      29
 20.1375       30
 20.16972      30
 20.16972      30
 20.20194      31
 20.23416      31
 20.26638      32
 20.2986       32
 20.33082      32
 20.33082      33
 20.36304      33
 20.39526      34
 20.42748      34
 20.4597       35
 20.4597       35
 20.49192      35
 20.52414      36
 20.55636      36
 20.58858      37
 20.6208       37
 20.6208       38
 20.65302      38
 20.68524      38
 20.71746      39
 20.74968      39
 20.7819       40
 20.7819       40
 20.81412      41
 20.84634      41
 20.87856      42
 20.91078      42
 20.943        42
 20.943        43
 20.97522      43
 21.00744      44
 21.03966      44
 21.07188      44
 21.07188      45
 21.1041       45
 21.13632      45
 21.16854      46
 21.20076      46
 21.23298      46
 21.23298      46
 21.2652       46
 21.29742      47
 21.32964      47
 21.36186      47
 21.39408      47
 21.39408      47
 21.4263       47
 21.45852      47
 21.49074      47
 21.52296      47
 21.52296      47
 21.55518      47
 21.5874       46
 21.61962      46
 21.65184      46
 21.68406      46
 21.68406      46
 21.71628      45
 21.7485       45
 21.78072      45
 21.81294      45
 21.84516      44
 21.84516      44
 21.87738      44
 21.9096       43
 21.94182      43
 21.97404      43
 21.97404      42
 22.00626      42
 22.03848      41
 22.0707       41
 22.10292      40
 22.10292      40
 22.13514      40
 22.16736      39
 22.19958      39
 22.2318       38
 22.26402      38
 22.26402      37
 22.29624      37
 22.32846      36
 22.36068      36
 22.3929       35
 22.3929       35
 22.42512      34
 22.45734      34
 22.48956      33
 22.52178      33
 22.554        33
 22.554        32
 22.58622      32
 22.61844      31
 22.65066      31
 22.68288      31
 22.68288      30
 22.7151       30
 22.77954      29
 22.81176      29
 22.84398      29
 22.84398      28
 22.8762       28
 22.90842      28
 22.94064      28
 22.94064      27
 22.97286      27
 23.00508      27
 23.0373       27
 23.06952      26
 23.10174      26
 23.10174      26
 23.13396      26
 23.16618      26
 23.1984       25
 23.23062      25
 23.23062      25
 23.26284      25
 23.29506      25
 23.32728      25
 23.3595       25
 23.3595       25
 23.39172      25
 23.42394      25
 23.45616      24
 23.48838      24
 23.5206       24
 23.5206       24
 23.55282      24
 23.58504      24
 23.61726      24
 23.64948      24
 23.64948      24
 23.6817       25
 23.71392      25
 23.74614      25
 23.77836      25
 23.77836      25
 23.81058      25
 23.8428       25
 23.87502      25
 23.90724      25
 23.90724      25
 23.93946      25
 23.97168      26
 24.0039       26
 24.03612      26
 24.03612      26
 24.06834      26
 24.10056      26
 24.13278      27
 24.165        27
 24.165        27
 24.19722      27
 24.22944      27
 24.26166      28
 24.29388      28
 24.3261       28
 24.3261       28
 24.35832      29
 24.39054      29
 24.42276      29
 24.42276      29
 24.45498      30
 24.4872       30
 24.51942      30
 24.55164      31
 24.55164      31
 24.58386      31
 24.61608      31
 24.6483       32
 24.68052      32
 24.68052      32
 24.71274      33
 24.74496      33
 24.77718      33
 24.8094       34
 24.8094       34
 24.84162      35
 24.87384      35
 24.90606      35
 24.93828      36
 24.93828      36
 24.9705       36
 25.00272      37
 25.03494      37
 25.03494      38
 25.06716      38
 25.09938      39
 25.1316       39
 25.16382      39
 25.16382      40
 25.19604      40
 25.22826      41
 25.26048      41
 25.2927       42
 25.2927       42
 25.32492      42
 25.35714      43
 25.38936      43
 25.42158      44
 25.42158      44
 25.4538       45
 25.48602      45
 25.51824      46
 25.55046      46
 25.55046      47
 25.58268      47
 25.6149       48
 25.64712      48
 25.67934      49
 25.67934      49
 25.71156      49
 25.74378      50
 25.776        50
 25.776        51
 25.80822      51
 25.84044      51
 25.87266      52
 25.90488      52
 25.90488      53
 25.9371       53
 25.96932      53
 26.03376      54
 26.03376      54
 26.06598      54
 26.0982       55
 26.13042      55
 26.16264      55
 26.16264      56
 26.19486      56
 26.22708      56
 26.2593       56
 26.29152      56
 26.29152      57
 26.32374      57
 26.35596      57
 26.38818      57
 26.4204       57
 26.4204       57
 26.45262      57
 26.48484      57
 26.51706      57
 26.51706      57
 26.54928      57
 26.5815       57
 26.61372      57
 26.61372      57
 26.64594      57
 26.67816      57
 26.71038      57
 26.7426       57
 26.7426       57
 26.77482      56
 26.80704      56
 26.83926      56
 26.83926      56
 26.87148      55
 26.9037       55
 26.93592      55
 26.96814      54
 26.96814      54
 27.00036      54
 27.03258      53
 27.0648       53
 27.0648       53
 27.09702      52
 27.12924      52
 27.16146      51
 27.19368      51
 27.19368      50
 27.2259       50
 27.25812      50
 27.29034      49
 27.29034      49
 27.32256      48
 27.35478      48
 27.387        48
 27.41922      47
 27.41922      47
 27.45144      46
 27.48366      46
 27.51588      46
 27.51588      45
 27.5481       45
 27.58032      44
 27.61254      44
 27.61254      44
 27.64476      43
 27.67698      43
 27.7092       43
 27.74142      42
 27.74142      42
 27.77364      41
 27.80586      41
 27.83808      41
 27.83808      40
 27.8703       40
 27.90252      40
 27.93474      40
 27.96696      39
 27.96696      39
 27.99918      39
 28.0314       38
 28.06362      38
 28.06362      38
 28.09584      38
 28.12806      38
 28.16028      37
 28.16028      37
