 0             0
 0             0
 0             0
 0             0
 0             0
 0             0
 0             0
 0             0
 0             0
 3.222e-002    0
 3.222e-002    0
 6.444e-002    0
 9.666e-002    0
 9.666e-002    0
 0.12888       0
 0.1611        0
 0.19332       0
 0.22554       0
 0.25776       0
 0.25776       0
 0.28998       0
 0.3222        0
 0.35442       0
 0.38664       0
 0.38664       0
 0.41886       0
 0.45108       0
 0.4833        0
 0.51552       0
 0.54774       0
 0.54774       0
 0.57996       0
 0.61218       0
 0.6444        0
 0.67662       0
 0.70884       0
 0.74106       0
 0.77328       0
 0.8055        0
 0.8055        0
 0.83772       0
 0.86994       0
 0.90216       0
 0.93438       0
 0.9666        0
 0.99882       0
 1.03104       0
 1.03104       0
 1.06326       0
 1.09548       0
 1.1277        0
 1.15992       0
 1.19214       0
 1.22436       0
 1.25658       0
 1.2888        0
 1.2888        0
 1.32102       0
 1.35324       0
 1.38546       0
 1.41768       0
 1.4499        0
 1.48212       0
 1.51434       0
 1.51434       0
 1.57878       0
 1.57878       0
 1.611         0
 1.64322       0
 1.67544       0
 1.70766       0
 1.73988       0
 1.7721        0
 1.80432       0
 1.83654       0
 1.83654       0
 1.86876       0
 1.90098       0
 1.9332        0
 1.96542       0
 1.99764       0
 2.02986       0
 2.06208       0
 2.0943        0
 2.12652       0
 2.15874       0
 2.15874       0
 2.19096       0
 2.22318       0
 2.2554        0
 2.28762       0
 2.31984       0
 2.35206       0
 2.38428       0
 2.4165        0
 2.44872       0
 2.48094       0
 2.51316       0
 2.51316       0
 2.54538       0
 2.5776        0
 2.60982       0
 2.64204       0
 2.67426       0
 2.70648       0
 2.7387        0
 2.77092       0
 2.80314       0
 2.83536       0
 2.86758       0
 2.8998        0
 2.8998        0
 2.93202       0
 2.96424       0
 2.99646       0
 3.02868       0
 3.0609        0
 3.09312       0
 3.12534       0
 3.15756       0
 3.18978       0
 3.222         0
 3.25422       0
 3.28644       0
 3.31866       0
 3.35088       0
 3.3831        0
 3.41532       0
 3.44754       0
 3.47976       0
 3.51198       0
 3.5442        0
 3.57642       0
 3.60864       0
 3.60864       0
 3.64086       0
 3.67308       0
 3.7053        0
 3.73752       0
 3.76974       0
 3.80196       0
 3.83418       0
 3.8664        0
 3.89862       0
 3.93084       0
 3.96306       0
 3.99528       0
 4.0275        0
 4.0275        0
 4.05972       0
 4.09194       0
 4.12416       0
 4.15638       0
 4.1886        0
 4.22082       0
 4.25304       0
 4.28526       0
 4.31748       0
 4.3497        0
 4.38192       0
 4.38192       0
 4.41414       0
 4.44636       0
 4.47858       0
 4.5108        0
 4.54302       0
 4.57524       0
 4.60746       0
 4.63968       0
 4.6719        0
 4.70412       0
 4.73634       0
 4.76856       0
 4.80078       0
 4.80078       0
 4.833         0
 4.86522       0
 4.89744       0
 4.92966       0
 4.96188       0
 4.9941        0
 5.02632       0
 5.05854       0
 5.09076       0
 5.12298       0
 5.1552        0
 5.1552        0
 5.18742       0
 5.21964       0
 5.25186       0
 5.28408       0
 5.3163        0
 5.34852       0
 5.38074       0
 5.41296       0
 5.44518       0
 5.4774        0
 5.50962       0
 5.54184       0
 5.54184       0
 5.57406       0
 5.60628       0
 5.6385        0
 5.67072       0
 5.70294       0
 5.73516       0
 5.76738       0
 5.7996        0
 5.83182       0
 5.86404       0
 5.86404       0
 5.89626       0
 5.92848       0
 5.9607        0
 5.99292       0
 6.02514       0
 6.05736       0
 6.08958       0
 6.1218        0
 6.15402       0
 6.18624       0
 6.21846       0
 6.21846       0
 6.25068       0
 6.2829        0
 6.31512       0
 6.34734       0
 6.37956       0
 6.41178       0
 6.444         0
 6.50844       0
 6.54066       0
 6.57288       0
 6.57288       0
 6.6051        0
 6.63732       0
 6.66954       0
 6.70176       0
 6.73398       0
 6.7662        0
 6.79842       0
 6.83064       0
 6.86286       0
 6.89508       0
 6.89508       0
 6.9273        0
 6.95952       0
 6.99174       0
 7.02396       0
 7.05618       0
 7.0884        0
 7.12062       0
 7.15284       0
 7.18506       0
 7.21728       0
 7.2495        0
 7.2495        0
 7.28172       0
 7.31394       0
 7.34616       0
 7.37838       0
 7.4106        0
 7.44282       0
 7.47504       0
 7.50726       0
 7.53948       0
 7.5717        0
 7.5717        0
 7.60392       0
 7.63614       0
 7.66836       0
 7.70058       0
 7.7328        0
 7.76502       0
 7.79724       0
 7.82946       0
 7.86168       0
 7.8939        0
 7.8939        0
 7.92612       0
 7.95834       0
 7.99056       0
 8.02278       0
 8.055         0
 8.08722       0
 8.11944       0
 8.15166       0
 8.18388       0
 8.18388       0
 8.2161        0
 8.24832       0
 8.28054       0
 8.31276       0
 8.34498       0
 8.3772        0
 8.40942       0
 8.44164       0
 8.47386       0
 8.47386       0
 8.50608       0
 8.5383        0
 8.57052       0
 8.60274       0
 8.63496       0
 8.66718       0
 8.6994        0
 8.73162       0
 8.76384       0
 8.76384       0
 8.79606       0
 8.82828       0
 8.8605        0
 8.89272       0
 8.92494       0
 8.95716       0
 8.98938       0
 9.0216        0
 9.05382       0
 9.05382       0
 9.08604       0
 9.11826       0
 9.15048       0
 9.1827        0
 9.21492       0
 9.24714       0
 9.27936       0
 9.31158       0
 9.3438        0
 9.3438        0
 9.37602       0
 9.40824       0
 9.44046       0
 9.47268       0
 9.5049        0
 9.53712       0
 9.56934       0
 9.60156       0
 9.60156       0
 9.63378       0
 9.666         0
 9.69822       0
 9.76266       0
 9.79488       0
 9.8271        0
 9.85932       0
 9.89154       0
 9.89154       0
 9.92376       0
 9.95598       0
 9.9882        0
 10.02042      0
 10.05264      0
 10.08486      0
 10.11708      0
 10.1493       0
 10.1493       0
 10.18152      0
 10.21374      0
 10.24596      0
 10.27818      0
 10.3104       0
 10.34262      0
 10.37484      0
 10.40706      0
 10.43928      0
 10.43928      0
 10.4715       0
 10.50372      0
 10.53594      0
 10.56816      0
 10.60038      0
 10.6326       0
 10.66482      0
 10.69704      0
 10.69704      0
 10.72926      0
 10.76148      0
 10.7937       0
 10.82592      0
 10.85814      0
 10.89036      0
 10.92258      0
 10.9548       0
 10.9548       0
 10.98702      0
 11.01924      0
 11.05146      0
 11.08368      0
 11.1159       0
 11.14812      0
 11.18034      0
 11.18034      0
 11.21256      0
 11.24478      0
 11.277        0
 11.30922      0
 11.34144      0
 11.37366      0
 11.40588      0
 11.4381       0
 11.4381       0
 11.47032      0
 11.50254      0
 11.53476      0
 11.56698      0
 11.5992       0
 11.63142      0
 11.66364      0
 11.66364      0
 11.69586      0
 11.72808      0
 11.7603       0
 11.79252      0
 11.82474      0
 11.85696      0
 11.88918      0
 11.9214       0
 11.9214       0
 11.95362      0
 11.98584      0
 12.01806      0
 12.05028      0
 12.0825       0
 12.11472      0
 12.14694      0
 12.17916      0
 12.17916      0
 12.21138      0
 12.2436       0
 12.27582      0
 12.30804      0
 12.34026      0
 12.37248      0
 12.4047       0
 12.4047       0
 12.43692      0
 12.46914      0
 12.50136      0
 12.53358      0
 12.5658       0
 12.59802      0
 12.63024      0
 12.63024      0
 12.66246      0
 12.69468      0
 12.7269       0
 12.75912      0
 12.79134      0
 12.82356      0
 12.85578      0
 12.85578      0
 12.888        0
 12.92022      0
 12.95244      0
 13.01688      0
 13.0491       0
 13.08132      0
 13.08132      0
 13.11354      0
 13.14576      0
 13.17798      0
 13.2102       0
 13.24242      0
 13.27464      0
 13.30686      0
 13.30686      0
 13.33908      2
 13.3713       3
 13.40352      3
 13.43574      4
 13.46796      3
 13.50018      3
 13.5324       3
 13.5324       3
 13.56462      2
 13.59684      2
 13.62906      2
 13.66128      1
 13.6935       1
 13.72572      1
 13.75794      1
 13.75794      1
 13.79016      1
 13.82238      0
 13.8546       0
 13.88682      0
 13.91904      0
 13.95126      0
 13.98348      0
 13.98348      0
 14.0157       0
 14.04792      0
 14.08014      0
 14.11236      0
 14.14458      0
 14.1768       0
 14.1768       0
 14.20902      0
 14.24124      0
 14.27346      0
 14.30568      0
 14.3379       0
 14.37012      0
 14.40234      0
 14.40234      0
 14.43456      0
 14.46678      0
 14.499        0
 14.53122      0
 14.56344      0
 14.59566      0
 14.59566      0
 14.62788      0
 14.6601       0
 14.69232      0
 14.72454      0
 14.75676      0
 14.78898      0
 14.78898      0
 14.8212       0
 14.85342      0
 14.88564      0
 14.91786      0
 14.95008      0
 14.9823       0
 15.01452      0
 15.01452      0
 15.04674      0
 15.07896      0
 15.11118      0
 15.1434       0
 15.17562      0
 15.20784      0
 15.20784      0
 15.24006      0
 15.27228      0
 15.3045       0
 15.33672      0
 15.36894      0
 15.40116      0
 15.43338      0
 15.43338      0
 15.4656       0
 15.49782      0
 15.53004      0
 15.56226      0
 15.59448      0
 15.59448      0
 15.6267       0
 15.65892      0
 15.69114      0
 15.72336      0
 15.75558      0
 15.7878       0
 15.82002      0
 15.82002      0
 15.85224      0
 15.88446      0
 15.91668      0
 15.9489       0
 15.98112      0
 16.01334      0
 16.01334      0
 16.04556      0
 16.07778      0
 16.11         0
 16.14222      0
 16.17444      0
 16.20666      0
 16.20666      0
 16.2711       0
 16.30332      0
 16.33554      0
 16.36776      0
 16.39998      0
 16.39998      0
 16.4322       0
 16.46442      0
 16.49664      0
 16.52886      0
 16.56108      0
 16.56108      0
 16.5933       0
 16.62552      0
 16.65774      1
 16.68996      1
 16.72218      1
 16.7544       1
 16.7544       1
 16.78662      1
 16.81884      1
 16.85106      1
 16.88328      2
 16.9155       2
 16.94772      2
 16.94772      2
 16.97994      2
 17.01216      2
 17.04438      2
 17.0766       2
 17.10882      2
 17.14104      3
 17.14104      3
 17.17326      3
 17.20548      3
 17.2377       3
 17.26992      3
 17.30214      3
 17.30214      3
 17.33436      3
 17.36658      3
 17.3988       3
 17.43102      3
 17.46324      3
 17.46324      4
 17.49546      4
 17.52768      4
 17.5599       3
 17.59212      3
 17.62434      3
 17.65656      3
 17.68878      3
 17.68878      3
 17.721        3
 17.75322      3
 17.78544      3
 17.81766      3
 17.84988      3
 17.84988      3
 17.8821       3
 17.91432      3
 17.94654      3
 17.97876      3
 18.01098      3
 18.01098      3
 18.0432       3
 18.07542      3
 18.10764      3
 18.13986      3
 18.17208      3
 18.2043       3
 18.2043       3
 18.23652      3
 18.26874      3
 18.30096      3
 18.33318      3
 18.3654       3
 18.3654       3
 18.39762      3
 18.42984      3
 18.46206      3
 18.49428      3
 18.5265       3
 18.5265       2
 18.55872      2
 18.59094      2
 18.62316      2
 18.65538      2
 18.6876       2
 18.6876       2
 18.71982      2
 18.75204      2
 18.78426      2
 18.81648      2
 18.8487       2
 18.88092      2
 18.88092      2
 18.91314      1
 18.94536      1
 18.97758      1
 19.0098       2
 19.04202      2
 19.04202      3
 19.07424      3
 19.10646      3
 19.13868      3
 19.1709       3
 19.20312      3
 19.20312      2
 19.23534      2
 19.26756      2
 19.29978      2
 19.332        2
 19.36422      2
 19.36422      2
 19.39644      2
 19.42866      1
 19.46088      1
 19.52532      1
 19.55754      1
 19.55754      1
 19.58976      1
 19.62198      1
 19.6542       1
 19.68642      1
 19.71864      1
 19.71864      1
 19.75086      1
 19.78308      0
 19.8153       0
 19.84752      0
 19.87974      0
 19.87974      0
 19.91196      0
 19.94418      0
 19.9764       0
 20.00862      0
 20.00862      0
 20.04084      1
 20.07306      0
 20.10528      1
 20.1375       1
 20.16972      1
 20.16972      1
 20.20194      1
 20.23416      1
 20.26638      1
 20.2986       1
 20.33082      1
 20.33082      1
 20.36304      1
 20.39526      1
 20.42748      1
 20.4597       1
 20.49192      1
 20.52414      1
 20.52414      1
 20.55636      1
 20.58858      1
 20.6208       1
 20.65302      1
 20.68524      1
 20.68524      1
 20.71746      1
 20.74968      1
 20.7819       1
 20.81412      1
 20.81412      1
 20.84634      1
 20.87856      1
 20.91078      1
 20.943        1
 20.97522      1
 20.97522      1
 21.00744      1
 21.03966      1
 21.07188      1
 21.1041       1
 21.1041       1
 21.13632      1
 21.16854      2
 21.20076      2
 21.23298      2
 21.2652       2
 21.2652       2
 21.29742      2
 21.32964      2
 21.36186      2
 21.39408      2
 21.4263       2
 21.4263       3
 21.45852      3
 21.49074      3
 21.52296      3
 21.55518      3
 21.55518      3
 21.5874       3
 21.61962      4
 21.65184      4
 21.68406      4
 21.71628      4
 21.71628      4
 21.7485       4
 21.78072      5
 21.81294      5
 21.84516      5
 21.84516      5
 21.87738      5
 21.9096       5
 21.94182      5
 21.97404      6
 22.00626      6
 22.00626      6
 22.03848      6
 22.0707       6
 22.10292      6
 22.13514      7
 22.13514      7
 22.16736      7
 22.19958      7
 22.2318       7
 22.26402      7
 22.29624      7
 22.29624      7
 22.32846      7
 22.36068      8
 22.3929       8
 22.42512      8
 22.42512      8
 22.45734      8
 22.48956      8
 22.52178      8
 22.554        8
 22.554        8
 22.58622      8
 22.61844      8
 22.65066      8
 22.68288      8
 22.7151       8
 22.7151       8
 22.77954      8
 22.81176      8
 22.84398      8
 22.84398      8
 22.8762       8
 22.90842      8
 22.94064      8
 22.97286      8
 22.97286      8
 23.00508      8
 23.0373       8
 23.06952      8
 23.10174      8
 23.13396      8
 23.13396      7
 23.16618      7
 23.1984       7
 23.23062      7
 23.26284      7
 23.26284      7
 23.29506      7
 23.32728      7
 23.3595       7
 23.39172      7
 23.39172      7
 23.42394      6
 23.45616      6
 23.48838      6
 23.5206       6
 23.5206       6
 23.55282      6
 23.58504      6
 23.61726      6
 23.64948      6
 23.64948      6
 23.6817       6
 23.71392      6
 23.74614      5
 23.77836      5
 23.81058      5
 23.81058      5
 23.8428       5
 23.87502      5
 23.90724      5
 23.93946      5
 23.93946      5
 23.97168      5
 24.0039       5
 24.03612      5
 24.06834      5
 24.06834      5
 24.10056      4
 24.13278      4
 24.165        4
 24.19722      4
 24.19722      4
 24.22944      4
 24.26166      4
 24.29388      4
 24.3261       4
 24.3261       4
 24.35832      4
 24.39054      4
 24.42276      4
 24.45498      4
 24.45498      4
 24.4872       4
 24.51942      4
 24.55164      4
 24.58386      4
 24.58386      4
 24.61608      4
 24.6483       4
 24.68052      3
 24.68052      3
 24.71274      3
 24.74496      3
 24.77718      3
 24.8094       3
 24.84162      3
 24.84162      3
 24.87384      3
 24.90606      3
 24.93828      4
 24.93828      3
 24.9705       4
 25.00272      4
 25.03494      4
 25.06716      4
 25.06716      4
 25.09938      4
 25.1316       4
 25.16382      4
 25.19604      4
 25.19604      4
 25.22826      4
 25.26048      4
 25.2927       4
 25.32492      4
 25.32492      4
 25.35714      4
 25.38936      4
 25.42158      4
 25.4538       4
 25.4538       3
 25.48602      4
 25.51824      3
 25.55046      3
 25.55046      4
 25.58268      3
 25.6149       4
 25.64712      4
 25.67934      3
 25.67934      4
 25.71156      4
 25.74378      4
 25.776        3
 25.80822      3
 25.80822      3
 25.84044      3
 25.87266      3
 25.90488      3
 25.90488      4
 25.9371       3
 25.96932      4
 26.03376      4
 26.03376      4
 26.06598      4
 26.0982       4
 26.13042      4
 26.16264      5
 26.16264      7
 26.19486      8
 26.22708      8
 26.2593       8
 26.29152      9
 26.29152      8
 26.32374      8
 26.35596      8
 26.38818      8
 26.4204       7
 26.4204       8
 26.45262      10
 26.48484      11
 26.51706      12
 26.51706      12
 26.54928      12
 26.5815       12
 26.61372      12
 26.61372      12
 26.64594      11
 26.67816      11
 26.71038      11
 26.7426       10
 26.7426       10
 26.77482      10
 26.80704      10
 26.83926      10
 26.83926      10
 26.87148      10
 26.9037       10
 26.93592      10
 26.96814      10
 26.96814      10
 27.00036      10
 27.03258      10
 27.0648       10
 27.09702      10
 27.09702      10
 27.12924      10
 27.16146      10
 27.19368      10
 27.19368      10
 27.2259       10
 27.25812      10
 27.29034      11
 27.29034      11
 27.32256      11
 27.35478      11
 27.387        11
 27.41922      11
 27.41922      11
 27.45144      11
 27.48366      11
 27.51588      11
 27.51588      11
 27.5481       11
 27.58032      11
 27.61254      11
 27.61254      12
 27.64476      11
 27.67698      12
 27.7092       12
 27.74142      12
 27.74142      12
 27.77364      12
 27.80586      12
 27.83808      12
 27.83808      12
 27.8703       12
 27.90252      12
 27.93474      12
 27.96696      12
 27.96696      12
 27.99918      11
 28.0314       12
 28.06362      11
 28.06362      11
 28.09584      11
 28.12806      11
 28.16028      11
 28.16028      11
 28.1925       11
 28.22472      11
