 0             0
 0             0
 0             0
 0             0
 0             0
 0             0
 0             0
 0             0
 0             0
 0             0
 3.222e-002    0
 3.222e-002    0
 6.444e-002    0
 9.666e-002    0
 9.666e-002    0
 0.12888       0
 0.1611        0
 0.19332       0
 0.19332       0
 0.22554       0
 0.25776       0
 0.28998       0
 0.3222        0
 0.35442       0
 0.38664       0
 0.38664       0
 0.41886       0
 0.45108       0
 0.4833        0
 0.51552       0
 0.54774       0
 0.54774       0
 0.57996       0
 0.61218       0
 0.6444        0
 0.67662       0
 0.70884       0
 0.74106       0
 0.77328       0
 0.77328       0
 0.8055        0
 0.83772       0
 0.86994       0
 0.90216       0
 0.93438       0
 0.9666        0
 0.99882       0
 1.03104       0
 1.03104       0
 1.06326       0
 1.09548       0
 1.1277        0
 1.15992       0
 1.19214       0
 1.22436       0
 1.25658       0
 1.25658       0
 1.2888        0
 1.32102       0
 1.35324       0
 1.38546       0
 1.41768       0
 1.4499        0
 1.48212       0
 1.51434       0
 1.51434       0
 1.57878       0
 1.57878       0
 1.611         0
 1.64322       0
 1.67544       0
 1.70766       0
 1.73988       0
 1.7721        0
 1.80432       0
 1.83654       0
 1.83654       0
 1.86876       0
 1.90098       0
 1.9332        0
 1.96542       0
 1.99764       0
 2.02986       0
 2.06208       0
 2.0943        0
 2.12652       0
 2.15874       0
 2.15874       0
 2.19096       0
 2.22318       0
 2.2554        0
 2.28762       0
 2.31984       0
 2.35206       0
 2.38428       0
 2.4165        0
 2.44872       0
 2.48094       0
 2.48094       0
 2.51316       0
 2.54538       0
 2.5776        0
 2.60982       0
 2.64204       0
 2.67426       0
 2.70648       0
 2.7387        0
 2.77092       0
 2.80314       0
 2.83536       0
 2.83536       0
 2.86758       0
 2.8998        0
 2.93202       0
 2.96424       0
 2.99646       0
 3.02868       0
 3.0609        0
 3.09312       0
 3.12534       0
 3.15756       0
 3.18978       0
 3.222         0
 3.25422       0
 3.28644       0
 3.31866       0
 3.35088       0
 3.3831        0
 3.41532       0
 3.44754       0
 3.47976       0
 3.51198       0
 3.5442        0
 3.57642       0
 3.57642       0
 3.60864       0
 3.64086       0
 3.67308       0
 3.7053        0
 3.73752       0
 3.76974       0
 3.80196       0
 3.83418       0
 3.8664        0
 3.89862       0
 3.93084       0
 3.93084       0
 3.99528       0
 3.99528       0
 4.0275        0
 4.05972       0
 4.09194       0
 4.12416       0
 4.15638       0
 4.1886        0
 4.22082       0
 4.25304       0
 4.28526       0
 4.31748       0
 4.31748       0
 4.3497        0
 4.38192       0
 4.41414       0
 4.44636       0
 4.47858       0
 4.5108        0
 4.54302       0
 4.57524       0
 4.60746       0
 4.63968       0
 4.6719        0
 4.6719        0
 4.70412       0
 4.73634       0
 4.76856       0
 4.80078       0
 4.833         0
 4.86522       0
 4.89744       0
 4.92966       0
 4.96188       0
 4.9941        0
 5.02632       0
 5.05854       0
 5.05854       0
 5.09076       0
 5.12298       0
 5.1552        0
 5.18742       0
 5.21964       0
 5.25186       0
 5.28408       0
 5.3163        0
 5.34852       0
 5.38074       0
 5.41296       0
 5.41296       0
 5.44518       0
 5.4774        0
 5.50962       0
 5.54184       0
 5.57406       0
 5.60628       0
 5.6385        0
 5.67072       0
 5.70294       0
 5.73516       0
 5.73516       0
 5.76738       0
 5.7996        0
 5.83182       0
 5.86404       0
 5.89626       0
 5.92848       0
 5.9607        0
 5.99292       0
 6.02514       0
 6.05736       0
 6.08958       0
 6.08958       0
 6.1218        0
 6.15402       0
 6.18624       0
 6.21846       0
 6.25068       0
 6.2829        0
 6.31512       0
 6.34734       0
 6.37956       0
 6.41178       0
 6.41178       0
 6.47622       0
 6.50844       0
 6.54066       0
 6.57288       0
 6.6051        0
 6.63732       0
 6.66954       0
 6.70176       1
 6.73398       1
 6.7662        1
 6.7662        1
 6.79842       1
 6.83064       1
 6.86286       0
 6.89508       0
 6.9273        0
 6.95952       0
 6.99174       0
 7.02396       0
 7.05618       0
 7.05618       0
 7.0884        0
 7.12062       0
 7.15284       0
 7.18506       0
 7.21728       0
 7.2495        0
 7.28172       0
 7.31394       0
 7.34616       0
 7.37838       0
 7.37838       0
 7.4106        0
 7.44282       0
 7.47504       0
 7.50726       0
 7.53948       0
 7.5717        0
 7.60392       0
 7.63614       0
 7.66836       0
 7.66836       0
 7.70058       0
 7.7328        0
 7.76502       0
 7.79724       0
 7.82946       0
 7.86168       0
 7.8939        0
 7.92612       0
 7.95834       0
 7.99056       0
 7.99056       0
 8.02278       0
 8.055         0
 8.08722       0
 8.11944       0
 8.15166       0
 8.18388       0
 8.2161        0
 8.24832       0
 8.28054       0
 8.28054       0
 8.31276       0
 8.34498       0
 8.3772        0
 8.40942       0
 8.44164       0
 8.47386       0
 8.50608       0
 8.5383        0
 8.57052       0
 8.57052       0
 8.60274       0
 8.63496       0
 8.66718       0
 8.6994        0
 8.73162       0
 8.76384       0
 8.79606       0
 8.82828       0
 8.82828       0
 8.8605        0
 8.89272       0
 8.92494       0
 8.95716       0
 8.98938       0
 9.0216        0
 9.05382       0
 9.08604       0
 9.11826       0
 9.11826       0
 9.15048       0
 9.1827        0
 9.21492       0
 9.24714       0
 9.27936       0
 9.31158       0
 9.3438        0
 9.37602       0
 9.37602       0
 9.40824       0
 9.44046       0
 9.47268       0
 9.5049        0
 9.53712       0
 9.56934       0
 9.60156       0
 9.63378       0
 9.666         0
 9.666         0
 9.69822       0
 9.76266       0
 9.79488       0
 9.8271        0
 9.85932       0
 9.89154       0
 9.92376       0
 9.92376       0
 9.95598       0
 9.9882        2
 10.02042      5
 10.05264      6
 10.08486      7
 10.11708      7
 10.1493       7
 10.18152      7
 10.18152      7
 10.21374      6
 10.24596      6
 10.27818      5
 10.3104       5
 10.34262      5
 10.37484      4
 10.40706      4
 10.43928      3
 10.43928      3
 10.4715       3
 10.50372      3
 10.53594      3
 10.56816      2
 10.60038      2
 10.6326       2
 10.66482      2
 10.69704      2
 10.69704      2
 10.72926      2
 10.76148      2
 10.7937       2
 10.82592      2
 10.85814      1
 10.89036      2
 10.92258      1
 10.9548       1
 10.9548       2
 10.98702      1
 11.01924      1
 11.05146      1
 11.08368      1
 11.1159       1
 11.14812      1
 11.18034      1
 11.21256      1
 11.21256      1
 11.24478      1
 11.277        1
 11.30922      1
 11.34144      1
 11.37366      1
 11.40588      1
 11.4381       1
 11.4381       1
 11.47032      1
 11.50254      1
 11.53476      1
 11.56698      1
 11.5992       1
 11.63142      1
 11.66364      1
 11.66364      1
 11.69586      1
 11.72808      1
 11.7603       1
 11.79252      1
 11.82474      1
 11.85696      1
 11.88918      1
 11.9214       1
 11.9214       1
 11.95362      1
 11.98584      1
 12.01806      1
 12.05028      1
 12.0825       1
 12.11472      1
 12.14694      1
 12.14694      1
 12.17916      1
 12.21138      1
 12.2436       1
 12.27582      1
 12.30804      1
 12.34026      1
 12.37248      1
 12.37248      1
 12.4047       1
 12.43692      1
 12.46914      1
 12.50136      1
 12.53358      1
 12.5658       1
 12.59802      1
 12.59802      1
 12.63024      1
 12.66246      1
 12.69468      1
 12.7269       1
 12.75912      1
 12.79134      1
 12.82356      1
 12.85578      1
 12.85578      1
 12.888        1
 12.92022      1
 12.95244      1
 13.01688      1
 13.0491       1
 13.0491       1
 13.08132      1
 13.11354      1
 13.14576      1
 13.17798      1
 13.2102       1
 13.24242      2
 13.27464      1
 13.30686      2
 13.30686      1
 13.33908      1
 13.3713       2
 13.40352      1
 13.43574      1
 13.46796      1
 13.50018      1
 13.5324       2
 13.5324       2
 13.56462      1
 13.59684      2
 13.62906      2
 13.66128      2
 13.6935       2
 13.72572      2
 13.72572      2
 13.75794      2
 13.79016      2
 13.82238      2
 13.8546       2
 13.88682      2
 13.91904      2
 13.95126      2
 13.95126      2
 13.98348      2
 14.0157       2
 14.04792      2
 14.08014      2
 14.11236      2
 14.14458      2
 14.1768       2
 14.1768       2
 14.20902      2
 14.24124      2
 14.27346      2
 14.30568      2
 14.3379       2
 14.37012      2
 14.37012      2
 14.40234      2
 14.43456      2
 14.46678      2
 14.499        2
 14.53122      2
 14.56344      2
 14.56344      2
 14.59566      3
 14.62788      3
 14.6601       3
 14.69232      3
 14.72454      3
 14.75676      3
 14.75676      3
 14.78898      3
 14.8212       3
 14.85342      3
 14.88564      3
 14.91786      3
 14.95008      3
 14.95008      3
 14.9823       3
 15.01452      3
 15.04674      3
 15.07896      3
 15.11118      3
 15.1434       3
 15.1434       3
 15.17562      3
 15.20784      3
 15.24006      3
 15.27228      3
 15.3045       3
 15.33672      3
 15.36894      3
 15.36894      3
 15.40116      3
 15.43338      3
 15.4656       3
 15.49782      3
 15.53004      3
 15.56226      3
 15.56226      3
 15.59448      3
 15.6267       4
 15.65892      3
 15.69114      4
 15.72336      4
 15.75558      4
 15.75558      4
 15.7878       4
 15.82002      4
 15.85224      4
 15.88446      4
 15.91668      4
 15.9489       4
 15.9489       4
 15.98112      4
 16.01334      4
 16.04556      4
 16.07778      4
 16.11         4
 16.14222      4
 16.14222      4
 16.17444      4
 16.20666      4
 16.2711       4
 16.30332      4
 16.33554      4
 16.33554      4
 16.36776      4
 16.39998      4
 16.4322       4
 16.46442      4
 16.49664      4
 16.52886      5
 16.52886      5
 16.56108      5
 16.5933       5
 16.62552      5
 16.65774      5
 16.68996      5
 16.68996      5
 16.72218      5
 16.7544       5
 16.78662      5
 16.81884      5
 16.85106      4
 16.88328      4
 16.88328      4
 16.9155       4
 16.94772      4
 16.97994      4
 17.01216      4
 17.04438      4
 17.0766       4
 17.0766       4
 17.10882      4
 17.14104      4
 17.17326      4
 17.20548      4
 17.2377       4
 17.2377       4
 17.26992      4
 17.30214      4
 17.33436      4
 17.36658      4
 17.3988       4
 17.43102      4
 17.43102      4
 17.46324      4
 17.49546      4
 17.52768      4
 17.5599       4
 17.59212      4
 17.59212      4
 17.62434      4
 17.65656      4
 17.68878      4
 17.721        4
 17.75322      4
 17.78544      4
 17.78544      4
 17.81766      4
 17.84988      4
 17.8821       4
 17.91432      4
 17.94654      4
 17.94654      4
 17.97876      4
 18.01098      4
 18.0432       4
 18.07542      4
 18.10764      4
 18.13986      4
 18.13986      4
 18.17208      4
 18.2043       4
 18.23652      4
 18.26874      4
 18.30096      4
 18.30096      4
 18.33318      4
 18.3654       4
 18.39762      4
 18.42984      4
 18.46206      4
 18.46206      4
 18.49428      4
 18.5265       4
 18.55872      4
 18.59094      4
 18.62316      4
 18.62316      4
 18.65538      4
 18.6876       4
 18.71982      4
 18.75204      4
 18.78426      4
 18.78426      4
 18.81648      4
 18.8487       4
 18.88092      4
 18.91314      4
 18.94536      4
 18.97758      4
 18.97758      4
 19.0098       4
 19.04202      4
 19.07424      4
 19.10646      4
 19.13868      4
 19.13868      5
 19.1709       5
 19.20312      5
 19.23534      5
 19.26756      5
 19.29978      5
 19.29978      5
 19.332        5
 19.36422      5
 19.39644      5
 19.42866      5
 19.46088      5
 19.46088      5
 19.52532      5
 19.55754      5
 19.58976      5
 19.62198      5
 19.6542       5
 19.6542       5
 19.68642      5
 19.71864      5
 19.75086      5
 19.78308      5
 19.8153       5
 19.8153       5
 19.84752      5
 19.87974      5
 19.91196      5
 19.94418      5
 19.94418      5
 19.9764       6
 20.00862      6
 20.04084      6
 20.07306      6
 20.10528      6
 20.1375       6
 20.1375       6
 20.16972      6
 20.20194      6
 20.23416      6
 20.26638      6
 20.26638      6
 20.2986       6
 20.33082      6
 20.36304      6
 20.39526      6
 20.42748      6
 20.42748      6
 20.4597       6
 20.49192      6
 20.52414      6
 20.55636      6
 20.58858      6
 20.58858      6
 20.6208       6
 20.65302      6
 20.68524      6
 20.71746      6
 20.71746      7
 20.74968      7
 20.7819       7
 20.81412      7
 20.84634      7
 20.87856      7
 20.87856      7
 20.91078      7
 20.943        7
 20.97522      7
 21.00744      7
 21.03966      7
 21.03966      7
 21.07188      7
 21.1041       7
 21.13632      7
 21.16854      7
 21.20076      7
 21.20076      7
 21.23298      7
 21.2652       7
 21.29742      7
 21.32964      7
 21.32964      7
 21.36186      7
 21.39408      7
 21.4263       7
 21.45852      7
 21.49074      7
 21.49074      7
 21.52296      7
 21.55518      7
 21.5874       7
 21.61962      7
 21.61962      7
 21.65184      7
 21.68406      7
 21.71628      7
 21.7485       7
 21.78072      7
 21.78072      7
 21.81294      7
 21.84516      7
 21.87738      7
 21.9096       7
 21.9096       7
 21.94182      7
 21.97404      7
 22.00626      7
 22.03848      7
 22.0707       7
 22.0707       7
 22.10292      7
 22.13514      7
 22.16736      7
 22.19958      7
 22.2318       7
 22.2318       7
 22.26402      7
 22.29624      7
 22.32846      7
 22.36068      6
 22.36068      7
 22.3929       6
 22.42512      6
 22.45734      7
 22.48956      6
 22.48956      6
 22.52178      6
 22.554        6
 22.58622      6
 22.61844      6
 22.65066      6
 22.65066      6
 22.68288      6
 22.7151       6
 22.77954      6
 22.77954      6
 22.81176      6
 22.84398      6
 22.8762       6
 22.90842      6
 22.90842      6
 22.94064      6
 22.97286      6
 23.00508      6
 23.0373       6
 23.0373       6
 23.06952      6
 23.10174      6
 23.13396      6
 23.16618      6
 23.16618      6
 23.1984       6
 23.23062      6
 23.26284      6
 23.29506      6
 23.32728      6
 23.32728      6
 23.3595       7
 23.39172      6
 23.42394      7
 23.45616      7
 23.45616      7
 23.48838      7
 23.5206       7
 23.55282      7
 23.58504      7
 23.58504      7
 23.61726      7
 23.64948      7
 23.6817       7
 23.71392      7
 23.71392      7
 23.74614      7
 23.77836      7
 23.81058      7
 23.8428       7
 23.8428       7
 23.87502      7
 23.90724      7
 23.93946      7
 23.97168      7
 23.97168      6
 24.0039       6
 24.03612      6
 24.06834      6
 24.10056      6
 24.10056      6
 24.13278      7
 24.165        7
 24.19722      7
 24.22944      7
 24.22944      7
 24.26166      7
 24.29388      7
 24.3261       7
 24.35832      7
 24.35832      7
 24.39054      7
 24.42276      7
 24.45498      7
 24.4872       7
 24.4872       7
 24.51942      7
 24.55164      7
 24.58386      8
 24.61608      8
 24.61608      8
 24.6483       8
 24.68052      8
 24.71274      8
 24.74496      8
 24.74496      8
 24.77718      8
 24.8094       8
 24.84162      8
 24.87384      8
 24.87384      8
 24.90606      8
 24.93828      8
 24.9705       8
 25.00272      8
 25.00272      8
 25.03494      8
 25.06716      8
 25.09938      8
 25.1316       8
 25.1316       8
 25.16382      8
 25.19604      8
 25.22826      8
 25.26048      8
 25.26048      8
 25.2927       9
 25.32492      8
 25.35714      8
 25.35714      9
 25.38936      9
 25.42158      9
 25.4538       9
 25.48602      9
 25.48602      9
 25.51824      9
 25.55046      9
 25.58268      9
 25.6149       9
 25.6149       9
 25.64712      9
 25.67934      9
 25.71156      9
 25.74378      9
 25.74378      10
 25.776        10
 25.80822      10
 25.84044      10
 25.84044      10
 25.87266      10
 25.90488      10
 25.9371       10
 25.96932      10
 25.96932      10
 26.03376      10
 26.06598      10
 26.0982       10
 26.0982       11
 26.13042      11
 26.16264      11
 26.19486      11
 26.22708      11
 26.22708      11
 26.2593       11
 26.29152      11
 26.32374      11
 26.32374      11
 26.35596      10
 26.38818      10
 26.4204       10
 26.45262      10
 26.45262      10
 26.48484      10
 26.51706      10
 26.54928      10
 26.5815       10
 26.5815       10
 26.61372      10
 26.64594      10
 26.67816      10
 26.67816      10
 26.71038      10
 26.7426       10
 26.77482      10
 26.80704      10
 26.80704      10
 26.83926      10
 26.87148      10
 26.9037       10
 26.9037       10
 26.93592      10
 26.96814      10
 27.00036      10
 27.03258      10
 27.03258      10
 27.0648       10
 27.09702      10
 27.12924      10
 27.12924      10
 27.16146      10
 27.19368      9
 27.2259       9
 27.2259       9
 27.25812      9
 27.29034      9
 27.32256      9
 27.35478      9
 27.35478      9
 27.387        9
 27.41922      9
 27.45144      9
 27.48366      9
 27.48366      9
 27.51588      9
 27.5481       9
 27.58032      9
 27.58032      9
 27.61254      9
 27.64476      9
 27.67698      9
 27.7092       9
 27.7092       9
 27.74142      9
 27.77364      9
 27.80586      9
 27.80586      9
 27.83808      9
 27.8703       9
 27.90252      9
 27.90252      9
 27.93474      9
 27.96696      9
 27.99918      9
 27.99918      9
 28.0314       9
 28.06362      9
 28.09584      9
 28.09584      9
 28.12806      9
 28.16028      9
