 0             0
 0             0
 0             0
 0             0
 0             0
 0             0
 0             0
 0             0
 0             0
 0             0
 3.222e-002    0
 6.444e-002    0
 6.444e-002    0
 9.666e-002    0
 0.12888       0
 0.12888       0
 0.1611        0
 0.19332       0
 0.22554       0
 0.25776       0
 0.28998       0
 0.28998       0
 0.3222        0
 0.35442       0
 0.38664       0
 0.41886       0
 0.41886       0
 0.45108       0
 0.4833        0
 0.51552       0
 0.54774       0
 0.6444        0
 0.67662       0
 0.70884       0
 0.74106       0
 0.74106       0
 0.8055        0
 0.8055        0
 0.83772       0
 0.86994       0
 0.90216       0
 0.93438       0
 0.9666        0
 0.9666        0
 0.99882       0
 1.03104       0
 1.06326       0
 1.09548       0
 1.1277        0
 1.15992       0
 1.19214       0
 1.19214       0
 1.22436       0
 1.25658       0
 1.2888        0
 1.32102       0
 1.35324       0
 1.38546       0
 1.41768       0
 1.41768       0
 1.4499        1
 1.48212       2
 1.51434       2
 1.54656       2
 1.57878       2
 1.611         1
 1.64322       1
 1.67544       0
 1.67544       0
 1.73988       0
 1.73988       0
 1.7721        0
 1.80432       0
 1.83654       0
 1.86876       0
 1.90098       0
 1.9332        0
 1.96542       0
 1.99764       0
 1.99764       0
 2.02986       0
 2.06208       0
 2.0943        0
 2.12652       0
 2.15874       0
 2.19096       0
 2.22318       0
 2.2554        0
 2.28762       0
 2.31984       0
 2.31984       0
 2.35206       0
 2.38428       0
 2.4165        0
 2.44872       0
 2.48094       0
 2.51316       0
 2.54538       0
 2.5776        0
 2.60982       0
 2.64204       0
 2.67426       0
 2.70648       0
 2.70648       0
 2.7387        0
 2.77092       0
 2.80314       0
 2.83536       0
 2.86758       0
 2.8998        0
 2.93202       0
 2.96424       0
 2.99646       0
 3.02868       0
 3.0609        0
 3.0609        0
 3.09312       0
 3.12534       0
 3.15756       0
 3.18978       0
 3.25422       0
 3.28644       0
 3.31866       0
 3.35088       0
 3.3831        0
 3.41532       0
 3.44754       0
 3.44754       0
 3.47976       0
 3.51198       0
 3.5442        0
 3.57642       0
 3.60864       0
 3.64086       0
 3.67308       0
 3.7053        0
 3.73752       0
 3.76974       0
 3.76974       0
 3.80196       0
 3.83418       0
 3.8664        0
 3.89862       0
 3.93084       0
 3.96306       0
 3.99528       0
 4.0275        0
 4.05972       0
 4.09194       0
 4.09194       0
 4.12416       1
 4.15638       1
 4.25304       1
 4.28526       1
 4.31748       2
 4.3497        2
 4.38192       2
 4.41414       2
 4.44636       3
 4.47858       3
 4.5108        3
 4.54302       3
 4.57524       3
 4.57524       4
 4.60746       4
 4.63968       4
 4.6719        4
 4.70412       5
 4.73634       5
 4.76856       5
 4.80078       5
 4.833         6
 4.86522       6
 4.89744       6
 4.89744       7
 4.92966       7
 4.96188       7
 4.9941        8
 5.02632       8
 5.05854       8
 5.09076       9
 5.12298       9
 5.1552        9
 5.18742       10
 5.21964       10
 5.21964       11
 5.28408       11
 5.28408       12
 5.3163        12
 5.34852       12
 5.38074       13
 5.41296       13
 5.44518       13
 5.4774        14
 5.50962       14
 5.54184       15
 5.57406       15
 5.57406       16
 5.60628       16
 5.6385        17
 5.67072       17
 5.70294       18
 5.73516       19
 5.76738       19
 5.7996        20
 5.83182       21
 5.86404       22
 5.89626       22
 5.89626       23
 5.92848       23
 5.9607        24
 5.99292       25
 6.02514       25
 6.05736       26
 6.08958       26
 6.1218        27
 6.15402       28
 6.18624       28
 6.18624       29
 6.21846       30
 6.25068       31
 6.2829        31
 6.31512       32
 6.34734       33
 6.37956       34
 6.41178       34
 6.444         35
 6.47622       36
 6.50844       37
 6.54066       38
 6.57288       39
 6.6051        39
 6.63732       40
 6.66954       41
 6.70176       42
 6.73398       43
 6.7662        43
 6.79842       44
 6.83064       45
 6.83064       46
 6.86286       46
 6.89508       47
 6.9273        47
 6.95952       48
 6.99174       48
 7.02396       48
 7.05618       49
 7.0884        49
 7.12062       49
 7.15284       49
 7.18506       49
 7.18506       49
 7.21728       50
 7.2495        49
 7.28172       49
 7.31394       49
 7.34616       49
 7.37838       49
 7.4106        49
 7.44282       48
 7.44282       48
 7.47504       48
 7.50726       47
 7.53948       47
 7.5717        46
 7.60392       46
 7.70058       44
 7.7328        43
 7.76502       43
 7.79724       42
 7.82946       41
 7.86168       41
 7.8939        40
 7.92612       40
 7.92612       39
 7.95834       38
 7.99056       38
 8.02278       37
 8.055         37
 8.08722       36
 8.11944       36
 8.15166       36
 8.18388       35
 8.2161        35
 8.24832       34
 8.28054       34
 8.28054       33
 8.31276       33
 8.34498       33
 8.3772        32
 8.40942       32
 8.44164       32
 8.47386       32
 8.50608       31
 8.5383        31
 8.57052       31
 8.60274       31
 8.60274       31
 8.63496       31
 8.66718       30
 8.6994        30
 8.73162       30
 8.76384       30
 8.79606       30
 8.82828       30
 8.8605        30
 8.89272       30
 8.92494       31
 8.95716       31
 8.98938       31
 9.0216        31
 9.0216        31
 9.05382       32
 9.08604       33
 9.11826       33
 9.15048       34
 9.1827        34
 9.21492       35
 9.24714       35
 9.27936       35
 9.31158       35
 9.3438        36
 9.37602       36
 9.40824       36
 9.44046       37
 9.44046       37
 9.47268       38
 9.5049        38
 9.53712       39
 9.56934       40
 9.60156       40
 9.63378       41
 9.666         41
 9.69822       42
 9.73044       43
 9.76266       44
 9.79488       44
 9.8271        45
 9.85932       46
 9.89154       47
 9.92376       48
 9.95598       49
 9.9882        49
 10.02042      50
 10.02042      51
 10.05264      52
 10.08486      53
 10.11708      54
 10.1493       55
 10.18152      56
 10.21374      57
 10.24596      58
 10.27818      60
 10.3104       61
 10.3104       62
 10.34262      63
 10.37484      64
 10.40706      65
 10.43928      67
 10.4715       68
 10.50372      69
 10.53594      70
 10.56816      71
 10.56816      73
 10.60038      74
 10.6326       75
 10.66482      77
 10.69704      78
 10.72926      79
 10.76148      81
 10.7937       82
 10.7937       84
 10.82592      85
 10.85814      86
 10.89036      88
 10.92258      89
 10.9548       91
 10.98702      92
 11.01924      94
 11.05146      95
 11.05146      97
 11.08368      99
 11.1159       101
 11.14812      103
 11.18034      105
 11.24478      108
 11.277        109
 11.277        111
 11.30922      112
 11.34144      114
 11.37366      116
 11.40588      118
 11.4381       119
 11.47032      121
 11.50254      122
 11.53476      124
 11.56698      125
 11.56698      127
 11.5992       128
 11.63142      129
 11.66364      130
 11.69586      132
 11.72808      133
 11.7603       133
 11.7603       134
 11.79252      135
 11.82474      136
 11.9214       136
 11.95362      136
 11.98584      136
 11.98584      136
 12.01806      135
 12.05028      135
 12.0825       134
 12.11472      133
 12.14694      132
 12.17916      130
 12.21138      129
 12.2436       128
 12.2436       126
 12.27582      124
 12.30804      123
 12.34026      121
 12.37248      119
 12.4047       117
 12.43692      115
 12.43692      113
 12.46914      111
 12.50136      109
 12.53358      107
 12.5658       105
 12.59802      103
 12.63024      100
 12.63024      98
 12.66246      95
 12.69468      93
 12.7269       91
 12.75912      89
 12.79134      87
 12.82356      85
 12.85578      83
 12.85578      81
 12.888        80
 12.92022      78
 12.95244      76
 13.01688      75
 13.0491       73
 13.0491       72
 13.08132      70
 13.11354      69
 13.14576      68
 13.17798      67
 13.2102       65
 13.24242      65
 13.27464      64
 13.27464      63
 13.30686      62
 13.33908      61
 13.3713       60
 13.40352      60
 13.43574      59
 13.43574      59
 13.46796      58
 13.50018      58
 13.5324       58
 13.56462      57
 13.59684      57
 13.62906      57
 13.66128      57
 13.66128      57
 13.6935       57
 13.72572      57
 13.75794      57
 13.79016      57
 13.82238      57
 13.82238      58
 13.8546       58
 13.88682      58
 13.91904      59
 13.95126      59
 13.98348      60
 14.0157       60
 14.0157       61
 14.04792      61
 14.08014      62
 14.11236      63
 14.14458      64
 14.1768       64
 14.20902      65
 14.20902      66
 14.24124      67
 14.27346      68
 14.30568      69
 14.3379       70
 14.37012      72
 14.40234      73
 14.40234      74
 14.43456      75
 14.46678      76
 14.499        77
 14.53122      78
 14.56344      79
 14.56344      80
 14.59566      81
 14.62788      83
 14.6601       84
 14.69232      85
 14.72454      86
 14.75676      88
 14.75676      89
 14.78898      90
 14.8212       92
 14.85342      93
 14.88564      94
 14.91786      96
 14.95008      97
 14.95008      99
 14.9823       101
 15.01452      103
 15.04674      104
 15.07896      106
 15.11118      107
 15.11118      109
 15.1434       111
 15.17562      112
 15.20784      114
 15.24006      115
 15.27228      117
 15.3045       118
 15.3045       120
 15.33672      122
 15.36894      124
 15.40116      126
 15.43338      127
 15.4656       129
 15.4656       131
 15.49782      133
 15.53004      135
 15.56226      137
 15.59448      139
 15.6267       141
 15.6267       143
 15.65892      144
 15.69114      146
 15.72336      148
 15.75558      150
 15.7878       152
 15.82002      154
 15.82002      156
 15.85224      158
 15.88446      160
 15.91668      162
 15.9489       165
 15.98112      167
 15.98112      169
 16.01334      171
 16.04556      173
 16.07778      175
 16.11         177
 16.14222      179
 16.17444      181
 16.17444      184
 16.20666      186
 16.2711       188
 16.30332      190
 16.33554      192
 16.36776      193
 16.36776      195
 16.39998      197
 16.4322       199
 16.46442      202
 16.49664      203
 16.52886      205
 16.52886      206
 16.56108      208
 16.5933       209
 16.62552      210
 16.65774      211
 16.68996      212
 16.68996      213
 16.72218      214
 16.7544       214
 16.78662      215
 16.81884      215
 16.85106      215
 16.85106      215
 16.88328      215
 16.9155       215
 16.94772      214
 16.97994      213
 17.01216      213
 17.01216      212
 17.04438      211
 17.0766       209
 17.10882      208
 17.14104      207
 17.17326      205
 17.17326      203
 17.20548      200
 17.2377       198
 17.26992      196
 17.30214      194
 17.33436      191
 17.33436      189
 17.36658      186
 17.3988       184
 17.43102      181
 17.46324      178
 17.49546      175
 17.49546      172
 17.52768      169
 17.5599       166
 17.59212      162
 17.62434      159
 17.65656      156
 17.68878      152
 17.68878      149
 17.721        146
 17.75322      142
 17.78544      139
 17.81766      136
 17.81766      133
 17.84988      130
 17.8821       127
 17.91432      124
 17.94654      121
 17.97876      119
 17.97876      116
 18.01098      114
 18.0432       111
 18.07542      109
 18.10764      107
 18.13986      105
 18.13986      103
 18.17208      101
 18.2043       99
 18.23652      97
 18.26874      96
 18.30096      94
 18.30096      93
 18.33318      92
 18.3654       91
 18.39762      90
 18.42984      89
 18.42984      88
 18.46206      88
 18.49428      87
 18.5265       87
 18.55872      86
 18.59094      86
 18.59094      86
 18.62316      86
 18.65538      85
 18.6876       85
 18.71982      86
 18.75204      86
 18.75204      86
 18.78426      86
 18.81648      86
 18.8487       87
 18.88092      87
 18.88092      87
 18.91314      88
 18.94536      89
 18.97758      89
 19.0098       90
 19.04202      91
 19.04202      91
 19.07424      92
 19.10646      93
 19.13868      94
 19.1709       95
 19.20312      96
 19.20312      97
 19.23534      98
 19.26756      99
 19.29978      100
 19.332        102
 19.332        103
 19.36422      104
 19.39644      105
 19.42866      107
 19.46088      108
 19.4931       109
 19.52532      111
 19.55754      112
 19.58976      113
 19.62198      115
 19.6542       116
 19.6542       118
 19.68642      119
 19.71864      121
 19.75086      122
 19.78308      124
 19.78308      125
 19.8153       127
 19.84752      129
 19.87974      130
 19.91196      132
 19.91196      134
 19.94418      135
 19.9764       137
 20.00862      139
 20.04084      141
 20.07306      142
 20.07306      144
 20.10528      146
 20.1375       148
 20.16972      150
 20.20194      151
 20.20194      153
 20.23416      155
 20.26638      157
 20.2986       159
 20.33082      161
 20.33082      163
 20.36304      165
 20.39526      167
 20.42748      169
 20.4597       171
 20.49192      173
 20.49192      175
 20.52414      177
 20.55636      179
 20.58858      181
 20.6208       183
 20.6208       185
 20.65302      188
 20.68524      188
 20.71746      188
 20.74968      189
 20.7819       191
 20.7819       193
 20.81412      195
 20.84634      198
 20.87856      200
 20.91078      203
 20.91078      205
 20.943        207
 20.97522      209
 21.00744      211
 21.03966      213
 21.03966      215
 21.07188      217
 21.1041       220
 21.13632      222
 21.16854      224
 21.16854      226
 21.20076      227
 21.23298      228
 21.2652       230
 21.29742      231
 21.29742      233
 21.32964      234
 21.36186      236
 21.39408      237
 21.4263       239
 21.45852      240
 21.45852      241
 21.49074      243
 21.52296      244
 21.55518      245
 21.5874       246
 21.5874       247
 21.61962      248
 21.65184      248
 21.68406      249
 21.71628      249
 21.71628      250
 21.7485       250
 21.78072      250
 21.81294      250
 21.84516      251
 21.84516      250
 21.87738      250
 21.9096       250
 21.94182      250
 21.97404      249
 21.97404      248
 22.00626      248
 22.03848      247
 22.0707       246
 22.10292      245
 22.10292      244
 22.13514      242
 22.16736      241
 22.19958      240
 22.2318       238
 22.2318       236
 22.26402      234
 22.29624      232
 22.32846      230
 22.36068      228
 22.36068      226
 22.3929       223
 22.42512      221
 22.45734      218
 22.48956      215
 22.48956      213
 22.52178      210
 22.554        207
 22.58622      203
 22.61844      200
 22.61844      197
 22.65066      193
 22.68288      190
 22.7151       187
 22.74732      184
 22.77954      180
 22.81176      177
 22.84398      174
 22.8762       171
 22.8762       168
 22.90842      165
 22.94064      162
 22.97286      159
 23.00508      156
 23.00508      153
 23.0373       150
 23.06952      147
 23.10174      145
 23.10174      142
 23.13396      140
 23.16618      138
 23.1984       135
 23.23062      133
 23.26284      131
 23.26284      129
 23.29506      128
 23.32728      126
 23.3595       125
 23.3595       123
 23.39172      122
 23.42394      121
 23.45616      120
 23.48838      119
 23.48838      118
 23.5206       117
 23.55282      116
 23.58504      116
 23.61726      115
 23.61726      114
 23.64948      114
 23.6817       114
 23.71392      113
 23.74614      113
 23.74614      113
 23.77836      113
 23.81058      113
 23.8428       113
 23.8428       113
 23.87502      113
 23.90724      113
 23.93946      114
 23.97168      114
 23.97168      114
 24.0039       115
 24.03612      115
 24.06834      116
 24.10056      116
 24.10056      117
 24.13278      118
 24.165        118
 24.19722      119
 24.19722      120
 24.22944      121
 24.26166      122
 24.29388      122
 24.3261       123
 24.3261       124
 24.35832      125
 24.39054      126
 24.42276      127
 24.42276      129
 24.45498      130
 24.4872       131
 24.51942      132
 24.55164      133
 24.55164      135
 24.58386      136
 24.61608      137
 24.6483       139
 24.68052      140
 24.68052      141
 24.71274      143
 24.74496      144
 24.77718      146
 24.77718      147
 24.8094       149
 24.84162      150
 24.87384      152
 24.87384      153
 24.90606      155
 24.93828      157
 24.9705       158
 25.00272      160
 25.00272      162
 25.03494      164
 25.06716      166
 25.09938      168
 25.09938      169
 25.1316       171
 25.16382      172
 25.19604      174
 25.22826      176
 25.22826      177
 25.26048      179
 25.2927       181
 25.32492      183
 25.35714      185
 25.35714      186
 25.38936      188
 25.42158      190
 25.4538       192
 25.4538       194
 25.48602      196
 25.51824      198
 25.55046      200
 25.55046      203
 25.58268      205
 25.6149       207
 25.64712      209
 25.64712      211
 25.67934      213
 25.71156      215
 25.74378      217
 25.776        219
 25.776        221
 25.80822      223
 25.84044      226
 25.87266      227
 25.87266      230
 25.90488      232
 25.9371       234
 25.96932      236
 26.03376      238
 26.03376      240
 26.06598      242
 26.0982       244
 26.0982       246
 26.13042      248
 26.16264      249
 26.19486      251
 26.22708      253
 26.22708      255
 26.2593       256
 26.29152      258
 26.32374      260
 26.32374      261
 26.35596      263
 26.38818      264
 26.4204       266
 26.45262      267
 26.45262      268
 26.48484      270
 26.51706      271
 26.51706      272
 26.54928      273
 26.5815       274
 26.61372      275
 26.64594      276
 26.64594      277
 26.67816      278
 26.71038      278
 26.7426       279
 26.7426       280
 26.77482      280
 26.80704      281
 26.83926      281
 26.83926      281
 26.87148      281
 26.9037       282
 26.93592      282
 26.96814      282
 26.96814      282
 27.00036      281
 27.03258      281
 27.0648       281
 27.0648       280
 27.09702      280
 27.12924      279
 27.16146      278
 27.16146      278
 27.19368      277
 27.2259       276
 27.25812      275
 27.25812      274
 27.29034      272
 27.32256      271
 27.35478      270
 27.35478      268
 27.387        267
 27.41922      265
 27.45144      263
 27.45144      261
 27.48366      259
 27.51588      258
 27.5481       256
 27.5481       254
 27.58032      252
 27.61254      249
 27.64476      247
 27.67698      245
 27.67698      243
 27.7092       240
 27.74142      238
 27.74142      236
 27.77364      233
 27.80586      231
 27.83808      228
 27.8703       226
 27.8703       223
 27.90252      220
 27.93474      218
 27.96696      215
 27.96696      213
 27.99918      210
 28.0314       207
 28.0314       205
 28.06362      202
 28.09584      199
 28.12806      197
 28.12806      194
 28.16028      192
