 0             0
 0             0
 0             0
 0             0
 0             0
 0             0
 0             0
 0             0
 0             0
 0             0
 3.222e-002    0
 6.444e-002    0
 6.444e-002    0
 9.666e-002    0
 0.12888       0
 0.1611        0
 0.1611        0
 0.19332       0
 0.22554       0
 0.25776       0
 0.28998       0
 0.3222        0
 0.3222        0
 0.35442       0
 0.38664       0
 0.41886       0
 0.45108       0
 0.4833        0
 0.4833        0
 0.51552       0
 0.54774       0
 0.57996       0
 0.61218       0
 0.6444        0
 0.67662       0
 0.67662       0
 0.70884       0
 0.74106       0
 0.77328       0
 0.8055        0
 0.83772       0
 0.86994       0
 0.86994       0
 0.90216       0
 0.93438       0
 0.9666        0
 0.99882       0
 1.03104       0
 1.06326       0
 1.09548       0
 1.09548       0
 1.1277        0
 1.15992       0
 1.19214       0
 1.22436       0
 1.25658       0
 1.25658       0
 1.32102       0
 1.32102       0
 1.35324       0
 1.38546       0
 1.41768       0
 1.4499        0
 1.48212       0
 1.51434       0
 1.54656       0
 1.54656       0
 1.57878       0
 1.611         0
 1.64322       0
 1.67544       0
 1.70766       0
 1.73988       0
 1.7721        0
 1.80432       0
 1.80432       0
 1.83654       0
 1.86876       0
 1.90098       0
 1.9332        0
 1.96542       0
 1.99764       0
 2.02986       0
 2.02986       0
 2.06208       0
 2.0943        0
 2.12652       0
 2.15874       0
 2.19096       0
 2.22318       0
 2.2554        0
 2.28762       0
 2.31984       0
 2.35206       0
 2.35206       0
 2.38428       0
 2.4165        0
 2.44872       0
 2.48094       0
 2.51316       0
 2.54538       0
 2.5776        0
 2.60982       0
 2.64204       0
 2.67426       0
 2.67426       0
 2.70648       0
 2.7387        0
 2.77092       0
 2.80314       0
 2.83536       0
 2.86758       0
 2.8998        0
 2.93202       0
 2.96424       0
 2.99646       0
 2.99646       0
 3.02868       0
 3.0609        0
 3.09312       0
 3.12534       0
 3.15756       0
 3.18978       0
 3.222         0
 3.28644       0
 3.28644       0
 3.31866       0
 3.35088       0
 3.3831        0
 3.41532       0
 3.44754       0
 3.47976       0
 3.51198       0
 3.5442        0
 3.57642       0
 3.60864       0
 3.64086       0
 3.64086       0
 3.67308       0
 3.7053        0
 3.73752       0
 3.76974       0
 3.80196       0
 3.83418       0
 3.8664        0
 3.89862       0
 3.93084       0
 3.96306       0
 3.96306       0
 3.99528       0
 4.0275        0
 4.05972       0
 4.09194       0
 4.12416       0
 4.15638       0
 4.1886        0
 4.22082       0
 4.25304       0
 4.28526       0
 4.28526       0
 4.31748       0
 4.3497        0
 4.38192       0
 4.41414       0
 4.44636       0
 4.47858       0
 4.5108        0
 4.54302       0
 4.57524       0
 4.60746       0
 4.63968       0
 4.63968       0
 4.6719        0
 4.70412       0
 4.73634       0
 4.76856       0
 4.80078       0
 4.833         0
 4.86522       0
 4.89744       0
 4.92966       0
 4.96188       0
 4.96188       0
 4.9941        0
 5.02632       0
 5.05854       0
 5.09076       0
 5.12298       0
 5.1552        0
 5.18742       0
 5.21964       0
 5.25186       0
 5.28408       0
 5.28408       0
 5.3163        0
 5.34852       0
 5.38074       0
 5.41296       0
 5.44518       0
 5.4774        0
 5.50962       0
 5.54184       0
 5.57406       1
 5.60628       1
 5.60628       1
 5.6385        1
 5.67072       2
 5.70294       2
 5.73516       2
 5.76738       2
 5.7996        3
 5.83182       3
 5.86404       3
 5.89626       4
 5.92848       4
 5.92848       4
 5.9607        5
 5.99292       5
 6.02514       5
 6.05736       6
 6.08958       6
 6.1218        6
 6.15402       7
 6.18624       7
 6.21846       8
 6.21846       8
 6.25068       9
 6.2829        9
 6.31512       9
 6.34734       10
 6.37956       10
 6.41178       11
 6.444         11
 6.50844       12
 6.50844       12
 6.54066       13
 6.57288       14
 6.6051        14
 6.63732       15
 6.66954       15
 6.70176       16
 6.73398       16
 6.7662        17
 6.79842       17
 6.83064       18
 6.83064       18
 6.86286       19
 6.89508       19
 6.9273        20
 6.95952       20
 6.99174       20
 7.02396       21
 7.05618       21
 7.0884        21
 7.12062       22
 7.12062       22
 7.15284       22
 7.18506       22
 7.21728       23
 7.2495        23
 7.28172       23
 7.31394       23
 7.34616       23
 7.37838       23
 7.4106        23
 7.4106        23
 7.44282       23
 7.47504       22
 7.50726       22
 7.53948       22
 7.5717        20
 7.60392       16
 7.63614       13
 7.66836       11
 7.66836       11
 7.70058       10
 7.7328        10
 7.76502       11
 7.79724       11
 7.82946       11
 7.86168       12
 7.8939        12
 7.92612       12
 7.95834       13
 7.95834       13
 7.99056       13
 8.02278       13
 8.055         13
 8.08722       13
 8.11944       13
 8.15166       13
 8.18388       13
 8.2161        13
 8.2161        12
 8.24832       12
 8.28054       12
 8.31276       12
 8.34498       12
 8.3772        11
 8.40942       11
 8.44164       11
 8.47386       11
 8.47386       10
 8.50608       10
 8.5383        10
 8.57052       9
 8.60274       9
 8.63496       9
 8.66718       9
 8.6994        8
 8.73162       9
 8.76384       10
 8.76384       10
 8.79606       10
 8.82828       10
 8.8605        9
 8.89272       9
 8.92494       9
 8.95716       8
 8.98938       8
 9.0216        8
 9.0216        7
 9.05382       7
 9.08604       7
 9.11826       7
 9.15048       7
 9.1827        6
 9.21492       6
 9.24714       6
 9.27936       6
 9.27936       6
 9.31158       6
 9.3438        6
 9.37602       6
 9.40824       6
 9.44046       6
 9.47268       6
 9.5049        6
 9.53712       6
 9.53712       7
 9.56934       7
 9.60156       7
 9.63378       7
 9.666         7
 9.69822       8
 9.76266       8
 9.79488       8
 9.79488       9
 9.8271        9
 9.85932       9
 9.89154       10
 9.92376       10
 9.95598       10
 9.9882        11
 10.02042      11
 10.05264      12
 10.05264      12
 10.08486      13
 10.11708      13
 10.1493       14
 10.18152      14
 10.21374      15
 10.24596      16
 10.27818      16
 10.27818      17
 10.3104       18
 10.34262      18
 10.37484      19
 10.40706      20
 10.43928      20
 10.4715       21
 10.50372      22
 10.50372      23
 10.53594      23
 10.56816      24
 10.60038      25
 10.6326       26
 10.66482      27
 10.69704      28
 10.72926      28
 10.76148      29
 10.76148      30
 10.7937       31
 10.82592      32
 10.85814      33
 10.89036      34
 10.92258      35
 10.9548       36
 10.98702      37
 10.98702      38
 11.01924      39
 11.05146      40
 11.08368      42
 11.1159       43
 11.14812      44
 11.18034      45
 11.21256      46
 11.21256      47
 11.24478      48
 11.277        50
 11.30922      51
 11.34144      52
 11.37366      53
 11.40588      55
 11.4381       56
 11.4381       57
 11.47032      58
 11.50254      59
 11.53476      61
 11.56698      62
 11.5992       63
 11.63142      64
 11.66364      65
 11.66364      66
 11.69586      67
 11.72808      68
 11.7603       69
 11.79252      70
 11.82474      70
 11.85696      71
 11.88918      72
 11.88918      72
 11.9214       72
 11.95362      73
 11.98584      73
 12.01806      73
 12.05028      73
 12.0825       73
 12.11472      73
 12.11472      73
 12.14694      73
 12.17916      72
 12.21138      72
 12.2436       71
 12.27582      71
 12.30804      70
 12.34026      69
 12.34026      69
 12.37248      68
 12.4047       67
 12.43692      66
 12.46914      65
 12.50136      64
 12.53358      63
 12.53358      62
 12.5658       61
 12.59802      60
 12.63024      58
 12.66246      57
 12.69468      56
 12.7269       55
 12.75912      53
 12.75912      52
 12.79134      51
 12.82356      49
 12.85578      48
 12.888        47
 12.92022      45
 12.95244      44
 12.98466      43
 13.01688      41
 13.0491       40
 13.08132      39
 13.11354      37
 13.14576      36
 13.17798      35
 13.17798      34
 13.2102       33
 13.24242      31
 13.27464      30
 13.30686      29
 13.33908      28
 13.3713       27
 13.40352      26
 13.40352      25
 13.43574      24
 13.46796      23
 13.50018      22
 13.5324       22
 13.56462      21
 13.59684      20
 13.59684      19
 13.62906      19
 13.66128      18
 13.6935       17
 13.72572      17
 13.75794      16
 13.79016      16
 13.82238      15
 13.82238      15
 13.8546       15
 13.88682      14
 13.91904      14
 13.95126      14
 13.98348      14
 14.0157       13
 14.0157       13
 14.04792      13
 14.08014      13
 14.11236      13
 14.14458      13
 14.1768       13
 14.20902      13
 14.20902      14
 14.24124      14
 14.27346      14
 14.30568      14
 14.3379       14
 14.37012      15
 14.40234      15
 14.40234      15
 14.43456      16
 14.46678      16
 14.499        17
 14.53122      17
 14.56344      18
 14.56344      18
 14.59566      19
 14.62788      20
 14.6601       20
 14.69232      21
 14.72454      22
 14.75676      22
 14.78898      23
 14.78898      24
 14.8212       25
 14.85342      26
 14.88564      26
 14.91786      27
 14.95008      28
 14.95008      29
 14.9823       30
 15.01452      31
 15.04674      32
 15.07896      33
 15.11118      34
 15.1434       35
 15.17562      36
 15.17562      37
 15.20784      38
 15.24006      40
 15.27228      41
 15.3045       43
 15.33672      44
 15.33672      45
 15.36894      47
 15.40116      48
 15.43338      49
 15.4656       50
 15.49782      51
 15.53004      53
 15.53004      54
 15.56226      55
 15.59448      56
 15.6267       58
 15.65892      59
 15.69114      61
 15.72336      62
 15.72336      63
 15.75558      65
 15.7878       66
 15.82002      68
 15.85224      69
 15.88446      71
 15.88446      72
 15.91668      74
 15.9489       75
 15.98112      77
 16.01334      79
 16.04556      80
 16.07778      82
 16.07778      84
 16.11         85
 16.14222      87
 16.17444      89
 16.20666      90
 16.2711       92
 16.2711       93
 16.30332      95
 16.33554      97
 16.36776      98
 16.39998      101
 16.4322       102
 16.4322       104
 16.46442      105
 16.49664      107
 16.52886      108
 16.56108      109
 16.5933       111
 16.5933       112
 16.62552      113
 16.65774      114
 16.68996      115
 16.72218      116
 16.7544       117
 16.78662      118
 16.78662      119
 16.81884      119
 16.85106      120
 16.88328      120
 16.9155       121
 16.94772      121
 16.94772      121
 16.97994      121
 17.01216      121
 17.04438      121
 17.0766       121
 17.10882      120
 17.10882      120
 17.14104      119
 17.17326      119
 17.20548      118
 17.2377       117
 17.26992      117
 17.30214      116
 17.30214      115
 17.33436      114
 17.36658      113
 17.3988       111
 17.43102      110
 17.46324      109
 17.46324      107
 17.49546      106
 17.52768      104
 17.5599       103
 17.59212      101
 17.62434      99
 17.62434      97
 17.65656      95
 17.68878      93
 17.721        91
 17.75322      89
 17.78544      87
 17.78544      85
 17.81766      83
 17.84988      81
 17.8821       79
 17.91432      77
 17.94654      75
 17.94654      73
 17.97876      71
 18.01098      69
 18.0432       67
 18.07542      65
 18.10764      63
 18.10764      61
 18.13986      60
 18.17208      58
 18.2043       56
 18.23652      54
 18.26874      52
 18.30096      51
 18.30096      49
 18.33318      47
 18.3654       46
 18.39762      44
 18.42984      43
 18.46206      41
 18.46206      40
 18.49428      38
 18.5265       37
 18.55872      36
 18.59094      35
 18.62316      34
 18.62316      33
 18.65538      32
 18.6876       31
 18.71982      30
 18.75204      29
 18.75204      29
 18.78426      28
 18.81648      27
 18.8487       27
 18.88092      26
 18.91314      26
 18.91314      26
 18.94536      25
 18.97758      25
 19.0098       25
 19.04202      25
 19.07424      25
 19.07424      25
 19.10646      25
 19.13868      25
 19.1709       25
 19.20312      25
 19.23534      25
 19.23534      26
 19.26756      26
 19.29978      26
 19.332        27
 19.36422      27
 19.39644      28
 19.39644      28
 19.42866      29
 19.46088      29
 19.52532      30
 19.55754      31
 19.55754      31
 19.58976      32
 19.62198      33
 19.6542       34
 19.68642      34
 19.68642      35
 19.71864      36
 19.75086      37
 19.78308      38
 19.8153       39
 19.84752      40
 19.84752      41
 19.87974      42
 19.91196      43
 19.94418      44
 19.9764       46
 20.00862      47
 20.00862      48
 20.04084      49
 20.07306      50
 20.10528      52
 20.1375       53
 20.16972      54
 20.16972      56
 20.20194      57
 20.23416      58
 20.26638      60
 20.2986       61
 20.33082      63
 20.33082      64
 20.36304      65
 20.39526      67
 20.42748      68
 20.4597       70
 20.4597       71
 20.49192      73
 20.52414      74
 20.55636      76
 20.58858      78
 20.58858      79
 20.6208       81
 20.65302      82
 20.68524      84
 20.71746      86
 20.74968      88
 20.74968      89
 20.7819       91
 20.81412      93
 20.84634      94
 20.87856      96
 20.87856      98
 20.91078      100
 20.943        102
 20.97522      104
 21.00744      106
 21.03966      107
 21.03966      109
 21.07188      111
 21.1041       113
 21.13632      115
 21.16854      116
 21.16854      118
 21.20076      120
 21.23298      122
 21.2652       123
 21.29742      125
 21.29742      127
 21.32964      128
 21.36186      130
 21.39408      132
 21.4263       133
 21.45852      134
 21.45852      136
 21.49074      137
 21.52296      139
 21.55518      140
 21.5874       141
 21.5874       142
 21.61962      143
 21.65184      144
 21.68406      145
 21.71628      146
 21.7485       147
 21.7485       147
 21.78072      148
 21.81294      149
 21.84516      149
 21.87738      150
 21.87738      150
 21.9096       150
 21.94182      150
 21.97404      150
 22.00626      151
 22.00626      151
 22.03848      151
 22.0707       150
 22.10292      150
 22.13514      150
 22.13514      150
 22.16736      149
 22.19958      149
 22.2318       148
 22.26402      147
 22.26402      147
 22.29624      146
 22.32846      145
 22.36068      144
 22.3929       143
 22.3929       142
 22.42512      141
 22.45734      139
 22.48956      138
 22.52178      137
 22.554        135
 22.554        134
 22.58622      132
 22.61844      130
 22.65066      129
 22.68288      127
 22.68288      125
 22.7151       123
 22.77954      122
 22.81176      120
 22.81176      118
 22.84398      116
 22.8762       114
 22.90842      112
 22.94064      110
 22.94064      108
 22.97286      106
 23.00508      104
 23.0373       102
 23.06952      99
 23.06952      96
 23.10174      94
 23.13396      92
 23.16618      90
 23.1984       88
 23.1984       86
 23.23062      84
 23.26284      82
 23.29506      80
 23.32728      78
 23.32728      76
 23.3595       74
 23.39172      73
 23.42394      71
 23.45616      69
 23.45616      67
 23.48838      66
 23.5206       64
 23.55282      63
 23.58504      61
 23.58504      60
 23.61726      58
 23.64948      57
 23.6817       55
 23.71392      54
 23.71392      53
 23.74614      52
 23.77836      51
 23.81058      50
 23.8428       49
 23.8428       48
 23.87502      48
 23.90724      47
 23.93946      47
 23.93946      46
 23.97168      46
 24.0039       45
 24.03612      45
 24.06834      44
 24.06834      44
 24.10056      44
 24.13278      43
 24.165        43
 24.19722      43
 24.19722      43
 24.22944      43
 24.26166      43
 24.29388      43
 24.3261       43
 24.3261       43
 24.35832      43
 24.39054      43
 24.42276      44
 24.45498      44
 24.45498      45
 24.4872       45
 24.51942      45
 24.55164      46
 24.58386      46
 24.58386      47
 24.61608      48
 24.6483       48
 24.68052      49
 24.71274      50
 24.71274      51
 24.74496      50
 24.77718      51
 24.8094       55
 24.84162      57
 24.84162      59
 24.87384      60
 24.90606      61
 24.93828      62
 24.93828      63
 24.9705       63
 25.00272      64
 25.03494      65
 25.03494      66
 25.06716      67
 25.09938      68
 25.1316       69
 25.16382      70
 25.16382      71
 25.19604      72
 25.22826      74
 25.26048      75
 25.26048      76
 25.2927       78
 25.32492      79
 25.35714      80
 25.38936      82
 25.38936      83
 25.42158      85
 25.4538       86
 25.48602      88
 25.51824      89
 25.51824      91
 25.55046      92
 25.58268      94
 25.6149       95
 25.6149       97
 25.64712      99
 25.67934      101
 25.71156      103
 25.74378      104
 25.74378      106
 25.776        108
 25.80822      110
 25.84044      111
 25.87266      113
 25.87266      113
 25.90488      114
 25.9371       115
 25.96932      117
 25.96932      119
 26.03376      121
 26.06598      122
 26.06598      124
 26.0982       126
 26.13042      128
 26.16264      130
 26.19486      132
 26.19486      133
 26.22708      135
 26.2593       137
 26.29152      138
 26.32374      140
 26.32374      141
 26.35596      143
 26.38818      145
 26.4204       147
 26.4204       151
 26.45262      156
 26.48484      159
 26.51706      161
 26.51706      162
 26.54928      162
 26.5815       163
 26.61372      163
 26.64594      163
 26.64594      163
 26.67816      164
 26.71038      165
 26.7426       166
 26.7426       166
 26.77482      166
 26.80704      167
 26.83926      167
 26.83926      167
 26.87148      167
 26.9037       167
 26.93592      167
 26.96814      168
 26.96814      168
 27.00036      168
 27.03258      168
 27.0648       168
 27.0648       168
 27.09702      168
 27.12924      168
 27.16146      168
 27.19368      167
 27.19368      167
 27.2259       167
 27.25812      166
 27.29034      166
 27.29034      165
 27.32256      165
 27.35478      164
 27.387        164
 27.387        163
 27.41922      162
 27.45144      162
 27.48366      161
 27.48366      160
 27.51588      159
 27.5481       158
 27.58032      157
 27.58032      156
 27.61254      155
 27.64476      154
 27.67698      153
 27.7092       151
 27.7092       150
 27.74142      149
 27.77364      148
 27.80586      146
 27.80586      145
 27.83808      144
 27.8703       142
 27.8703       141
 27.90252      139
 27.93474      138
