 0             0
 0             0
 0             0
 0             0
 0             0
 0             0
 0             0
 0             0
 0             0
 3.222e-002    0
 3.222e-002    0
 3.222e-002    0
 9.666e-002    0
 9.666e-002    0
 0.12888       0
 0.1611        0
 0.1611        0
 0.19332       0
 0.22554       0
 0.25776       0
 0.28998       0
 0.3222        0
 0.3222        0
 0.35442       0
 0.38664       0
 0.41886       0
 0.45108       0
 0.4833        0
 0.4833        0
 0.54774       0
 0.54774       0
 0.57996       0
 0.61218       0
 0.6444        0
 0.67662       0
 0.70884       0
 0.70884       0
 0.74106       0
 0.77328       0
 0.8055        0
 0.83772       0
 0.86994       0
 0.86994       0
 0.93438       0
 0.93438       0
 0.9666        0
 0.99882       0
 1.03104       0
 1.06326       0
 1.09548       0
 1.09548       0
 1.1277        0
 1.15992       0
 1.19214       0
 1.22436       0
 1.25658       0
 1.2888        0
 1.32102       0
 1.32102       0
 1.35324       0
 1.38546       0
 1.41768       0
 1.4499        0
 1.48212       0
 1.51434       0
 1.54656       0
 1.57878       0
 1.57878       0
 1.611         0
 1.64322       0
 1.67544       0
 1.70766       0
 1.73988       0
 1.7721        0
 1.80432       0
 1.80432       0
 1.83654       0
 1.86876       0
 1.90098       0
 1.9332        0
 1.96542       0
 1.99764       0
 2.02986       0
 2.06208       0
 2.06208       0
 2.12652       0
 2.12652       0
 2.15874       0
 2.19096       0
 2.22318       0
 2.2554        0
 2.28762       0
 2.31984       0
 2.35206       0
 2.38428       0
 2.38428       0
 2.44872       0
 2.44872       0
 2.48094       0
 2.51316       0
 2.54538       0
 2.5776        0
 2.60982       0
 2.64204       0
 2.67426       0
 2.70648       0
 2.7387        0
 2.77092       0
 2.77092       0
 2.80314       0
 2.83536       0
 2.86758       0
 2.8998        0
 2.93202       0
 2.96424       0
 2.99646       0
 3.02868       0
 3.0609        0
 3.09312       0
 3.09312       0
 3.12534       0
 3.15756       0
 3.18978       0
 3.25422       0
 3.28644       0
 3.31866       0
 3.35088       0
 3.3831        0
 3.3831        0
 3.41532       0
 3.44754       0
 3.47976       0
 3.51198       0
 3.5442        0
 3.57642       0
 3.60864       0
 3.64086       0
 3.67308       0
 3.7053        0
 3.73752       0
 3.73752       0
 3.76974       0
 3.80196       0
 3.83418       0
 3.8664        0
 3.89862       0
 3.93084       0
 3.96306       0
 3.99528       0
 4.0275        0
 4.05972       0
 4.09194       0
 4.09194       0
 4.12416       0
 4.15638       0
 4.1886        0
 4.22082       0
 4.25304       0
 4.28526       0
 4.31748       0
 4.3497        0
 4.38192       0
 4.41414       0
 4.41414       0
 4.44636       0
 4.47858       0
 4.5108        0
 4.54302       0
 4.57524       0
 4.60746       0
 4.63968       0
 4.6719        0
 4.70412       0
 4.73634       0
 4.76856       0
 4.80078       0
 4.80078       0
 4.833         0
 4.86522       0
 4.89744       0
 4.92966       0
 4.96188       0
 4.9941        0
 5.02632       0
 5.05854       0
 5.09076       0
 5.12298       0
 5.12298       0
 5.1552        0
 5.18742       0
 5.21964       0
 5.25186       0
 5.28408       0
 5.3163        0
 5.34852       0
 5.38074       0
 5.41296       0
 5.44518       0
 5.44518       0
 5.4774        0
 5.50962       0
 5.54184       0
 5.57406       0
 5.60628       0
 5.6385        0
 5.67072       0
 5.70294       0
 5.73516       0
 5.76738       0
 5.7996        0
 5.7996        0
 5.83182       0
 5.86404       0
 5.89626       0
 5.92848       0
 5.9607        0
 5.99292       0
 6.02514       0
 6.05736       0
 6.08958       0
 6.08958       0
 6.1218        0
 6.15402       0
 6.18624       0
 6.21846       0
 6.25068       0
 6.2829        0
 6.31512       0
 6.34734       0
 6.37956       0
 6.37956       0
 6.41178       0
 6.444         0
 6.50844       0
 6.54066       0
 6.57288       0
 6.6051        0
 6.63732       0
 6.66954       0
 6.70176       0
 6.70176       0
 6.73398       0
 6.7662        1
 6.79842       1
 6.83064       1
 6.86286       1
 6.89508       1
 6.9273        2
 6.95952       2
 6.99174       2
 6.99174       2
 7.02396       2
 7.05618       3
 7.0884        3
 7.12062       3
 7.15284       3
 7.18506       3
 7.21728       3
 7.2495        3
 7.28172       4
 7.31394       4
 7.31394       4
 7.34616       3
 7.37838       1
 7.4106        0
 7.44282       0
 7.47504       0
 7.50726       0
 7.53948       0
 7.5717        0
 7.5717        0
 7.60392       0
 7.63614       0
 7.66836       0
 7.70058       0
 7.7328        0
 7.76502       0
 7.79724       0
 7.82946       1
 7.86168       1
 7.8939        1
 7.8939        1
 7.92612       1
 7.95834       1
 7.99056       1
 8.02278       1
 8.055         1
 8.08722       1
 8.11944       1
 8.15166       1
 8.18388       1
 8.18388       1
 8.2161        1
 8.24832       1
 8.28054       1
 8.31276       1
 8.34498       1
 8.3772        1
 8.40942       1
 8.44164       1
 8.44164       1
 8.47386       1
 8.50608       1
 8.5383        1
 8.57052       0
 8.60274       0
 8.63496       0
 8.66718       0
 8.6994        0
 8.73162       0
 8.76384       0
 8.76384       0
 8.79606       0
 8.82828       0
 8.8605        0
 8.89272       0
 8.92494       0
 8.95716       0
 8.98938       0
 9.0216        0
 9.05382       0
 9.05382       0
 9.08604       0
 9.11826       0
 9.15048       0
 9.1827        0
 9.21492       0
 9.24714       0
 9.27936       0
 9.31158       0
 9.31158       0
 9.3438        0
 9.37602       0
 9.40824       0
 9.44046       0
 9.47268       0
 9.5049        0
 9.53712       0
 9.53712       0
 9.56934       0
 9.60156       0
 9.63378       0
 9.666         0
 9.69822       0
 9.76266       0
 9.79488       0
 9.79488       0
 9.8271        0
 9.85932       0
 9.89154       0
 9.92376       0
 9.95598       0
 9.9882        0
 10.02042      0
 10.05264      0
 10.05264      0
 10.08486      0
 10.11708      0
 10.1493       0
 10.18152      0
 10.21374      0
 10.24596      0
 10.27818      0
 10.3104       0
 10.3104       0
 10.34262      0
 10.37484      0
 10.40706      0
 10.43928      0
 10.4715       0
 10.50372      0
 10.53594      0
 10.53594      0
 10.56816      0
 10.60038      0
 10.6326       0
 10.66482      0
 10.69704      0
 10.72926      1
 10.76148      1
 10.7937       1
 10.7937       2
 10.82592      2
 10.85814      2
 10.89036      3
 10.92258      3
 10.9548       3
 10.98702      4
 11.01924      4
 11.01924      4
 11.05146      5
 11.08368      5
 11.1159       6
 11.14812      6
 11.18034      6
 11.21256      7
 11.24478      8
 11.277        8
 11.277        9
 11.30922      9
 11.34144      10
 11.37366      11
 11.40588      11
 11.4381       12
 11.47032      12
 11.50254      13
 11.50254      14
 11.53476      14
 11.56698      15
 11.5992       16
 11.63142      16
 11.66364      17
 11.69586      17
 11.72808      18
 11.72808      19
 11.7603       19
 11.79252      20
 11.82474      20
 11.85696      21
 11.88918      21
 11.9214       22
 11.95362      22
 11.95362      22
 11.98584      23
 12.01806      23
 12.05028      24
 12.0825       24
 12.11472      23
 12.14694      23
 12.17916      23
 12.17916      23
 12.21138      23
 12.2436       23
 12.27582      23
 12.30804      23
 12.34026      23
 12.37248      23
 12.4047       23
 12.4047       23
 12.43692      23
 12.46914      22
 12.50136      22
 12.53358      22
 12.5658       22
 12.59802      21
 12.59802      21
 12.63024      21
 12.66246      20
 12.69468      20
 12.7269       20
 12.75912      19
 12.79134      19
 12.82356      18
 12.85578      18
 12.85578      17
 12.888        17
 12.92022      17
 12.95244      16
 13.01688      16
 13.0491       15
 13.0491       15
 13.08132      14
 13.11354      14
 13.14576      13
 13.17798      13
 13.2102       12
 13.24242      12
 13.27464      12
 13.27464      11
 13.30686      11
 13.33908      10
 13.3713       10
 13.40352      10
 13.43574      9
 13.46796      9
 13.50018      8
 13.50018      8
 13.5324       8
 13.56462      7
 13.59684      7
 13.62906      8
 13.66128      8
 13.66128      9
 13.6935       8
 13.72572      8
 13.75794      8
 13.79016      8
 13.82238      8
 13.8546       7
 13.88682      7
 13.88682      7
 13.91904      6
 13.95126      6
 13.98348      5
 14.0157       5
 14.04792      4
 14.08014      4
 14.11236      4
 14.11236      3
 14.14458      3
 14.1768       3
 14.20902      3
 14.24124      2
 14.27346      2
 14.30568      2
 14.30568      2
 14.3379       1
 14.37012      1
 14.40234      1
 14.43456      1
 14.46678      1
 14.499        1
 14.499        1
 14.53122      1
 14.56344      1
 14.59566      0
 14.62788      0
 14.6601       0
 14.6601       0
 14.69232      0
 14.72454      0
 14.75676      0
 14.78898      0
 14.8212       0
 14.85342      0
 14.88564      0
 14.88564      0
 14.91786      0
 14.95008      0
 14.9823       1
 15.01452      1
 15.04674      1
 15.04674      1
 15.07896      1
 15.11118      1
 15.1434       1
 15.17562      1
 15.20784      2
 15.24006      2
 15.27228      2
 15.27228      2
 15.3045       3
 15.33672      3
 15.36894      3
 15.40116      3
 15.43338      4
 15.4656       4
 15.4656       4
 15.49782      5
 15.53004      5
 15.56226      6
 15.59448      6
 15.6267       6
 15.6267       7
 15.65892      7
 15.69114      8
 15.72336      9
 15.75558      9
 15.7878       10
 15.82002      10
 15.85224      11
 15.85224      12
 15.88446      12
 15.91668      14
 15.9489       13
 15.98112      13
 16.01334      14
 16.01334      14
 16.04556      15
 16.07778      16
 16.11         17
 16.14222      18
 16.17444      19
 16.20666      20
 16.23888      21
 16.2711       22
 16.30332      23
 16.33554      24
 16.36776      25
 16.39998      26
 16.39998      27
 16.4322       28
 16.46442      29
 16.49664      30
 16.52886      31
 16.56108      32
 16.5933       33
 16.5933       34
 16.62552      34
 16.65774      35
 16.68996      36
 16.72218      37
 16.7544       38
 16.7544       40
 16.78662      41
 16.81884      42
 16.85106      42
 16.88328      43
 16.9155       43
 16.9155       43
 16.94772      44
 16.97994      44
 17.01216      44
 17.04438      44
 17.0766       44
 17.10882      44
 17.10882      44
 17.14104      45
 17.17326      44
 17.20548      44
 17.2377       44
 17.26992      44
 17.26992      44
 17.30214      44
 17.33436      44
 17.36658      43
 17.3988       43
 17.43102      43
 17.46324      42
 17.46324      42
 17.49546      42
 17.52768      41
 17.5599       41
 17.59212      40
 17.62434      39
 17.62434      39
 17.65656      38
 17.68878      38
 17.721        37
 17.75322      36
 17.78544      36
 17.78544      35
 17.81766      34
 17.84988      33
 17.8821       33
 17.91432      32
 17.94654      31
 17.94654      31
 17.97876      30
 18.01098      29
 18.0432       28
 18.07542      28
 18.10764      27
 18.13986      26
 18.13986      25
 18.17208      25
 18.2043       24
 18.23652      23
 18.26874      22
 18.30096      22
 18.30096      21
 18.33318      20
 18.3654       20
 18.39762      19
 18.42984      18
 18.46206      18
 18.46206      17
 18.49428      17
 18.5265       16
 18.55872      15
 18.59094      15
 18.62316      14
 18.62316      14
 18.65538      13
 18.6876       13
 18.71982      12
 18.75204      12
 18.75204      11
 18.78426      11
 18.81648      10
 18.8487       10
 18.88092      10
 18.91314      9
 18.94536      9
 18.94536      9
 18.97758      8
 19.0098       8
 19.04202      8
 19.07424      7
 19.10646      7
 19.10646      7
 19.13868      7
 19.1709       6
 19.20312      6
 19.23534      6
 19.26756      6
 19.26756      5
 19.29978      5
 19.332        5
 19.36422      5
 19.39644      5
 19.42866      5
 19.42866      5
 19.46088      4
 19.52532      4
 19.55754      4
 19.58976      4
 19.58976      4
 19.62198      4
 19.6542       4
 19.68642      4
 19.71864      4
 19.75086      4
 19.75086      4
 19.78308      4
 19.8153       4
 19.84752      4
 19.87974      4
 19.91196      4
 19.91196      4
 19.94418      4
 19.9764       4
 20.00862      4
 20.04084      5
 20.04084      5
 20.07306      5
 20.10528      5
 20.1375       5
 20.16972      6
 20.20194      6
 20.20194      6
 20.23416      7
 20.26638      7
 20.2986       7
 20.33082      8
 20.36304      8
 20.36304      9
 20.39526      9
 20.42748      9
 20.4597       10
 20.49192      10
 20.49192      11
 20.52414      12
 20.55636      12
 20.58858      13
 20.6208       13
 20.65302      14
 20.65302      15
 20.68524      16
 20.71746      16
 20.74968      17
 20.7819       18
 20.7819       18
 20.81412      18
 20.84634      19
 20.87856      20
 20.91078      21
 20.943        22
 20.943        23
 20.97522      24
 21.00744      25
 21.03966      27
 21.07188      30
 21.07188      36
 21.1041       41
 21.13632      44
 21.16854      45
 21.20076      46
 21.23298      46
 21.23298      46
 21.2652       46
 21.29742      46
 21.32964      46
 21.36186      46
 21.36186      46
 21.39408      46
 21.4263       47
 21.45852      47
 21.49074      47
 21.52296      48
 21.52296      48
 21.55518      49
 21.5874       49
 21.61962      50
 21.65184      51
 21.65184      51
 21.68406      52
 21.71628      52
 21.7485       53
 21.78072      53
 21.78072      54
 21.81294      54
 21.84516      55
 21.87738      55
 21.9096       55
 21.94182      56
 21.94182      56
 21.97404      56
 22.00626      57
 22.03848      57
 22.0707       57
 22.0707       57
 22.10292      57
 22.13514      58
 22.16736      58
 22.19958      58
 22.19958      58
 22.2318       58
 22.26402      58
 22.29624      58
 22.32846      58
 22.32846      59
 22.36068      59
 22.3929       59
 22.42512      59
 22.45734      58
 22.48956      58
 22.48956      57
 22.52178      56
 22.554        55
 22.58622      55
 22.61844      54
 22.61844      53
 22.65066      53
 22.68288      52
 22.7151       51
 22.74732      50
 22.77954      50
 22.81176      49
 22.84398      48
 22.8762       48
 22.90842      48
 22.90842      48
 22.94064      47
 22.97286      46
 23.00508      45
 23.0373       44
 23.0373       43
 23.06952      42
 23.10174      41
 23.13396      40
 23.16618      39
 23.16618      38
 23.1984       37
 23.23062      36
 23.26284      36
 23.29506      35
 23.29506      34
 23.32728      33
 23.3595       32
 23.39172      34
 23.42394      38
 23.42394      39
 23.45616      39
 23.48838      38
 23.5206       36
 23.55282      34
 23.55282      31
 23.58504      29
 23.61726      27
 23.64948      25
 23.6817       23
 23.6817       21
 23.71392      20
 23.74614      19
 23.77836      18
 23.81058      17
 23.81058      16
 23.8428       15
 23.87502      14
 23.90724      13
 23.93946      12
 23.93946      12
 23.97168      11
 24.0039       10
 24.03612      10
 24.06834      10
 24.06834      10
 24.10056      10
 24.13278      10
 24.165        10
 24.19722      10
 24.19722      9
 24.22944      9
 24.26166      9
 24.29388      8
 24.3261       8
 24.3261       8
 24.35832      7
 24.39054      7
 24.42276      7
 24.42276      7
 24.45498      7
 24.4872       7
 24.51942      6
 24.55164      6
 24.58386      6
 24.58386      6
 24.61608      6
 24.6483       6
 24.68052      6
 24.68052      6
 24.71274      6
 24.74496      6
 24.77718      6
 24.8094       6
 24.8094       6
 24.84162      6
 24.87384      6
 24.90606      6
 24.93828      7
 24.93828      7
 24.9705       7
 25.00272      7
 25.03494      7
 25.03494      7
 25.06716      8
 25.09938      8
 25.1316       8
 25.16382      8
 25.16382      9
 25.19604      9
 25.22826      9
 25.26048      10
 25.26048      10
 25.2927       10
 25.32492      11
 25.35714      11
 25.38936      11
 25.38936      12
 25.42158      12
 25.4538       12
 25.48602      13
 25.51824      13
 25.51824      14
 25.55046      14
 25.58268      15
 25.6149       15
 25.64712      15
 25.64712      16
 25.67934      17
 25.71156      17
 25.74378      18
 25.74378      18
 25.776        19
 25.80822      19
 25.84044      20
 25.87266      21
 25.87266      21
 25.90488      22
 25.9371       23
 25.96932      23
 26.00154      24
 26.03376      25
 26.06598      25
 26.0982       26
 26.0982       27
 26.13042      28
 26.16264      28
 26.19486      29
 26.22708      30
 26.22708      30
 26.2593       31
 26.29152      32
 26.32374      33
 26.32374      33
 26.35596      34
 26.38818      35
 26.4204       35
 26.45262      36
 26.45262      37
 26.48484      37
 26.51706      38
 26.54928      38
 26.54928      39
 26.5815       39
 26.61372      40
 26.64594      40
 26.67816      41
 26.67816      42
 26.71038      42
 26.7426       43
 26.77482      43
 26.77482      43
 26.80704      44
 26.83926      44
 26.87148      44
 26.9037       45
 26.9037       45
 26.93592      45
 26.96814      46
 27.00036      46
 27.00036      46
 27.03258      46
 27.0648       46
 27.09702      47
 27.09702      47
 27.12924      47
 27.16146      47
 27.19368      47
 27.19368      47
 27.2259       47
 27.25812      47
 27.29034      47
 27.32256      47
 27.32256      47
 27.35478      46
 27.387        46
 27.41922      46
 27.41922      46
 27.45144      46
 27.48366      45
 27.51588      45
 27.5481       45
 27.5481       45
 27.58032      44
 27.61254      44
 27.61254      44
 27.64476      43
 27.67698      43
 27.7092       43
 27.74142      42
 27.74142      42
 27.77364      42
 27.80586      41
 27.83808      41
 27.83808      40
 27.8703       40
 27.90252      39
 27.93474      39
 27.96696      38
 27.96696      38
 27.99918      37
 28.0314       37
