 0             0
 0             0
 0             0
 0             0
 0             0
 0             0
 0             0
 0             0
 0             0
 0             0
 3.222e-002    0
 3.222e-002    0
 6.444e-002    0
 9.666e-002    0
 9.666e-002    0
 0.12888       0
 0.1611        0
 0.19332       0
 0.22554       0
 0.22554       0
 0.25776       0
 0.28998       0
 0.3222        0
 0.35442       0
 0.38664       0
 0.38664       0
 0.41886       0
 0.45108       0
 0.4833        0
 0.51552       0
 0.54774       0
 0.57996       0
 0.61218       0
 0.61218       0
 0.6444        0
 0.67662       0
 0.70884       0
 0.74106       0
 0.77328       0
 0.8055        0
 0.83772       0
 0.86994       0
 0.86994       0
 0.90216       0
 0.93438       0
 0.9666        0
 0.99882       0
 1.03104       1
 1.06326       2
 1.09548       2
 1.09548       2
 1.1277        2
 1.15992       2
 1.19214       1
 1.22436       1
 1.25658       1
 1.2888        0
 1.32102       0
 1.35324       0
 1.35324       0
 1.38546       0
 1.41768       0
 1.4499        0
 1.48212       1
 1.51434       1
 1.54656       1
 1.57878       1
 1.611         1
 1.64322       0
 1.64322       0
 1.67544       0
 1.70766       0
 1.73988       0
 1.7721        0
 1.80432       0
 1.83654       0
 1.86876       0
 1.90098       0
 1.9332        0
 1.96542       0
 1.99764       0
 1.99764       0
 2.02986       0
 2.06208       0
 2.0943        0
 2.12652       0
 2.15874       0
 2.19096       0
 2.22318       0
 2.2554        0
 2.28762       0
 2.31984       0
 2.31984       0
 2.35206       0
 2.38428       0
 2.4165        0
 2.44872       0
 2.48094       0
 2.51316       0
 2.54538       0
 2.5776        0
 2.60982       0
 2.64204       0
 2.67426       0
 2.70648       0
 2.70648       0
 2.7387        0
 2.77092       0
 2.80314       0
 2.83536       0
 2.86758       0
 2.8998        0
 2.93202       0
 2.96424       0
 2.99646       0
 3.02868       0
 3.0609        0
 3.09312       0
 3.09312       0
 3.12534       0
 3.15756       0
 3.222         0
 3.25422       0
 3.28644       0
 3.31866       0
 3.35088       0
 3.3831        0
 3.41532       0
 3.44754       0
 3.44754       0
 3.47976       0
 3.51198       0
 3.5442        0
 3.57642       0
 3.60864       0
 3.64086       0
 3.67308       0
 3.7053        0
 3.73752       0
 3.76974       0
 3.80196       0
 3.83418       0
 3.83418       0
 3.8664        0
 3.89862       0
 3.93084       0
 3.96306       0
 3.99528       0
 4.0275        0
 4.05972       0
 4.09194       0
 4.12416       0
 4.15638       0
 4.1886        0
 4.22082       0
 4.25304       0
 4.25304       0
 4.28526       0
 4.31748       0
 4.3497        0
 4.38192       1
 4.41414       1
 4.44636       1
 4.47858       1
 4.5108        1
 4.54302       1
 4.57524       1
 4.60746       2
 4.60746       2
 4.63968       2
 4.6719        2
 4.70412       2
 4.73634       3
 4.76856       3
 4.80078       3
 4.833         3
 4.86522       3
 4.89744       3
 4.92966       4
 4.96188       4
 4.9941        4
 4.9941        4
 5.02632       4
 5.05854       5
 5.09076       5
 5.12298       5
 5.1552        5
 5.18742       5
 5.21964       6
 5.25186       6
 5.28408       6
 5.3163        7
 5.34852       7
 5.34852       7
 5.38074       9
 5.41296       12
 5.44518       13
 5.4774        14
 5.50962       15
 5.54184       15
 5.57406       15
 5.60628       15
 5.6385        15
 5.67072       15
 5.70294       15
 5.73516       15
 5.73516       14
 5.76738       14
 5.7996        14
 5.83182       14
 5.86404       14
 5.89626       14
 5.92848       14
 5.9607        14
 5.99292       15
 6.02514       15
 6.05736       15
 6.08958       15
 6.08958       16
 6.1218        16
 6.15402       16
 6.18624       17
 6.21846       17
 6.25068       17
 6.2829        18
 6.31512       18
 6.34734       19
 6.37956       19
 6.41178       20
 6.444         20
 6.444         21
 6.50844       21
 6.54066       22
 6.57288       22
 6.6051        23
 6.63732       23
 6.66954       24
 6.70176       24
 6.73398       25
 6.7662        25
 6.7662        25
 6.79842       26
 6.83064       26
 6.86286       27
 6.89508       27
 6.9273        27
 6.95952       27
 6.99174       28
 7.02396       28
 7.05618       28
 7.0884        28
 7.0884        28
 7.12062       29
 7.15284       29
 7.18506       29
 7.21728       29
 7.2495        29
 7.28172       29
 7.31394       29
 7.34616       28
 7.37838       28
 7.4106        28
 7.4106        28
 7.44282       28
 7.47504       28
 7.50726       28
 7.53948       28
 7.5717        27
 7.60392       27
 7.63614       27
 7.66836       27
 7.70058       26
 7.7328        26
 7.76502       26
 7.76502       26
 7.79724       25
 7.82946       25
 7.86168       25
 7.8939        25
 7.92612       24
 7.95834       24
 7.99056       24
 8.02278       23
 8.055         25
 8.055         25
 8.08722       25
 8.11944       24
 8.15166       24
 8.18388       24
 8.2161        23
 8.24832       23
 8.28054       22
 8.31276       22
 8.34498       21
 8.34498       21
 8.3772        21
 8.40942       21
 8.44164       20
 8.47386       20
 8.50608       20
 8.5383        20
 8.57052       20
 8.60274       20
 8.63496       19
 8.66718       19
 8.66718       19
 8.6994        19
 8.73162       19
 8.76384       19
 8.79606       19
 8.82828       19
 8.8605        19
 8.89272       19
 8.92494       19
 8.95716       19
 8.95716       20
 8.98938       20
 9.0216        20
 9.05382       20
 9.08604       20
 9.11826       20
 9.15048       20
 9.1827        21
 9.21492       21
 9.24714       21
 9.24714       21
 9.27936       22
 9.31158       22
 9.3438        22
 9.37602       22
 9.40824       23
 9.44046       23
 9.47268       23
 9.5049        24
 9.5049        24
 9.53712       24
 9.56934       25
 9.60156       25
 9.63378       26
 9.666         26
 9.69822       27
 9.76266       27
 9.79488       27
 9.79488       28
 9.8271        28
 9.85932       29
 9.89154       29
 9.92376       30
 9.95598       31
 9.9882        31
 10.02042      32
 10.05264      32
 10.05264      33
 10.08486      33
 10.11708      34
 10.1493       35
 10.18152      35
 10.21374      36
 10.24596      37
 10.27818      37
 10.3104       38
 10.34262      39
 10.37484      39
 10.37484      40
 10.40706      41
 10.43928      42
 10.4715       42
 10.50372      43
 10.53594      44
 10.56816      45
 10.60038      46
 10.60038      46
 10.6326       47
 10.66482      48
 10.69704      49
 10.72926      50
 10.76148      51
 10.7937       52
 10.82592      53
 10.85814      53
 10.85814      54
 10.89036      55
 10.92258      56
 10.9548       57
 10.98702      58
 11.01924      59
 11.05146      60
 11.08368      61
 11.1159       62
 11.1159       63
 11.14812      64
 11.18034      65
 11.21256      66
 11.24478      67
 11.277        69
 11.30922      70
 11.34144      72
 11.37366      77
 11.37366      84
 11.40588      88
 11.4381       91
 11.47032      92
 11.50254      92
 11.53476      92
 11.56698      92
 11.5992       92
 11.5992       91
 11.63142      90
 11.66364      90
 11.69586      89
 11.72808      89
 11.7603       88
 11.79252      88
 11.82474      87
 11.85696      87
 11.88918      86
 11.88918      86
 11.9214       85
 11.95362      84
 11.98584      84
 12.01806      83
 12.05028      82
 12.0825       81
 12.11472      80
 12.11472      79
 12.14694      78
 12.17916      77
 12.21138      76
 12.2436       75
 12.27582      74
 12.30804      72
 12.34026      71
 12.37248      70
 12.37248      69
 12.4047       68
 12.43692      66
 12.46914      65
 12.50136      64
 12.53358      63
 12.5658       61
 12.59802      60
 12.59802      59
 12.63024      58
 12.66246      57
 12.69468      56
 12.7269       54
 12.75912      53
 12.79134      52
 12.82356      51
 12.85578      50
 12.85578      49
 12.888        48
 12.92022      47
 12.95244      46
 13.01688      46
 13.0491       45
 13.0491       44
 13.08132      43
 13.11354      43
 13.14576      42
 13.17798      41
 13.2102       41
 13.24242      40
 13.27464      40
 13.27464      39
 13.30686      39
 13.33908      38
 13.3713       38
 13.40352      38
 13.43574      38
 13.46796      37
 13.50018      37
 13.5324       37
 13.5324       37
 13.56462      37
 13.59684      37
 13.62906      37
 13.66128      37
 13.6935       37
 13.72572      37
 13.75794      37
 13.75794      37
 13.79016      37
 13.82238      37
 13.8546       38
 13.88682      38
 13.91904      38
 13.95126      38
 13.95126      39
 13.98348      39
 14.0157       40
 14.04792      40
 14.08014      40
 14.11236      41
 14.14458      41
 14.1768       42
 14.1768       43
 14.20902      43
 14.24124      44
 14.27346      44
 14.30568      45
 14.3379       45
 14.37012      46
 14.40234      47
 14.40234      47
 14.43456      48
 14.46678      49
 14.499        49
 14.53122      50
 14.56344      51
 14.59566      52
 14.59566      52
 14.62788      53
 14.6601       54
 14.69232      55
 14.72454      56
 14.75676      57
 14.78898      58
 14.78898      59
 14.8212       60
 14.85342      60
 14.88564      61
 14.91786      62
 14.95008      63
 14.9823       64
 15.01452      65
 15.01452      66
 15.04674      67
 15.07896      68
 15.11118      70
 15.1434       71
 15.17562      72
 15.20784      73
 15.20784      74
 15.24006      75
 15.27228      76
 15.3045       77
 15.33672      79
 15.36894      80
 15.40116      83
 15.40116      86
 15.43338      88
 15.4656       90
 15.49782      91
 15.53004      92
 15.56226      93
 15.59448      94
 15.6267       95
 15.6267       96
 15.65892      97
 15.69114      98
 15.72336      99
 15.75558      101
 15.7878       102
 15.82002      103
 15.82002      104
 15.85224      105
 15.88446      107
 15.91668      108
 15.9489       109
 15.98112      111
 16.01334      112
 16.01334      113
 16.04556      115
 16.07778      116
 16.11         117
 16.14222      119
 16.17444      120
 16.20666      121
 16.23888      123
 16.2711       124
 16.30332      125
 16.33554      126
 16.36776      128
 16.39998      129
 16.4322       130
 16.4322       131
 16.46442      132
 16.49664      133
 16.52886      134
 16.56108      134
 16.5933       135
 16.5933       136
 16.62552      136
 16.65774      136
 16.68996      137
 16.72218      137
 16.7544       137
 16.78662      137
 16.78662      136
 16.81884      136
 16.85106      136
 16.88328      135
 16.9155       134
 16.94772      133
 16.94772      132
 16.97994      132
 17.01216      130
 17.04438      129
 17.0766       128
 17.10882      127
 17.14104      125
 17.14104      124
 17.17326      122
 17.20548      120
 17.2377       119
 17.26992      117
 17.30214      115
 17.33436      113
 17.33436      111
 17.36658      110
 17.3988       108
 17.43102      106
 17.46324      104
 17.49546      102
 17.52768      99
 17.52768      97
 17.5599       95
 17.59212      93
 17.62434      92
 17.65656      92
 17.68878      90
 17.721        88
 17.721        86
 17.75322      84
 17.78544      82
 17.81766      79
 17.84988      77
 17.8821       76
 17.8821       74
 17.91432      72
 17.94654      71
 17.97876      69
 18.01098      68
 18.0432       67
 18.07542      66
 18.07542      65
 18.10764      63
 18.13986      62
 18.17208      62
 18.2043       61
 18.23652      60
 18.23652      59
 18.26874      59
 18.30096      58
 18.33318      58
 18.3654       57
 18.39762      57
 18.42984      57
 18.42984      56
 18.46206      56
 18.49428      56
 18.5265       56
 18.55872      56
 18.59094      55
 18.59094      55
 18.62316      55
 18.65538      55
 18.6876       56
 18.71982      56
 18.75204      56
 18.75204      56
 18.78426      56
 18.81648      57
 18.8487       57
 18.88092      57
 18.91314      58
 18.91314      58
 18.94536      58
 18.97758      59
 19.0098       59
 19.04202      60
 19.07424      61
 19.10646      61
 19.10646      62
 19.13868      62
 19.1709       63
 19.20312      64
 19.23534      64
 19.26756      65
 19.26756      66
 19.29978      67
 19.332        68
 19.36422      68
 19.39644      69
 19.42866      70
 19.42866      71
 19.46088      72
 19.52532      73
 19.55754      74
 19.58976      75
 19.62198      76
 19.62198      77
 19.6542       78
 19.68642      79
 19.71864      80
 19.75086      81
 19.78308      82
 19.78308      83
 19.8153       84
 19.84752      85
 19.87974      86
 19.91196      90
 19.94418      98
 19.94418      104
 19.9764       107
 20.00862      108
 20.04084      109
 20.07306      109
 20.10528      110
 20.10528      110
 20.1375       110
 20.16972      110
 20.20194      111
 20.23416      111
 20.26638      112
 20.26638      112
 20.2986       113
 20.33082      114
 20.36304      115
 20.39526      116
 20.42748      117
 20.42748      118
 20.4597       119
 20.49192      122
 20.52414      124
 20.55636      125
 20.58858      127
 20.58858      128
 20.6208       129
 20.65302      130
 20.68524      132
 20.71746      133
 20.74968      134
 20.74968      135
 20.7819       137
 20.81412      138
 20.84634      139
 20.87856      141
 20.87856      142
 20.91078      144
 20.943        145
 20.97522      147
 21.00744      148
 21.03966      150
 21.03966      151
 21.07188      152
 21.1041       154
 21.13632      155
 21.16854      157
 21.20076      158
 21.20076      159
 21.23298      160
 21.2652       162
 21.29742      163
 21.32964      164
 21.36186      165
 21.36186      166
 21.39408      167
 21.4263       168
 21.45852      169
 21.49074      169
 21.52296      170
 21.52296      171
 21.55518      171
 21.5874       171
 21.61962      172
 21.65184      172
 21.68406      172
 21.68406      172
 21.71628      172
 21.7485       172
 21.78072      171
 21.81294      171
 21.81294      170
 21.84516      170
 21.87738      169
 21.9096       169
 21.94182      168
 21.97404      167
 21.97404      166
 22.00626      165
 22.03848      164
 22.0707       163
 22.10292      161
 22.10292      160
 22.13514      158
 22.16736      157
 22.19958      155
 22.2318       154
 22.26402      152
 22.26402      150
 22.29624      148
 22.32846      146
 22.36068      144
 22.3929       142
 22.3929       140
 22.42512      137
 22.45734      135
 22.48956      133
 22.52178      131
 22.52178      129
 22.554        126
 22.58622      124
 22.61844      122
 22.65066      120
 22.68288      118
 22.68288      116
 22.7151       114
 22.77954      112
 22.81176      110
 22.84398      108
 22.84398      106
 22.8762       104
 22.90842      102
 22.94064      101
 22.97286      98
 22.97286      97
 23.00508      95
 23.0373       94
 23.06952      92
 23.10174      91
 23.10174      90
 23.13396      89
 23.16618      88
 23.1984       87
 23.23062      86
 23.26284      85
 23.26284      84
 23.29506      83
 23.32728      82
 23.3595       82
 23.39172      81
 23.39172      81
 23.42394      80
 23.45616      80
 23.48838      79
 23.5206       79
 23.5206       78
 23.55282      78
 23.58504      77
 23.61726      77
 23.64948      77
 23.64948      77
 23.6817       77
 23.71392      77
 23.74614      77
 23.77836      77
 23.81058      77
 23.81058      77
 23.8428       78
 23.87502      78
 23.90724      78
 23.93946      79
 23.93946      79
 23.97168      79
 24.0039       80
 24.03612      80
 24.06834      81
 24.06834      81
 24.10056      82
 24.13278      82
 24.165        83
 24.19722      84
 24.19722      84
 24.22944      85
 24.26166      86
 24.29388      86
 24.3261       87
 24.3261       88
 24.35832      89
 24.39054      89
 24.42276      90
 24.45498      91
 24.45498      92
 24.4872       93
 24.51942      94
 24.55164      95
 24.58386      96
 24.58386      97
 24.61608      98
 24.6483       99
 24.68052      101
 24.71274      102
 24.71274      103
 24.74496      104
 24.77718      105
 24.8094       106
 24.84162      108
 24.84162      109
 24.87384      110
 24.90606      111
 24.93828      113
 24.9705       114
 24.9705       115
 25.00272      117
 25.03494      118
 25.06716      119
 25.09938      120
 25.09938      122
 25.1316       123
 25.16382      124
 25.19604      126
 25.22826      127
 25.22826      128
 25.26048      130
 25.2927       131
 25.32492      133
 25.35714      134
 25.35714      136
 25.38936      137
 25.42158      139
 25.4538       140
 25.4538       141
 25.48602      143
 25.51824      145
 25.55046      147
 25.58268      149
 25.6149       150
 25.6149       152
 25.64712      153
 25.67934      155
 25.71156      156
 25.71156      158
 25.74378      159
 25.776        161
 25.80822      162
 25.84044      164
 25.84044      165
 25.87266      167
 25.90488      168
 25.9371       170
 25.96932      171
 25.96932      172
 26.03376      174
 26.06598      175
 26.0982       177
 26.0982       178
 26.13042      179
 26.16264      181
 26.19486      182
 26.19486      183
 26.22708      185
 26.2593       186
 26.29152      187
 26.32374      188
 26.32374      189
 26.35596      190
 26.38818      191
 26.4204       192
 26.45262      192
 26.45262      193
 26.48484      194
 26.51706      194
 26.54928      195
 26.5815       195
 26.5815       196
 26.61372      196
 26.64594      197
 26.67816      197
 26.67816      197
 26.71038      197
 26.7426       197
 26.77482      197
 26.80704      197
 26.80704      197
 26.83926      197
 26.87148      197
 26.9037       197
 26.93592      196
 26.93592      196
 26.96814      195
 27.00036      194
 27.03258      194
 27.03258      193
 27.0648       192
 27.09702      191
 27.12924      190
 27.16146      189
 27.16146      188
 27.19368      187
 27.2259       185
 27.25812      184
 27.25812      182
 27.29034      181
 27.32256      179
 27.35478      178
 27.35478      176
 27.387        174
 27.41922      173
 27.45144      171
 27.48366      169
 27.48366      167
 27.51588      166
 27.5481       164
 27.58032      162
 27.58032      160
 27.61254      158
 27.64476      156
 27.67698      154
 27.7092       152
 27.7092       151
 27.74142      149
 27.77364      147
 27.80586      145
 27.80586      143
 27.83808      141
 27.8703       140
 27.90252      138
 27.93474      136
 27.93474      134
 27.96696      133
 27.99918      131
 28.0314       130
 28.0314       128
 28.06362      125
 28.09584      122
 28.12806      120
 28.12806      118
 28.16028      116
 28.1925       113
 28.22472      112
 28.25694      110
 28.25694      108
