 0             0
 0             0
 0             0
 0             0
 0             0
 0             0
 0             0
 0             1
 0             1
 0             0
 0             1
 0             1
 0             1
 3.222e-002    1
 3.222e-002    1
 6.444e-002    1
 9.666e-002    1
 0.12888       1
 0.1611        1
 0.1611        1
 0.19332       1
 0.22554       1
 0.25776       1
 0.28998       1
 0.3222        2
 0.3222        2
 0.35442       2
 0.38664       2
 0.41886       2
 0.45108       2
 0.4833        2
 0.51552       2
 0.54774       2
 0.54774       3
 0.57996       2
 0.61218       3
 0.6444        3
 0.67662       3
 0.70884       3
 0.74106       3
 0.77328       3
 0.8055        3
 0.8055        3
 0.83772       3
 0.86994       3
 0.90216       3
 0.93438       4
 0.9666        4
 0.99882       4
 1.03104       4
 1.06326       4
 1.06326       4
 1.09548       4
 1.1277        4
 1.15992       4
 1.19214       5
 1.22436       5
 1.25658       5
 1.2888        5
 1.32102       5
 1.35324       5
 1.38546       6
 1.41768       6
 1.4499        6
 1.4499        6
 1.48212       6
 1.51434       6
 1.54656       6
 1.57878       6
 1.611         7
 1.64322       7
 1.67544       7
 1.70766       7
 1.73988       7
 1.7721        7
 1.80432       7
 1.80432       7
 1.83654       8
 1.86876       8
 1.90098       8
 1.9332        8
 1.96542       8
 1.99764       8
 2.02986       8
 2.06208       9
 2.0943        9
 2.12652       9
 2.15874       9
 2.19096       9
 2.22318       9
 2.22318       9
 2.2554        10
 2.28762       10
 2.31984       10
 2.35206       10
 2.38428       10
 2.4165        10
 2.44872       11
 2.48094       11
 2.51316       11
 2.54538       11
 2.5776        11
 2.60982       12
 2.60982       12
 2.64204       12
 2.67426       13
 2.70648       13
 2.7387        13
 2.77092       14
 2.80314       14
 2.83536       14
 2.86758       14
 2.8998        14
 2.93202       14
 2.96424       15
 2.99646       15
 3.02868       15
 3.0609        15
 3.09312       15
 3.09312       15
 3.12534       15
 3.15756       15
 3.18978       16
 3.25422       16
 3.28644       16
 3.31866       16
 3.35088       16
 3.3831        16
 3.41532       16
 3.41532       16
 3.44754       16
 3.47976       16
 3.51198       16
 3.5442        17
 3.57642       17
 3.60864       17
 3.64086       17
 3.67308       17
 3.7053        17
 3.73752       17
 3.76974       17
 3.80196       17
 3.83418       17
 3.83418       17
 3.8664        18
 3.89862       18
 3.93084       18
 3.96306       18
 3.99528       18
 4.0275        19
 4.05972       19
 4.09194       19
 4.12416       19
 4.15638       19
 4.1886        20
 4.1886        20
 4.22082       20
 4.25304       20
 4.28526       21
 4.31748       21
 4.3497        21
 4.38192       22
 4.41414       22
 4.44636       22
 4.47858       23
 4.5108        23
 4.54302       23
 4.57524       23
 4.57524       23
 4.60746       24
 4.63968       24
 4.6719        24
 4.70412       24
 4.73634       24
 4.76856       25
 4.80078       25
 4.833         25
 4.86522       25
 4.89744       25
 4.92966       25
 4.96188       26
 4.96188       26
 4.9941        26
 5.02632       26
 5.05854       26
 5.09076       26
 5.12298       26
 5.1552        26
 5.18742       25
 5.21964       25
 5.25186       25
 5.28408       25
 5.28408       26
 5.3163        27
 5.34852       31
 5.38074       34
 5.41296       36
 5.44518       39
 5.4774        40
 5.50962       42
 5.54184       43
 5.57406       44
 5.60628       45
 5.6385        46
 5.6385        46
 5.67072       46
 5.70294       47
 5.73516       47
 5.76738       47
 5.7996        47
 5.83182       46
 5.86404       46
 5.89626       46
 5.92848       46
 5.9607        46
 5.99292       45
 5.99292       45
 6.02514       45
 6.05736       45
 6.08958       44
 6.1218        44
 6.15402       44
 6.18624       43
 6.21846       43
 6.25068       43
 6.2829        42
 6.31512       42
 6.31512       42
 6.34734       41
 6.37956       41
 6.41178       41
 6.444         41
 6.50844       40
 6.54066       40
 6.57288       40
 6.6051        40
 6.6051        39
 6.63732       39
 6.66954       39
 6.70176       39
 6.73398       39
 6.7662        39
 6.79842       39
 6.83064       38
 6.86286       38
 6.89508       38
 6.9273        38
 6.95952       38
 6.95952       38
 6.99174       38
 7.02396       38
 7.05618       38
 7.0884        38
 7.12062       38
 7.15284       38
 7.18506       38
 7.21728       38
 7.2495        38
 7.2495        38
 7.28172       38
 7.31394       38
 7.34616       38
 7.37838       38
 7.4106        39
 7.44282       39
 7.47504       39
 7.50726       39
 7.53948       39
 7.53948       39
 7.5717        41
 7.60392       42
 7.63614       44
 7.66836       45
 7.70058       46
 7.7328        47
 7.76502       47
 7.79724       48
 7.82946       48
 7.86168       49
 7.86168       49
 7.8939        48
 7.92612       48
 7.95834       49
 7.99056       50
 8.02278       51
 8.055         52
 8.08722       52
 8.11944       52
 8.15166       52
 8.15166       52
 8.18388       52
 8.2161        52
 8.24832       52
 8.28054       52
 8.31276       51
 8.34498       51
 8.3772        51
 8.40942       51
 8.44164       51
 8.44164       50
 8.47386       50
 8.50608       50
 8.5383        50
 8.57052       50
 8.60274       49
 8.63496       49
 8.66718       49
 8.6994        49
 8.73162       48
 8.73162       48
 8.76384       48
 8.79606       48
 8.82828       48
 8.8605        48
 8.89272       47
 8.92494       47
 8.95716       47
 8.98938       47
 8.98938       47
 9.0216        47
 9.05382       47
 9.08604       47
 9.11826       47
 9.15048       47
 9.1827        47
 9.21492       47
 9.24714       47
 9.27936       47
 9.27936       47
 9.31158       47
 9.3438        47
 9.37602       48
 9.40824       48
 9.44046       48
 9.47268       48
 9.5049        48
 9.53712       48
 9.53712       48
 9.56934       48
 9.60156       48
 9.63378       48
 9.666         48
 9.69822       49
 9.76266       49
 9.79488       49
 9.79488       49
 9.8271        49
 9.85932       49
 9.89154       49
 9.92376       50
 9.95598       50
 9.9882        50
 10.02042      51
 10.05264      50
 10.05264      53
 10.08486      58
 10.11708      62
 10.1493       65
 10.18152      68
 10.21374      70
 10.24596      72
 10.27818      73
 10.3104       74
 10.3104       75
 10.34262      75
 10.37484      76
 10.40706      76
 10.43928      76
 10.4715       76
 10.50372      76
 10.53594      75
 10.56816      75
 10.56816      75
 10.60038      74
 10.6326       74
 10.66482      73
 10.69704      73
 10.72926      73
 10.76148      72
 10.7937       72
 10.82592      71
 10.82592      71
 10.85814      70
 10.89036      70
 10.92258      69
 10.9548       69
 10.98702      68
 11.01924      68
 11.05146      68
 11.05146      67
 11.08368      67
 11.1159       66
 11.14812      66
 11.18034      66
 11.21256      65
 11.24478      65
 11.277        65
 11.30922      65
 11.30922      64
 11.34144      64
 11.37366      64
 11.40588      64
 11.4381       64
 11.47032      64
 11.50254      63
 11.53476      63
 11.56698      64
 11.56698      63
 11.5992       63
 11.63142      63
 11.66364      63
 11.69586      63
 11.72808      63
 11.7603       63
 11.79252      63
 11.82474      63
 11.82474      62
 11.85696      62
 11.88918      62
 11.9214       62
 11.95362      62
 11.98584      62
 12.01806      62
 12.05028      62
 12.05028      62
 12.0825       62
 12.11472      62
 12.14694      62
 12.17916      63
 12.21138      63
 12.2436       63
 12.27582      63
 12.27582      63
 12.30804      63
 12.34026      63
 12.37248      63
 12.4047       63
 12.43692      63
 12.46914      63
 12.50136      64
 12.50136      64
 12.53358      64
 12.5658       64
 12.59802      64
 12.63024      64
 12.66246      64
 12.69468      64
 12.7269       64
 12.7269       65
 12.75912      65
 12.79134      65
 12.82356      65
 12.85578      65
 12.888        65
 12.92022      65
 12.95244      65
 12.95244      66
 13.01688      66
 13.0491       66
 13.08132      66
 13.11354      66
 13.14576      66
 13.17798      66
 13.17798      66
 13.2102       66
 13.24242      67
 13.27464      67
 13.30686      67
 13.33908      67
 13.3713       67
 13.40352      67
 13.40352      67
 13.43574      67
 13.46796      68
 13.50018      68
 13.5324       68
 13.56462      68
 13.59684      68
 13.59684      68
 13.62906      69
 13.66128      69
 13.6935       69
 13.72572      69
 13.75794      69
 13.79016      69
 13.82238      69
 13.82238      69
 13.8546       70
 13.88682      70
 13.91904      70
 13.95126      70
 13.98348      70
 14.0157       70
 14.0157       71
 14.04792      71
 14.08014      71
 14.11236      71
 14.14458      71
 14.1768       71
 14.20902      71
 14.24124      71
 14.24124      72
 14.27346      72
 14.30568      72
 14.3379       72
 14.37012      72
 14.40234      72
 14.43456      72
 14.43456      72
 14.46678      73
 14.499        73
 14.53122      73
 14.56344      73
 14.59566      73
 14.62788      73
 14.62788      73
 14.6601       73
 14.69232      73
 14.72454      73
 14.75676      73
 14.78898      73
 14.8212       74
 14.8212       74
 14.85342      74
 14.88564      74
 14.91786      74
 14.95008      74
 14.9823       75
 15.01452      75
 15.04674      75
 15.04674      75
 15.07896      75
 15.11118      76
 15.1434       76
 15.17562      76
 15.20784      76
 15.24006      76
 15.24006      76
 15.27228      77
 15.3045       77
 15.33672      77
 15.36894      77
 15.40116      77
 15.43338      78
 15.43338      78
 15.4656       78
 15.49782      78
 15.53004      78
 15.56226      78
 15.59448      78
 15.6267       78
 15.6267       79
 15.65892      79
 15.69114      79
 15.72336      79
 15.75558      79
 15.7878       79
 15.82002      80
 15.82002      80
 15.85224      80
 15.88446      80
 15.91668      81
 15.9489       81
 15.98112      82
 16.01334      82
 16.01334      83
 16.04556      83
 16.07778      84
 16.11         84
 16.14222      85
 16.17444      85
 16.20666      86
 16.20666      86
 16.2711       87
 16.30332      87
 16.33554      88
 16.36776      88
 16.39998      89
 16.39998      89
 16.4322       89
 16.46442      89
 16.49664      89
 16.52886      89
 16.56108      90
 16.56108      90
 16.5933       90
 16.62552      90
 16.65774      90
 16.68996      90
 16.72218      90
 16.7544       90
 16.7544       90
 16.78662      90
 16.81884      90
 16.85106      90
 16.88328      90
 16.9155       90
 16.9155       90
 16.94772      90
 16.97994      90
 17.01216      90
 17.04438      90
 17.0766       90
 17.10882      90
 17.10882      90
 17.14104      90
 17.17326      90
 17.20548      89
 17.2377       90
 17.26992      89
 17.30214      90
 17.30214      90
 17.33436      90
 17.36658      90
 17.3988       90
 17.43102      90
 17.46324      90
 17.46324      90
 17.49546      90
 17.52768      90
 17.5599       91
 17.59212      91
 17.62434      91
 17.65656      91
 17.65656      91
 17.68878      91
 17.721        91
 17.75322      91
 17.78544      92
 17.81766      92
 17.81766      92
 17.84988      92
 17.8821       92
 17.91432      92
 17.94654      92
 17.97876      92
 17.97876      92
 18.01098      92
 18.0432       92
 18.07542      93
 18.10764      93
 18.13986      93
 18.17208      93
 18.17208      93
 18.2043       93
 18.23652      93
 18.26874      93
 18.30096      94
 18.33318      95
 18.33318      96
 18.3654       97
 18.39762      97
 18.42984      98
 18.46206      98
 18.49428      99
 18.49428      99
 18.5265       99
 18.55872      99
 18.59094      100
 18.62316      101
 18.65538      101
 18.6876       101
 18.6876       101
 18.71982      101
 18.75204      101
 18.78426      101
 18.81648      101
 18.8487       101
 18.8487       101
 18.88092      101
 18.91314      101
 18.94536      100
 18.97758      101
 19.0098       101
 19.0098       101
 19.04202      101
 19.07424      101
 19.10646      101
 19.13868      101
 19.13868      101
 19.1709       101
 19.20312      101
 19.23534      101
 19.26756      101
 19.29978      101
 19.332        101
 19.332        101
 19.36422      101
 19.39644      101
 19.42866      101
 19.46088      101
 19.4931       101
 19.52532      101
 19.55754      101
 19.58976      101
 19.62198      102
 19.6542       101
 19.6542       102
 19.68642      102
 19.71864      102
 19.75086      102
 19.78308      102
 19.8153       102
 19.8153       102
 19.84752      102
 19.87974      102
 19.91196      102
 19.94418      102
 19.9764       102
 19.9764       102
 20.00862      102
 20.04084      102
 20.07306      102
 20.10528      102
 20.1375       102
 20.1375       102
 20.16972      103
 20.20194      103
 20.23416      103
 20.26638      103
 20.2986       103
 20.2986       103
 20.33082      103
 20.36304      104
 20.39526      104
 20.42748      104
 20.4597       104
 20.4597       104
 20.49192      104
 20.52414      105
 20.55636      105
 20.58858      105
 20.58858      105
 20.6208       105
 20.65302      105
 20.68524      105
 20.71746      106
 20.74968      106
 20.74968      106
 20.7819       106
 20.81412      106
 20.84634      106
 20.87856      106
 20.91078      106
 20.91078      107
 20.943        107
 20.97522      107
 21.00744      107
 21.03966      107
 21.03966      107
 21.07188      107
 21.1041       107
 21.13632      107
 21.16854      107
 21.20076      107
 21.20076      107
 21.23298      107
 21.2652       107
 21.29742      107
 21.32964      107
 21.36186      108
 21.36186      108
 21.39408      108
 21.4263       108
 21.45852      108
 21.49074      108
 21.49074      109
 21.52296      111
 21.55518      111
 21.5874       112
 21.61962      113
 21.61962      114
 21.65184      114
 21.68406      114
 21.71628      115
 21.7485       115
 21.78072      115
 21.78072      115
 21.81294      116
 21.84516      116
 21.87738      116
 21.9096       116
 21.94182      116
 21.94182      116
 21.97404      116
 22.00626      116
 22.03848      116
 22.0707       116
 22.0707       116
 22.10292      116
 22.13514      116
 22.16736      116
 22.19958      116
 22.2318       116
 22.2318       116
 22.26402      117
 22.29624      117
 22.32846      117
 22.36068      117
 22.36068      117
 22.3929       117
 22.42512      117
 22.45734      117
 22.48956      117
 22.48956      117
 22.52178      117
 22.554        117
 22.58622      117
 22.61844      117
 22.65066      117
 22.65066      117
 22.68288      117
 22.7151       117
 22.77954      117
 22.77954      117
 22.81176      117
 22.84398      117
 22.8762       118
 22.90842      118
 22.90842      118
 22.94064      118
 22.97286      118
 23.00508      118
 23.0373       118
 23.0373       118
 23.06952      118
 23.10174      118
 23.13396      117
 23.16618      117
 23.16618      116
 23.1984       116
 23.23062      116
 23.26284      116
 23.29506      115
 23.32728      115
 23.32728      115
 23.3595       115
 23.39172      115
 23.42394      115
 23.45616      116
 23.45616      116
 23.48838      116
 23.5206       116
 23.55282      116
 23.58504      116
 23.58504      117
 23.61726      117
 23.64948      117
 23.6817       117
 23.71392      118
 23.71392      118
 23.74614      118
 23.77836      118
 23.81058      119
 23.8428       119
 23.8428       119
 23.87502      119
 23.90724      120
 23.93946      120
 23.97168      120
 23.97168      120
 24.0039       120
 24.03612      121
 24.06834      121
 24.10056      121
 24.10056      121
 24.13278      121
 24.165        122
 24.19722      122
 24.22944      122
 24.22944      122
 24.26166      122
 24.29388      123
 24.3261       123
 24.35832      123
 24.35832      123
 24.39054      124
 24.42276      124
 24.45498      124
 24.4872       124
 24.4872       124
 24.51942      124
 24.55164      125
 24.58386      125
 24.61608      125
 24.61608      125
 24.6483       126
 24.68052      126
 24.71274      126
 24.74496      126
 24.74496      126
 24.77718      126
 24.8094       127
 24.84162      127
 24.87384      127
 24.87384      127
 24.90606      127
 24.93828      127
 24.9705       128
 25.00272      128
 25.00272      128
 25.03494      128
 25.06716      128
 25.09938      128
 25.09938      128
 25.1316       128
 25.16382      129
 25.19604      129
 25.22826      129
 25.22826      129
 25.26048      129
 25.2927       129
 25.32492      129
 25.35714      129
 25.35714      129
 25.38936      130
 25.42158      130
 25.4538       130
 25.48602      130
 25.48602      130
 25.51824      130
 25.55046      130
 25.58268      130
 25.6149       130
 25.6149       130
 25.64712      130
 25.67934      130
 25.71156      130
 25.71156      130
 25.74378      130
 25.776        130
 25.80822      130
 25.84044      130
 25.84044      130
 25.87266      131
 25.90488      131
 25.9371       131
 25.96932      131
 25.96932      131
 26.03376      131
 26.06598      131
 26.06598      131
 26.0982       132
 26.13042      132
 26.16264      132
 26.19486      132
 26.19486      132
 26.22708      132
 26.2593       132
 26.29152      134
 26.32374      138
 26.32374      143
 26.35596      146
 26.38818      150
 26.4204       153
 26.4204       155
 26.45262      157
 26.48484      158
 26.51706      159
 26.54928      160
 26.54928      161
 26.5815       161
 26.61372      161
 26.64594      161
 26.67816      161
 26.67816      161
 26.71038      161
 26.7426       160
 26.77482      160
 26.77482      159
 26.80704      159
 26.83926      158
 26.87148      158
 26.9037       157
 26.9037       156
 26.93592      156
 26.96814      155
 27.00036      155
 27.00036      154
 27.03258      154
 27.0648       153
 27.09702      152
 27.09702      152
 27.12924      151
 27.16146      151
 27.19368      151
 27.2259       150
 27.2259       150
 27.25812      149
 27.29034      149
 27.32256      149
 27.35478      148
 27.35478      148
 27.387        148
 27.41922      148
 27.45144      147
 27.45144      147
 27.48366      147
 27.51588      147
 27.5481       147
 27.5481       146
 27.58032      146
 27.61254      146
 27.64476      146
 27.67698      146
 27.67698      146
 27.7092       145
 27.74142      145
 27.77364      145
 27.77364      145
 27.80586      145
 27.83808      145
 27.8703       145
 27.8703       145
 27.90252      145
 27.93474      145
 27.96696      145
 27.96696      145
 27.99918      145
 28.0314       145
 28.06362      145
 28.09584      145
 28.09584      144
 28.12806      144
