 0             0
 0             0
 0             0
 0             0
 0             0
 0             0
 0             0
 0             0
 0             0
 0             0
 0             0
 0             0
 0             0
 3.222e-002    0
 6.444e-002    0
 6.444e-002    0
 9.666e-002    0
 0.12888       0
 0.1611        0
 0.19332       0
 0.19332       0
 0.22554       0
 0.25776       0
 0.28998       0
 0.3222        0
 0.35442       0
 0.35442       0
 0.38664       0
 0.41886       0
 0.45108       0
 0.4833        0
 0.51552       0
 0.54774       0
 0.57996       0
 0.57996       0
 0.61218       0
 0.6444        0
 0.67662       0
 0.70884       0
 0.74106       0
 0.77328       0
 0.8055        0
 0.8055        0
 0.83772       0
 0.86994       1
 0.90216       1
 0.93438       1
 0.9666        1
 0.99882       1
 1.03104       1
 1.06326       1
 1.09548       1
 1.1277        2
 1.1277        2
 1.15992       2
 1.19214       2
 1.22436       2
 1.25658       3
 1.2888        4
 1.32102       4
 1.35324       4
 1.38546       5
 1.41768       5
 1.4499        5
 1.48212       6
 1.48212       6
 1.51434       6
 1.54656       6
 1.57878       6
 1.611         6
 1.64322       7
 1.67544       8
 1.70766       9
 1.73988       9
 1.7721        10
 1.80432       11
 1.83654       12
 1.86876       12
 1.90098       13
 1.90098       13
 1.9332        14
 1.96542       14
 1.99764       14
 2.02986       15
 2.06208       15
 2.0943        15
 2.12652       15
 2.15874       15
 2.19096       15
 2.22318       15
 2.2554        16
 2.28762       15
 2.28762       16
 2.31984       15
 2.35206       15
 2.38428       15
 2.4165        15
 2.44872       15
 2.48094       15
 2.51316       15
 2.54538       15
 2.5776        15
 2.60982       15
 2.64204       15
 2.67426       14
 2.70648       14
 2.70648       14
 2.7387        14
 2.77092       14
 2.80314       14
 2.83536       13
 2.86758       13
 2.8998        13
 2.93202       13
 2.96424       13
 2.99646       13
 3.02868       13
 3.0609        13
 3.09312       13
 3.12534       13
 3.12534       13
 3.15756       13
 3.18978       13
 3.25422       13
 3.28644       13
 3.31866       13
 3.35088       13
 3.3831        13
 3.41532       13
 3.44754       13
 3.47976       13
 3.51198       14
 3.51198       14
 3.5442        14
 3.57642       14
 3.60864       14
 3.64086       14
 3.67308       14
 3.7053        14
 3.73752       14
 3.76974       14
 3.80196       14
 3.83418       14
 3.8664        14
 3.89862       14
 3.93084       14
 3.93084       14
 3.96306       14
 3.99528       15
 4.0275        15
 4.05972       15
 4.09194       15
 4.12416       15
 4.15638       15
 4.1886        15
 4.22082       15
 4.25304       15
 4.28526       16
 4.28526       16
 4.31748       16
 4.3497        16
 4.38192       16
 4.41414       16
 4.44636       16
 4.47858       16
 4.5108        16
 4.54302       16
 4.57524       17
 4.60746       17
 4.63968       17
 4.6719        17
 4.6719        17
 4.70412       17
 4.73634       17
 4.76856       17
 4.80078       17
 4.833         17
 4.86522       17
 4.89744       17
 4.92966       17
 4.96188       17
 4.9941        17
 5.02632       17
 5.05854       17
 5.05854       18
 5.09076       18
 5.12298       18
 5.1552        18
 5.18742       18
 5.21964       18
 5.25186       19
 5.28408       19
 5.3163        19
 5.34852       19
 5.38074       19
 5.41296       19
 5.41296       19
 5.44518       20
 5.4774        20
 5.50962       20
 5.54184       20
 5.57406       20
 5.60628       20
 5.6385        21
 5.67072       21
 5.70294       21
 5.73516       21
 5.76738       21
 5.7996        21
 5.7996        22
 5.83182       22
 5.86404       22
 5.89626       22
 5.92848       22
 5.9607        22
 5.99292       23
 6.02514       23
 6.05736       23
 6.08958       23
 6.1218        23
 6.1218        23
 6.15402       24
 6.18624       24
 6.21846       25
 6.25068       25
 6.2829        25
 6.31512       25
 6.34734       26
 6.37956       26
 6.41178       27
 6.444         31
 6.47622       37
 6.50844       41
 6.54066       44
 6.57288       47
 6.6051        49
 6.63732       51
 6.66954       52
 6.70176       53
 6.73398       54
 6.7662        54
 6.7662        55
 6.79842       55
 6.83064       55
 6.86286       54
 6.89508       54
 6.9273        54
 6.95952       53
 6.99174       53
 7.02396       52
 7.05618       52
 7.0884        51
 7.0884        51
 7.12062       50
 7.15284       49
 7.18506       49
 7.21728       48
 7.2495        48
 7.28172       47
 7.31394       46
 7.34616       46
 7.37838       45
 7.4106        45
 7.4106        44
 7.44282       44
 7.47504       43
 7.50726       43
 7.53948       42
 7.5717        42
 7.60392       41
 7.63614       41
 7.66836       41
 7.70058       40
 7.7328        40
 7.7328        40
 7.76502       39
 7.79724       39
 7.82946       39
 7.86168       39
 7.8939        38
 7.92612       38
 7.95834       38
 7.99056       38
 8.02278       38
 8.02278       37
 8.055         37
 8.08722       37
 8.11944       37
 8.15166       37
 8.18388       37
 8.2161        37
 8.24832       37
 8.28054       36
 8.31276       36
 8.31276       36
 8.34498       36
 8.3772        36
 8.40942       36
 8.44164       36
 8.47386       36
 8.50608       36
 8.5383        36
 8.57052       36
 8.60274       36
 8.60274       36
 8.63496       36
 8.66718       36
 8.6994        36
 8.73162       36
 8.76384       36
 8.79606       36
 8.82828       36
 8.8605        36
 8.89272       36
 8.89272       36
 8.92494       36
 8.95716       36
 8.98938       36
 9.0216        37
 9.05382       37
 9.08604       37
 9.11826       37
 9.15048       37
 9.1827        37
 9.1827        38
 9.21492       39
 9.24714       39
 9.27936       40
 9.31158       40
 9.3438        40
 9.37602       41
 9.40824       41
 9.44046       42
 9.47268       42
 9.47268       43
 9.5049        43
 9.53712       43
 9.56934       44
 9.60156       44
 9.63378       44
 9.666         44
 9.69822       44
 9.73044       44
 9.76266       45
 9.79488       45
 9.8271        45
 9.85932       45
 9.89154       45
 9.92376       46
 9.95598       47
 9.9882        47
 9.9882        47
 10.02042      48
 10.05264      48
 10.08486      48
 10.11708      48
 10.1493       48
 10.18152      48
 10.21374      48
 10.24596      48
 10.24596      48
 10.27818      48
 10.3104       48
 10.34262      48
 10.37484      48
 10.40706      48
 10.43928      48
 10.4715       48
 10.50372      48
 10.50372      48
 10.53594      48
 10.56816      48
 10.60038      48
 10.6326       48
 10.66482      48
 10.69704      49
 10.72926      49
 10.76148      49
 10.76148      49
 10.7937       49
 10.82592      49
 10.85814      49
 10.89036      49
 10.92258      49
 10.9548       49
 10.98702      49
 11.01924      49
 11.01924      49
 11.05146      49
 11.08368      49
 11.1159       49
 11.14812      49
 11.18034      49
 11.21256      49
 11.24478      49
 11.277        49
 11.277        49
 11.30922      49
 11.34144      49
 11.37366      49
 11.40588      49
 11.4381       50
 11.47032      50
 11.50254      50
 11.50254      50
 11.53476      50
 11.56698      50
 11.5992       50
 11.63142      50
 11.66364      50
 11.69586      50
 11.72808      50
 11.7603       50
 11.7603       50
 11.79252      50
 11.82474      50
 11.85696      50
 11.88918      50
 11.9214       50
 11.95362      50
 11.98584      50
 11.98584      50
 12.01806      50
 12.05028      50
 12.0825       51
 12.11472      51
 12.14694      51
 12.17916      51
 12.21138      51
 12.2436       51
 12.2436       51
 12.27582      51
 12.30804      51
 12.34026      51
 12.37248      51
 12.4047       52
 12.43692      52
 12.46914      52
 12.46914      52
 12.50136      52
 12.53358      52
 12.5658       52
 12.59802      52
 12.63024      52
 12.66246      53
 12.69468      53
 12.69468      53
 12.7269       53
 12.75912      54
 12.79134      55
 12.82356      55
 12.85578      55
 12.888        56
 12.92022      56
 12.92022      56
 12.95244      56
 13.01688      56
 13.0491       56
 13.08132      57
 13.11354      57
 13.14576      57
 13.14576      57
 13.17798      57
 13.2102       57
 13.24242      57
 13.27464      57
 13.30686      57
 13.33908      57
 13.3713       57
 13.3713       57
 13.40352      57
 13.43574      58
 13.46796      58
 13.50018      58
 13.5324       58
 13.56462      58
 13.56462      58
 13.59684      58
 13.62906      58
 13.66128      58
 13.6935       58
 13.72572      58
 13.75794      58
 13.79016      58
 13.79016      59
 13.82238      59
 13.8546       59
 13.88682      59
 13.91904      59
 13.95126      59
 13.98348      59
 14.0157       59
 14.0157       59
 14.04792      59
 14.08014      59
 14.11236      59
 14.14458      60
 14.1768       60
 14.20902      60
 14.20902      60
 14.24124      60
 14.27346      60
 14.30568      60
 14.3379       60
 14.37012      60
 14.40234      60
 14.43456      60
 14.43456      61
 14.46678      61
 14.499        61
 14.53122      61
 14.56344      61
 14.59566      61
 14.59566      61
 14.62788      61
 14.6601       61
 14.69232      62
 14.72454      62
 14.75676      62
 14.78898      62
 14.8212       62
 14.8212       62
 14.85342      62
 14.88564      62
 14.91786      63
 14.95008      63
 14.9823       63
 15.01452      63
 15.01452      63
 15.04674      63
 15.07896      63
 15.11118      63
 15.1434       63
 15.17562      64
 15.20784      64
 15.24006      64
 15.24006      64
 15.27228      64
 15.3045       64
 15.33672      64
 15.36894      64
 15.40116      64
 15.43338      64
 15.43338      65
 15.4656       65
 15.49782      65
 15.53004      65
 15.56226      65
 15.59448      65
 15.6267       65
 15.6267       65
 15.65892      66
 15.69114      66
 15.72336      66
 15.75558      66
 15.7878       66
 15.82002      66
 15.82002      66
 15.85224      66
 15.88446      67
 15.91668      67
 15.9489       67
 15.98112      67
 16.01334      67
 16.01334      67
 16.04556      67
 16.07778      67
 16.11         67
 16.14222      68
 16.17444      68
 16.20666      68
 16.23888      68
 16.2711       68
 16.30332      69
 16.33554      69
 16.36776      69
 16.39998      69
 16.39998      69
 16.4322       69
 16.46442      69
 16.49664      69
 16.52886      70
 16.56108      70
 16.5933       70
 16.5933       70
 16.62552      70
 16.65774      70
 16.68996      70
 16.72218      70
 16.7544       70
 16.78662      71
 16.78662      71
 16.81884      71
 16.85106      71
 16.88328      71
 16.9155       71
 16.94772      71
 16.94772      71
 16.97994      71
 17.01216      72
 17.04438      72
 17.0766       72
 17.10882      72
 17.14104      72
 17.14104      72
 17.17326      72
 17.20548      72
 17.2377       72
 17.26992      72
 17.30214      73
 17.33436      73
 17.33436      73
 17.36658      73
 17.3988       73
 17.43102      73
 17.46324      73
 17.49546      73
 17.52768      74
 17.52768      74
 17.5599       74
 17.59212      75
 17.62434      75
 17.65656      75
 17.68878      75
 17.68878      75
 17.721        75
 17.75322      75
 17.78544      75
 17.81766      76
 17.84988      76
 17.84988      76
 17.8821       76
 17.91432      76
 17.94654      77
 17.97876      77
 18.01098      78
 18.0432       78
 18.0432       79
 18.07542      79
 18.10764      79
 18.13986      79
 18.17208      79
 18.2043       80
 18.2043       80
 18.23652      80
 18.26874      80
 18.30096      80
 18.33318      80
 18.3654       80
 18.39762      80
 18.39762      80
 18.42984      80
 18.46206      80
 18.49428      80
 18.5265       80
 18.55872      80
 18.59094      81
 18.59094      81
 18.62316      81
 18.65538      81
 18.6876       81
 18.71982      81
 18.71982      81
 18.75204      81
 18.78426      81
 18.81648      81
 18.8487       81
 18.88092      81
 18.88092      81
 18.91314      81
 18.94536      82
 18.97758      82
 19.0098       82
 19.04202      82
 19.07424      82
 19.07424      82
 19.10646      86
 19.13868      89
 19.1709       92
 19.20312      94
 19.23534      95
 19.23534      97
 19.26756      98
 19.29978      99
 19.332        100
 19.36422      101
 19.39644      101
 19.39644      101
 19.42866      102
 19.46088      103
 19.52532      104
 19.55754      105
 19.55754      106
 19.58976      106
 19.62198      106
 19.6542       106
 19.68642      106
 19.71864      106
 19.71864      106
 19.75086      106
 19.78308      105
 19.8153       105
 19.84752      104
 19.87974      104
 19.87974      104
 19.91196      103
 19.94418      103
 19.9764       102
 20.00862      102
 20.04084      101
 20.04084      101
 20.07306      100
 20.10528      99
 20.1375       99
 20.16972      98
 20.20194      98
 20.20194      98
 20.23416      97
 20.26638      97
 20.2986       97
 20.33082      96
 20.36304      96
 20.36304      96
 20.39526      96
 20.42748      95
 20.4597       95
 20.49192      95
 20.52414      95
 20.52414      94
 20.55636      94
 20.58858      94
 20.6208       94
 20.65302      94
 20.68524      93
 20.68524      93
 20.71746      93
 20.74968      93
 20.7819       93
 20.81412      93
 20.81412      93
 20.84634      93
 20.87856      93
 20.91078      92
 20.943        93
 20.97522      93
 20.97522      93
 21.00744      93
 21.03966      93
 21.07188      94
 21.1041       94
 21.1041       94
 21.13632      94
 21.16854      94
 21.20076      94
 21.23298      94
 21.2652       94
 21.2652       94
 21.29742      94
 21.32964      94
 21.36186      94
 21.39408      95
 21.4263       95
 21.4263       95
 21.45852      95
 21.49074      95
 21.52296      95
 21.55518      95
 21.5874       95
 21.5874       95
 21.61962      95
 21.65184      95
 21.68406      95
 21.71628      95
 21.71628      95
 21.7485       95
 21.78072      95
 21.81294      95
 21.84516      95
 21.87738      95
 21.87738      95
 21.9096       95
 21.94182      95
 21.97404      95
 22.00626      95
 22.00626      96
 22.03848      96
 22.0707       96
 22.10292      96
 22.13514      96
 22.13514      96
 22.16736      96
 22.19958      96
 22.2318       96
 22.26402      96
 22.29624      96
 22.29624      96
 22.32846      97
 22.36068      97
 22.3929       97
 22.42512      97
 22.45734      97
 22.45734      98
 22.48956      98
 22.52178      98
 22.554        98
 22.58622      98
 22.58622      98
 22.61844      98
 22.65066      98
 22.68288      98
 22.7151       98
 22.74732      98
 22.77954      98
 22.81176      98
 22.84398      99
 22.8762       99
 22.8762       99
 22.90842      99
 22.94064      99
 22.97286      99
 23.00508      99
 23.00508      99
 23.0373       99
 23.06952      99
 23.10174      99
 23.13396      99
 23.16618      99
 23.16618      99
 23.1984       101
 23.23062      101
 23.26284      101
 23.29506      101
 23.29506      101
 23.32728      102
 23.3595       108
 23.39172      114
 23.42394      118
 23.42394      122
 23.45616      125
 23.48838      128
 23.5206       130
 23.55282      132
 23.55282      133
 23.58504      134
 23.61726      134
 23.64948      135
 23.6817       135
 23.6817       135
 23.71392      135
 23.74614      134
 23.77836      134
 23.81058      134
 23.8428       133
 23.8428       133
 23.87502      132
 23.90724      131
 23.93946      131
 23.97168      130
 23.97168      129
 24.0039       129
 24.03612      128
 24.06834      127
 24.10056      127
 24.10056      126
 24.13278      125
 24.165        125
 24.19722      124
 24.22944      124
 24.22944      123
 24.26166      122
 24.29388      122
 24.3261       121
 24.35832      121
 24.35832      120
 24.39054      120
 24.42276      120
 24.45498      119
 24.4872       119
 24.4872       118
 24.51942      118
 24.55164      118
 24.58386      117
 24.61608      117
 24.61608      117
 24.6483       117
 24.68052      116
 24.71274      116
 24.74496      116
 24.74496      116
 24.77718      116
 24.8094       116
 24.84162      116
 24.87384      116
 24.87384      116
 24.90606      116
 24.93828      116
 24.9705       116
 24.9705       116
 25.00272      116
 25.03494      116
 25.06716      116
 25.09938      115
 25.09938      115
 25.1316       115
 25.16382      115
 25.19604      115
 25.22826      115
 25.22826      115
 25.26048      115
 25.2927       115
 25.32492      115
 25.35714      115
 25.35714      115
 25.38936      114
 25.42158      114
 25.4538       114
 25.4538       114
 25.48602      114
 25.51824      114
 25.55046      114
 25.58268      114
 25.6149       114
 25.6149       114
 25.64712      114
 25.67934      114
 25.71156      115
 25.71156      115
 25.74378      114
 25.776        114
 25.80822      115
 25.84044      114
 25.84044      114
 25.87266      115
 25.90488      114
 25.9371       115
 25.96932      115
 25.96932      114
 26.03376      115
 26.06598      115
 26.06598      115
 26.0982       115
 26.13042      115
 26.16264      115
 26.19486      115
 26.19486      115
 26.22708      115
 26.2593       115
 26.29152      115
 26.32374      115
 26.32374      115
 26.35596      115
 26.38818      116
 26.4204       116
 26.45262      116
 26.45262      116
 26.48484      116
 26.51706      116
 26.54928      116
 26.54928      116
 26.5815       116
 26.61372      116
 26.64594      116
 26.67816      117
 26.67816      117
 26.71038      117
 26.7426       117
 26.77482      117
 26.77482      117
 26.80704      117
 26.83926      117
 26.87148      117
 26.9037       118
 26.9037       118
 26.93592      118
 26.96814      118
 27.00036      118
 27.00036      118
 27.03258      118
 27.0648       118
 27.09702      119
 27.12924      119
 27.12924      119
 27.16146      119
 27.19368      119
 27.2259       119
 27.2259       119
 27.25812      119
 27.29034      120
 27.32256      120
 27.35478      120
 27.35478      120
 27.387        120
 27.41922      120
 27.45144      120
 27.45144      120
 27.48366      121
 27.51588      121
 27.5481       121
 27.5481       121
 27.58032      121
 27.61254      121
 27.64476      121
 27.67698      121
 27.67698      121
 27.7092       121
 27.74142      122
 27.77364      122
 27.77364      122
 27.80586      122
 27.83808      122
 27.8703       122
 27.8703       122
 27.90252      122
 27.93474      122
 27.96696      122
 27.99918      123
 27.99918      123
 28.0314       123
 28.06362      123
 28.09584      123
 28.09584      123
 28.12806      123
 28.16028      123
 28.1925       124
