 0             0
 0             0
 0             0
 0             0
 0             0
 0             0
 0             0
 0             0
 0             0
 0             0
 0             0
 0             0
 0             0
 3.222e-002    0
 6.444e-002    0
 6.444e-002    0
 9.666e-002    0
 0.12888       0
 0.1611        0
 0.1611        0
 0.19332       0
 0.22554       0
 0.25776       0
 0.28998       0
 0.3222        0
 0.35442       0
 0.35442       0
 0.38664       0
 0.41886       0
 0.45108       0
 0.4833        0
 0.51552       0
 0.54774       0
 0.57996       0
 0.57996       0
 0.61218       0
 0.6444        0
 0.67662       0
 0.70884       0
 0.74106       0
 0.77328       0
 0.8055        0
 0.83772       0
 0.83772       0
 0.86994       0
 0.90216       0
 0.93438       0
 0.9666        0
 0.99882       0
 1.03104       0
 1.06326       0
 1.09548       0
 1.1277        0
 1.15992       0
 1.15992       0
 1.19214       0
 1.22436       0
 1.25658       0
 1.2888        0
 1.32102       0
 1.35324       0
 1.38546       1
 1.41768       1
 1.4499        1
 1.48212       1
 1.51434       1
 1.51434       1
 1.54656       1
 1.57878       1
 1.611         1
 1.64322       1
 1.67544       1
 1.70766       1
 1.73988       1
 1.7721        1
 1.80432       1
 1.83654       1
 1.86876       1
 1.90098       1
 1.9332        1
 1.9332        1
 1.96542       2
 1.99764       2
 2.02986       2
 2.06208       2
 2.0943        2
 2.12652       2
 2.15874       2
 2.19096       2
 2.22318       3
 2.2554        3
 2.28762       3
 2.31984       3
 2.35206       3
 2.35206       3
 2.38428       4
 2.4165        4
 2.44872       4
 2.48094       4
 2.51316       4
 2.54538       4
 2.5776        4
 2.60982       5
 2.64204       5
 2.67426       5
 2.70648       5
 2.7387        5
 2.77092       5
 2.77092       6
 2.80314       6
 2.83536       6
 2.86758       6
 2.8998        6
 2.93202       6
 2.96424       6
 2.99646       7
 3.02868       7
 3.0609        7
 3.09312       7
 3.12534       7
 3.15756       7
 3.18978       7
 3.222         7
 3.25422       8
 3.28644       8
 3.31866       8
 3.35088       8
 3.3831        8
 3.41532       8
 3.44754       8
 3.47976       8
 3.51198       8
 3.5442        8
 3.57642       9
 3.57642       9
 3.60864       9
 3.64086       9
 3.67308       9
 3.7053        9
 3.73752       9
 3.76974       10
 3.80196       10
 3.83418       10
 3.8664        10
 3.89862       10
 3.93084       10
 3.96306       10
 3.99528       10
 3.99528       11
 4.0275        11
 4.05972       11
 4.09194       11
 4.12416       11
 4.15638       11
 4.1886        11
 4.22082       11
 4.25304       12
 4.28526       12
 4.31748       12
 4.3497        12
 4.38192       12
 4.38192       12
 4.41414       12
 4.44636       12
 4.47858       12
 4.5108        12
 4.54302       12
 4.57524       12
 4.60746       12
 4.63968       12
 4.6719        12
 4.70412       12
 4.73634       13
 4.76856       13
 4.80078       13
 4.80078       13
 4.833         13
 4.86522       13
 4.89744       13
 4.92966       13
 4.96188       14
 4.9941        14
 5.02632       14
 5.05854       14
 5.09076       14
 5.12298       14
 5.1552        15
 5.1552        15
 5.18742       15
 5.21964       15
 5.25186       15
 5.28408       14
 5.3163        14
 5.34852       14
 5.38074       13
 5.41296       13
 5.44518       13
 5.4774        13
 5.50962       13
 5.50962       13
 5.54184       13
 5.57406       13
 5.60628       13
 5.6385        13
 5.67072       13
 5.70294       14
 5.73516       14
 5.76738       14
 5.7996        14
 5.83182       14
 5.86404       14
 5.89626       15
 5.89626       15
 5.92848       15
 5.9607        15
 5.99292       16
 6.02514       16
 6.05736       16
 6.08958       16
 6.1218        17
 6.15402       17
 6.18624       17
 6.21846       17
 6.21846       18
 6.25068       18
 6.2829        18
 6.31512       18
 6.34734       18
 6.37956       19
 6.41178       19
 6.444         19
 6.50844       19
 6.50844       19
 6.54066       20
 6.57288       20
 6.6051        20
 6.63732       20
 6.66954       20
 6.70176       20
 6.73398       21
 6.7662        21
 6.79842       21
 6.83064       21
 6.86286       21
 6.89508       22
 6.89508       22
 6.9273        22
 6.95952       22
 6.99174       22
 7.02396       22
 7.05618       23
 7.0884        23
 7.12062       23
 7.15284       23
 7.18506       23
 7.18506       24
 7.21728       24
 7.2495        24
 7.28172       24
 7.31394       24
 7.34616       24
 7.37838       24
 7.4106        24
 7.44282       24
 7.47504       25
 7.50726       25
 7.50726       25
 7.53948       25
 7.5717        25
 7.60392       25
 7.63614       25
 7.66836       26
 7.70058       26
 7.7328        26
 7.76502       26
 7.79724       26
 7.82946       26
 7.82946       26
 7.86168       26
 7.8939        27
 7.92612       27
 7.95834       27
 7.99056       27
 8.02278       27
 8.055         27
 8.08722       28
 8.11944       28
 8.15166       28
 8.15166       28
 8.18388       28
 8.2161        28
 8.24832       28
 8.28054       28
 8.31276       29
 8.34498       29
 8.3772        29
 8.40942       29
 8.40942       29
 8.44164       29
 8.47386       30
 8.50608       30
 8.5383        30
 8.57052       30
 8.60274       30
 8.63496       30
 8.66718       30
 8.6994        30
 8.73162       31
 8.73162       31
 8.76384       31
 8.79606       31
 8.82828       31
 8.8605        31
 8.89272       31
 8.92494       31
 8.95716       32
 8.98938       32
 9.0216        32
 9.0216        32
 9.05382       32
 9.08604       32
 9.11826       32
 9.15048       33
 9.1827        33
 9.21492       33
 9.24714       33
 9.27936       33
 9.31158       33
 9.31158       33
 9.3438        34
 9.37602       34
 9.40824       34
 9.44046       34
 9.47268       34
 9.5049        34
 9.53712       34
 9.56934       35
 9.56934       35
 9.60156       35
 9.63378       35
 9.666         35
 9.69822       35
 9.76266       35
 9.79488       36
 9.8271        36
 9.8271        36
 9.85932       36
 9.89154       36
 9.92376       36
 9.95598       36
 9.9882        36
 10.02042      36
 10.05264      37
 10.08486      37
 10.11708      37
 10.11708      37
 10.1493       37
 10.18152      37
 10.21374      37
 10.24596      37
 10.27818      38
 10.3104       38
 10.34262      38
 10.37484      38
 10.37484      38
 10.40706      38
 10.43928      38
 10.4715       38
 10.50372      39
 10.53594      39
 10.56816      39
 10.60038      39
 10.6326       39
 10.6326       39
 10.66482      39
 10.69704      39
 10.72926      39
 10.76148      40
 10.7937       40
 10.82592      40
 10.85814      40
 10.89036      40
 10.89036      40
 10.92258      40
 10.9548       40
 10.98702      41
 11.01924      41
 11.05146      41
 11.08368      41
 11.1159       41
 11.14812      41
 11.14812      41
 11.18034      41
 11.21256      41
 11.24478      42
 11.277        42
 11.30922      42
 11.34144      42
 11.37366      42
 11.40588      42
 11.40588      42
 11.4381       42
 11.47032      43
 11.50254      43
 11.53476      43
 11.56698      43
 11.5992       43
 11.63142      43
 11.63142      43
 11.66364      44
 11.69586      44
 11.72808      44
 11.7603       44
 11.79252      44
 11.82474      44
 11.85696      44
 11.88918      44
 11.88918      45
 11.9214       45
 11.95362      45
 11.98584      45
 12.01806      45
 12.05028      45
 12.0825       45
 12.11472      45
 12.11472      46
 12.14694      46
 12.17916      46
 12.21138      46
 12.2436       46
 12.27582      46
 12.30804      46
 12.34026      46
 12.34026      47
 12.37248      47
 12.4047       47
 12.43692      47
 12.46914      47
 12.50136      47
 12.53358      47
 12.5658       47
 12.59802      47
 12.59802      48
 12.63024      48
 12.66246      48
 12.69468      48
 12.7269       48
 12.75912      48
 12.79134      48
 12.82356      48
 12.82356      49
 12.85578      49
 12.888        49
 12.92022      49
 12.95244      49
 13.01688      49
 13.01688      49
 13.0491       49
 13.08132      50
 13.11354      50
 13.14576      50
 13.17798      50
 13.2102       50
 13.24242      50
 13.27464      51
 13.27464      51
 13.30686      51
 13.33908      51
 13.3713       51
 13.40352      52
 13.43574      52
 13.46796      52
 13.50018      52
 13.50018      52
 13.5324       52
 13.56462      53
 13.59684      53
 13.62906      53
 13.66128      53
 13.6935       53
 13.6935       53
 13.72572      53
 13.75794      54
 13.79016      54
 13.82238      54
 13.8546       54
 13.88682      54
 13.91904      54
 13.91904      54
 13.95126      55
 13.98348      55
 14.0157       55
 14.04792      55
 14.08014      55
 14.11236      55
 14.14458      56
 14.14458      56
 14.1768       56
 14.20902      56
 14.24124      56
 14.27346      56
 14.30568      56
 14.3379       56
 14.3379       56
 14.37012      57
 14.40234      57
 14.43456      57
 14.46678      57
 14.499        57
 14.53122      57
 14.53122      57
 14.56344      57
 14.59566      57
 14.62788      57
 14.6601       57
 14.69232      58
 14.72454      58
 14.75676      58
 14.75676      58
 14.78898      58
 14.8212       58
 14.85342      58
 14.88564      58
 14.91786      59
 14.95008      59
 14.9823       59
 14.9823       59
 15.01452      59
 15.04674      59
 15.07896      59
 15.11118      59
 15.1434       59
 15.17562      59
 15.17562      59
 15.20784      59
 15.24006      60
 15.27228      60
 15.3045       60
 15.33672      60
 15.36894      60
 15.36894      60
 15.40116      60
 15.43338      60
 15.4656       60
 15.49782      60
 15.53004      61
 15.56226      61
 15.59448      61
 15.59448      61
 15.6267       61
 15.65892      61
 15.69114      61
 15.72336      61
 15.75558      62
 15.75558      62
 15.7878       62
 15.82002      62
 15.85224      62
 15.88446      62
 15.91668      62
 15.9489       62
 15.98112      62
 15.98112      63
 16.01334      63
 16.04556      63
 16.07778      63
 16.11         63
 16.14222      63
 16.17444      63
 16.17444      63
 16.20666      64
 16.2711       64
 16.30332      64
 16.33554      64
 16.36776      64
 16.36776      64
 16.39998      64
 16.4322       64
 16.46442      64
 16.49664      65
 16.52886      65
 16.56108      65
 16.56108      65
 16.5933       65
 16.62552      65
 16.65774      65
 16.68996      65
 16.72218      65
 16.72218      66
 16.7544       66
 16.78662      66
 16.81884      66
 16.85106      66
 16.88328      66
 16.9155       66
 16.9155       67
 16.94772      67
 16.97994      67
 17.01216      67
 17.04438      67
 17.0766       67
 17.0766       67
 17.10882      68
 17.14104      68
 17.17326      68
 17.20548      68
 17.2377       68
 17.26992      68
 17.26992      68
 17.30214      68
 17.33436      69
 17.36658      69
 17.3988       69
 17.43102      69
 17.46324      69
 17.46324      69
 17.49546      69
 17.52768      69
 17.5599       70
 17.59212      70
 17.62434      70
 17.65656      70
 17.65656      70
 17.68878      70
 17.721        70
 17.75322      70
 17.78544      71
 17.81766      71
 17.81766      71
 17.84988      71
 17.8821       71
 17.91432      71
 17.94654      71
 17.97876      71
 17.97876      71
 18.01098      71
 18.0432       72
 18.07542      72
 18.10764      72
 18.13986      72
 18.17208      72
 18.17208      72
 18.2043       72
 18.23652      72
 18.26874      73
 18.30096      73
 18.33318      73
 18.33318      73
 18.3654       73
 18.39762      73
 18.42984      73
 18.46206      73
 18.49428      74
 18.5265       74
 18.5265       74
 18.55872      74
 18.59094      74
 18.62316      74
 18.65538      74
 18.6876       74
 18.6876       75
 18.71982      75
 18.75204      75
 18.78426      75
 18.81648      75
 18.8487       75
 18.8487       75
 18.88092      76
 18.91314      76
 18.94536      76
 18.97758      76
 19.0098       76
 19.0098       76
 19.04202      76
 19.07424      77
 19.10646      77
 19.13868      77
 19.1709       77
 19.20312      77
 19.20312      77
 19.23534      77
 19.26756      77
 19.29978      77
 19.332        77
 19.36422      77
 19.36422      78
 19.39644      78
 19.42866      78
 19.46088      78
 19.52532      78
 19.52532      78
 19.55754      78
 19.58976      78
 19.62198      79
 19.6542       79
 19.68642      79
 19.68642      79
 19.71864      79
 19.75086      79
 19.78308      79
 19.8153       79
 19.84752      80
 19.84752      80
 19.87974      80
 19.91196      80
 19.94418      80
 19.9764       80
 20.00862      80
 20.00862      80
 20.04084      81
 20.07306      81
 20.10528      81
 20.1375       81
 20.16972      81
 20.16972      81
 20.20194      81
 20.23416      82
 20.26638      82
 20.2986       82
 20.33082      82
 20.33082      82
 20.36304      82
 20.39526      82
 20.42748      83
 20.4597       83
 20.49192      83
 20.49192      83
 20.52414      83
 20.55636      83
 20.58858      83
 20.6208       83
 20.65302      84
 20.65302      84
 20.68524      84
 20.71746      84
 20.74968      84
 20.7819       84
 20.7819       84
 20.81412      84
 20.84634      84
 20.87856      85
 20.91078      85
 20.943        93
 20.943        99
 20.97522      104
 21.00744      108
 21.03966      111
 21.07188      114
 21.1041       116
 21.1041       117
 21.13632      118
 21.16854      119
 21.20076      119
 21.23298      120
 21.2652       120
 21.2652       119
 21.29742      119
 21.32964      119
 21.36186      118
 21.39408      118
 21.39408      117
 21.4263       116
 21.45852      116
 21.49074      115
 21.52296      114
 21.55518      114
 21.55518      113
 21.5874       112
 21.61962      112
 21.65184      111
 21.68406      110
 21.71628      110
 21.71628      109
 21.7485       108
 21.78072      108
 21.81294      107
 21.84516      107
 21.84516      106
 21.87738      106
 21.9096       105
 21.94182      105
 21.97404      104
 22.00626      104
 22.00626      103
 22.03848      103
 22.0707       103
 22.10292      102
 22.13514      102
 22.13514      102
 22.16736      101
 22.19958      101
 22.2318       101
 22.26402      101
 22.29624      105
 22.29624      109
 22.32846      112
 22.36068      114
 22.3929       116
 22.42512      118
 22.42512      119
 22.45734      120
 22.48956      121
 22.52178      121
 22.554        122
 22.58622      122
 22.58622      122
 22.61844      121
 22.65066      121
 22.68288      121
 22.7151       121
 22.74732      120
 22.77954      120
 22.81176      120
 22.84398      120
 22.8762       120
 22.8762       119
 22.90842      119
 22.94064      119
 22.97286      118
 22.97286      118
 23.00508      117
 23.0373       117
 23.06952      116
 23.10174      116
 23.13396      115
 23.13396      115
 23.16618      114
 23.1984       114
 23.23062      114
 23.26284      114
 23.26284      113
 23.29506      113
 23.32728      112
 23.3595       112
 23.39172      111
 23.39172      111
 23.42394      110
 23.45616      110
 23.48838      109
 23.5206       109
 23.55282      109
 23.55282      108
 23.58504      108
 23.61726      108
 23.64948      107
 23.6817       107
 23.6817       107
 23.71392      107
 23.74614      106
 23.77836      106
 23.81058      106
 23.81058      106
 23.8428       106
 23.87502      106
 23.90724      106
 23.93946      105
 23.93946      105
 23.97168      105
 24.0039       105
 24.03612      105
 24.06834      105
 24.06834      105
 24.10056      105
 24.13278      105
 24.165        105
 24.19722      105
 24.19722      105
 24.22944      105
 24.26166      105
 24.29388      105
 24.3261       105
 24.3261       105
 24.35832      105
 24.39054      105
 24.42276      105
 24.45498      105
 24.45498      105
 24.4872       105
 24.51942      105
 24.55164      105
 24.58386      105
 24.58386      105
 24.61608      105
 24.6483       106
 24.68052      106
 24.71274      106
 24.71274      106
 24.74496      106
 24.77718      106
 24.8094       106
 24.84162      106
 24.87384      106
 24.87384      106
 24.90606      106
 24.93828      106
 24.9705       107
 24.9705       107
 25.00272      107
 25.03494      107
 25.06716      107
 25.09938      107
 25.09938      107
 25.1316       107
 25.16382      107
 25.19604      108
 25.22826      108
 25.22826      108
 25.26048      108
 25.2927       108
 25.32492      108
 25.35714      108
 25.35714      108
 25.38936      108
 25.42158      109
 25.4538       109
 25.48602      109
 25.48602      109
 25.51824      109
 25.55046      109
 25.58268      109
 25.6149       109
 25.6149       109
 25.64712      109
 25.67934      110
 25.71156      110
 25.74378      110
 25.74378      110
 25.776        110
 25.80822      110
 25.84044      110
 25.84044      110
 25.87266      110
 25.90488      110
 25.9371       110
 25.96932      110
 25.96932      110
 26.03376      110
 26.06598      110
 26.0982       110
 26.0982       110
 26.13042      110
 26.16264      111
 26.19486      111
 26.19486      111
 26.22708      111
 26.2593       111
 26.29152      111
 26.32374      111
 26.32374      112
 26.35596      112
 26.38818      112
 26.4204       112
 26.45262      112
 26.45262      112
 26.48484      112
 26.51706      113
 26.54928      113
 26.5815       113
 26.5815       113
 26.61372      113
 26.64594      113
 26.67816      113
 26.67816      114
 26.71038      114
 26.7426       114
 26.77482      114
 26.80704      114
 26.80704      114
 26.83926      114
 26.87148      114
 26.9037       115
 26.9037       116
 26.93592      117
 26.96814      125
 27.00036      135
 27.03258      143
 27.03258      150
 27.0648       155
 27.09702      160
 27.12924      163
 27.12924      166
 27.16146      168
 27.19368      169
 27.2259       170
 27.25812      171
 27.25812      171
 27.29034      170
 27.32256      170
 27.35478      169
 27.35478      168
 27.387        168
 27.41922      167
 27.45144      165
 27.48366      164
 27.48366      163
 27.51588      162
 27.5481       160
 27.58032      159
 27.58032      158
 27.61254      156
 27.64476      155
 27.67698      154
 27.7092       153
 27.7092       151
 27.74142      150
 27.77364      149
 27.80586      148
 27.80586      147
 27.83808      146
 27.8703       145
 27.90252      144
 27.90252      143
 27.93474      142
 27.96696      141
 27.99918      140
 27.99918      139
 28.0314       139
 28.06362      138
 28.09584      137
 28.12806      136
 28.12806      136
 28.16028      135
 28.1925       134
 28.22472      134
