 0             7
 0             7
 0             6
 0             6
 0             6
 0             5
 0             5
 0             4
 0             4
 0             3
 0             3
 0             3
 0             2
 3.222e-002    1
 6.444e-002    1
 9.666e-002    0
 9.666e-002    0
 0.12888       0
 0.1611        0
 0.19332       0
 0.19332       0
 0.22554       0
 0.25776       0
 0.28998       0
 0.3222        0
 0.35442       0
 0.38664       0
 0.41886       0
 0.41886       0
 0.45108       0
 0.4833        0
 0.51552       0
 0.54774       0
 0.57996       0
 0.61218       0
 0.6444        0
 0.67662       0
 0.67662       0
 0.70884       0
 0.74106       0
 0.77328       0
 0.8055        0
 0.83772       0
 0.86994       0
 0.90216       0
 0.93438       0
 0.9666        0
 0.9666        0
 0.99882       0
 1.03104       0
 1.06326       0
 1.09548       0
 1.1277        0
 1.15992       1
 1.19214       2
 1.22436       3
 1.25658       3
 1.2888        4
 1.32102       5
 1.32102       5
 1.38546       5
 1.38546       5
 1.41768       5
 1.4499        5
 1.48212       5
 1.51434       5
 1.54656       5
 1.57878       5
 1.611         5
 1.64322       5
 1.67544       5
 1.70766       5
 1.73988       5
 1.7721        4
 1.80432       4
 1.80432       4
 1.83654       4
 1.86876       4
 1.90098       4
 1.9332        4
 1.96542       4
 1.99764       4
 2.02986       4
 2.06208       4
 2.0943        4
 2.12652       4
 2.15874       4
 2.19096       4
 2.22318       4
 2.2554        4
 2.2554        4
 2.28762       4
 2.31984       4
 2.35206       4
 2.38428       5
 2.4165        5
 2.44872       6
 2.48094       10
 2.51316       13
 2.54538       16
 2.5776        18
 2.60982       20
 2.64204       21
 2.67426       23
 2.70648       24
 2.7387        24
 2.7387        25
 2.77092       25
 2.80314       25
 2.83536       26
 2.86758       26
 2.8998        26
 2.93202       25
 2.96424       25
 2.99646       25
 3.02868       25
 3.0609        24
 3.09312       24
 3.12534       23
 3.15756       23
 3.18978       23
 3.222         22
 3.25422       22
 3.28644       21
 3.31866       21
 3.35088       21
 3.3831        20
 3.41532       20
 3.44754       20
 3.47976       19
 3.51198       19
 3.5442        19
 3.57642       18
 3.60864       18
 3.64086       17
 3.64086       17
 3.67308       17
 3.7053        17
 3.73752       16
 3.76974       16
 3.80196       16
 3.83418       16
 3.8664        16
 3.89862       16
 3.93084       17
 3.96306       17
 3.99528       17
 4.0275        17
 4.05972       17
 4.09194       17
 4.09194       17
 4.12416       17
 4.15638       17
 4.1886        17
 4.22082       16
 4.25304       16
 4.28526       16
 4.31748       16
 4.3497        16
 4.38192       16
 4.41414       16
 4.44636       16
 4.47858       16
 4.5108        16
 4.5108        16
 4.54302       16
 4.57524       16
 4.60746       16
 4.63968       16
 4.6719        16
 4.70412       16
 4.73634       16
 4.76856       16
 4.80078       16
 4.833         16
 4.86522       16
 4.89744       16
 4.92966       16
 4.92966       17
 4.96188       17
 4.9941        17
 5.02632       17
 5.05854       17
 5.09076       17
 5.12298       17
 5.1552        17
 5.18742       17
 5.21964       17
 5.25186       17
 5.28408       17
 5.28408       17
 5.3163        17
 5.34852       17
 5.38074       18
 5.41296       18
 5.44518       18
 5.4774        18
 5.50962       18
 5.54184       18
 5.57406       18
 5.60628       18
 5.6385        18
 5.67072       19
 5.70294       19
 5.70294       19
 5.73516       19
 5.76738       19
 5.7996        19
 5.83182       20
 5.86404       20
 5.89626       20
 5.92848       21
 5.9607        21
 5.99292       21
 6.02514       21
 6.05736       22
 6.08958       22
 6.08958       22
 6.1218        22
 6.15402       22
 6.18624       22
 6.21846       23
 6.25068       23
 6.2829        23
 6.31512       23
 6.34734       23
 6.37956       23
 6.41178       23
 6.444         23
 6.444         24
 6.50844       24
 6.54066       24
 6.57288       24
 6.6051        24
 6.63732       24
 6.66954       24
 6.70176       24
 6.73398       24
 6.73398       24
 6.7662        24
 6.79842       25
 6.83064       25
 6.86286       25
 6.89508       25
 6.9273        25
 6.95952       25
 6.99174       25
 7.02396       25
 7.05618       25
 7.0884        26
 7.12062       26
 7.12062       26
 7.15284       26
 7.18506       26
 7.21728       26
 7.2495        26
 7.28172       26
 7.31394       27
 7.34616       27
 7.37838       27
 7.4106        27
 7.44282       27
 7.44282       28
 7.47504       28
 7.50726       28
 7.53948       28
 7.5717        29
 7.60392       29
 7.63614       29
 7.66836       29
 7.70058       29
 7.7328        30
 7.76502       30
 7.76502       30
 7.79724       30
 7.82946       30
 7.86168       30
 7.8939        30
 7.92612       30
 7.95834       31
 7.99056       31
 8.02278       31
 8.055         31
 8.08722       31
 8.08722       31
 8.11944       31
 8.15166       31
 8.18388       31
 8.2161        31
 8.24832       34
 8.28054       37
 8.31276       39
 8.34498       41
 8.3772        43
 8.40942       44
 8.40942       45
 8.44164       46
 8.47386       46
 8.50608       47
 8.5383        47
 8.57052       47
 8.60274       48
 8.63496       48
 8.66718       48
 8.6994        48
 8.6994        48
 8.73162       48
 8.76384       47
 8.79606       47
 8.82828       47
 8.8605        47
 8.89272       47
 8.92494       46
 8.95716       46
 8.98938       46
 9.0216        46
 9.0216        45
 9.05382       45
 9.08604       45
 9.11826       45
 9.15048       44
 9.1827        44
 9.21492       44
 9.24714       44
 9.27936       44
 9.31158       44
 9.31158       43
 9.3438        43
 9.37602       43
 9.40824       43
 9.44046       42
 9.47268       42
 9.5049        42
 9.53712       41
 9.56934       41
 9.60156       41
 9.60156       41
 9.63378       41
 9.666         41
 9.69822       41
 9.76266       41
 9.79488       41
 9.8271        41
 9.85932       41
 9.85932       41
 9.89154       41
 9.92376       41
 9.95598       41
 9.9882        41
 10.02042      41
 10.05264      41
 10.08486      41
 10.11708      41
 10.1493       41
 10.1493       41
 10.18152      42
 10.21374      42
 10.24596      42
 10.27818      42
 10.3104       43
 10.34262      42
 10.37484      41
 10.40706      47
 10.40706      54
 10.43928      59
 10.4715       64
 10.50372      68
 10.53594      70
 10.56816      73
 10.60038      75
 10.6326       76
 10.66482      78
 10.69704      79
 10.69704      80
 10.72926      81
 10.76148      84
 10.7937       88
 10.82592      91
 10.85814      94
 10.89036      96
 10.92258      99
 10.9548       102
 10.9548       105
 10.98702      106
 11.01924      107
 11.05146      107
 11.08368      107
 11.1159       107
 11.14812      106
 11.18034      106
 11.21256      104
 11.21256      103
 11.24478      102
 11.277        101
 11.30922      98
 11.34144      97
 11.37366      95
 11.40588      94
 11.4381       92
 11.47032      91
 11.47032      90
 11.50254      88
 11.53476      87
 11.56698      85
 11.5992       84
 11.63142      82
 11.66364      81
 11.69586      79
 11.72808      78
 11.72808      76
 11.7603       75
 11.79252      74
 11.82474      73
 11.85696      72
 11.88918      71
 11.9214       70
 11.95362      70
 11.98584      71
 12.01806      71
 12.01806      71
 12.05028      71
 12.0825       70
 12.11472      70
 12.14694      70
 12.17916      70
 12.21138      70
 12.2436       70
 12.2436       69
 12.27582      69
 12.30804      69
 12.34026      68
 12.37248      68
 12.4047       68
 12.43692      67
 12.46914      67
 12.50136      67
 12.50136      66
 12.53358      66
 12.5658       66
 12.59802      66
 12.63024      65
 12.66246      65
 12.69468      65
 12.7269       65
 12.75912      64
 12.75912      64
 12.79134      64
 12.82356      63
 12.85578      63
 12.888        63
 12.92022      63
 12.95244      63
 12.98466      63
 13.01688      62
 13.0491       62
 13.08132      62
 13.11354      62
 13.14576      62
 13.17798      62
 13.2102       62
 13.2102       62
 13.24242      61
 13.27464      61
 13.30686      61
 13.33908      61
 13.3713       61
 13.40352      61
 13.43574      61
 13.46796      61
 13.46796      61
 13.50018      61
 13.5324       61
 13.56462      62
 13.59684      62
 13.62906      62
 13.66128      62
 13.6935       62
 13.6935       62
 13.72572      62
 13.75794      62
 13.79016      62
 13.82238      62
 13.8546       62
 13.88682      62
 13.91904      62
 13.91904      62
 13.95126      62
 13.98348      62
 14.0157       62
 14.04792      62
 14.08014      62
 14.11236      62
 14.14458      63
 14.14458      63
 14.1768       63
 14.20902      63
 14.24124      63
 14.27346      63
 14.30568      63
 14.3379       63
 14.3379       63
 14.37012      64
 14.40234      64
 14.43456      64
 14.46678      64
 14.499        64
 14.53122      64
 14.56344      64
 14.56344      64
 14.59566      65
 14.62788      65
 14.6601       65
 14.69232      65
 14.72454      65
 14.75676      65
 14.75676      66
 14.78898      66
 14.8212       66
 14.85342      66
 14.88564      66
 14.91786      66
 14.95008      66
 14.9823       67
 14.9823       67
 15.01452      67
 15.04674      67
 15.07896      68
 15.11118      68
 15.1434       68
 15.17562      68
 15.20784      68
 15.20784      68
 15.24006      69
 15.27228      69
 15.3045       69
 15.33672      69
 15.36894      69
 15.40116      70
 15.40116      70
 15.43338      70
 15.4656       70
 15.49782      70
 15.53004      71
 15.56226      71
 15.59448      71
 15.59448      71
 15.6267       71
 15.65892      72
 15.69114      72
 15.72336      72
 15.75558      72
 15.7878       72
 15.7878       72
 15.82002      73
 15.85224      73
 15.88446      73
 15.91668      73
 15.9489       73
 15.98112      74
 16.01334      74
 16.01334      74
 16.04556      75
 16.07778      75
 16.11         75
 16.14222      76
 16.17444      76
 16.20666      76
 16.23888      77
 16.2711       77
 16.30332      77
 16.33554      78
 16.36776      78
 16.39998      78
 16.39998      79
 16.4322       79
 16.46442      79
 16.49664      80
 16.52886      80
 16.56108      80
 16.5933       80
 16.5933       81
 16.62552      81
 16.65774      81
 16.68996      81
 16.72218      81
 16.7544       81
 16.78662      82
 16.78662      82
 16.81884      82
 16.85106      82
 16.88328      82
 16.9155       82
 16.94772      82
 16.94772      83
 16.97994      83
 17.01216      83
 17.04438      83
 17.0766       83
 17.10882      83
 17.14104      83
 17.14104      83
 17.17326      83
 17.20548      83
 17.2377       83
 17.26992      83
 17.30214      82
 17.33436      82
 17.33436      82
 17.36658      82
 17.3988       82
 17.43102      83
 17.46324      84
 17.49546      86
 17.52768      87
 17.52768      88
 17.5599       89
 17.59212      90
 17.62434      90
 17.65656      91
 17.68878      91
 17.721        91
 17.721        91
 17.75322      91
 17.78544      91
 17.81766      91
 17.84988      91
 17.8821       91
 17.8821       91
 17.91432      91
 17.94654      91
 17.97876      91
 18.01098      91
 18.0432       91
 18.07542      91
 18.07542      91
 18.10764      90
 18.13986      90
 18.17208      90
 18.2043       90
 18.23652      90
 18.23652      90
 18.26874      90
 18.30096      90
 18.33318      90
 18.3654       89
 18.39762      89
 18.42984      89
 18.42984      89
 18.46206      89
 18.49428      89
 18.5265       89
 18.55872      89
 18.59094      89
 18.62316      88
 18.62316      89
 18.65538      88
 18.6876       88
 18.71982      88
 18.75204      88
 18.75204      88
 18.78426      88
 18.81648      88
 18.8487       88
 18.88092      88
 18.91314      88
 18.94536      88
 18.94536      88
 18.97758      88
 19.0098       88
 19.04202      88
 19.07424      88
 19.10646      88
 19.13868      88
 19.13868      88
 19.1709       88
 19.20312      88
 19.23534      88
 19.26756      88
 19.29978      89
 19.332        89
 19.332        89
 19.36422      89
 19.39644      89
 19.42866      89
 19.46088      90
 19.4931       90
 19.52532      91
 19.55754      92
 19.58976      92
 19.62198      92
 19.6542       93
 19.6542       93
 19.68642      93
 19.71864      93
 19.75086      94
 19.78308      94
 19.8153       94
 19.8153       94
 19.84752      95
 19.87974      95
 19.91196      95
 19.94418      95
 19.9764       95
 19.9764       95
 20.00862      95
 20.04084      95
 20.07306      96
 20.10528      96
 20.1375       96
 20.16972      96
 20.16972      96
 20.20194      97
 20.23416      97
 20.26638      97
 20.2986       97
 20.33082      97
 20.33082      97
 20.36304      98
 20.39526      98
 20.42748      98
 20.4597       98
 20.4597       98
 20.49192      99
 20.52414      99
 20.55636      99
 20.58858      99
 20.6208       100
 20.65302      100
 20.65302      101
 20.68524      101
 20.71746      101
 20.74968      102
 20.7819       102
 20.7819       102
 20.81412      102
 20.84634      102
 20.87856      103
 20.91078      103
 20.943        103
 20.943        104
 20.97522      104
 21.00744      104
 21.03966      104
 21.07188      105
 21.1041       105
 21.1041       105
 21.13632      105
 21.16854      106
 21.20076      106
 21.23298      106
 21.2652       106
 21.2652       107
 21.29742      107
 21.32964      107
 21.36186      107
 21.39408      108
 21.4263       108
 21.4263       108
 21.45852      108
 21.49074      108
 21.52296      109
 21.55518      109
 21.55518      109
 21.5874       109
 21.61962      109
 21.65184      109
 21.68406      109
 21.71628      110
 21.71628      110
 21.7485       110
 21.78072      110
 21.81294      110
 21.84516      110
 21.87738      110
 21.87738      110
 21.9096       110
 21.94182      110
 21.97404      110
 22.00626      110
 22.00626      110
 22.03848      110
 22.0707       110
 22.10292      110
 22.13514      110
 22.16736      111
 22.16736      111
 22.19958      110
 22.2318       111
 22.26402      111
 22.29624      111
 22.32846      111
 22.32846      111
 22.36068      111
 22.3929       111
 22.42512      111
 22.45734      111
 22.45734      111
 22.48956      111
 22.52178      111
 22.554        111
 22.58622      111
 22.61844      111
 22.61844      111
 22.65066      111
 22.68288      111
 22.7151       111
 22.74732      111
 22.77954      111
 22.81176      111
 22.84398      111
 22.8762       111
 22.8762       111
 22.90842      111
 22.94064      112
 22.97286      112
 23.00508      112
 23.0373       112
 23.0373       112
 23.06952      112
 23.10174      112
 23.13396      112
 23.16618      112
 23.16618      112
 23.1984       112
 23.23062      112
 23.26284      112
 23.29506      112
 23.29506      112
 23.32728      112
 23.3595       112
 23.39172      112
 23.42394      112
 23.45616      113
 23.45616      113
 23.48838      113
 23.5206       113
 23.55282      113
 23.58504      113
 23.58504      113
 23.61726      113
 23.64948      113
 23.6817       113
 23.71392      113
 23.71392      113
 23.74614      114
 23.77836      114
 23.81058      114
 23.8428       114
 23.8428       114
 23.87502      114
 23.90724      114
 23.93946      114
 23.97168      115
 23.97168      115
 24.0039       115
 24.03612      116
 24.06834      116
 24.10056      116
 24.10056      116
 24.13278      116
 24.165        117
 24.19722      117
 24.22944      117
 24.26166      117
 24.26166      117
 24.29388      117
 24.3261       118
 24.35832      118
 24.39054      118
 24.39054      118
 24.42276      118
 24.45498      118
 24.4872       118
 24.51942      118
 24.51942      119
 24.55164      119
 24.58386      119
 24.61608      119
 24.6483       119
 24.6483       119
 24.68052      120
 24.71274      120
 24.74496      120
 24.77718      120
 24.77718      120
 24.8094       121
 24.84162      121
 24.87384      121
 24.90606      121
 24.90606      121
 24.93828      122
 24.9705       122
 25.00272      122
 25.03494      122
 25.03494      123
 25.06716      123
 25.09938      123
 25.1316       123
 25.1316       123
 25.16382      124
 25.19604      124
 25.22826      124
 25.26048      124
 25.26048      125
 25.2927       125
 25.32492      125
 25.35714      125
 25.38936      126
 25.38936      126
 25.42158      126
 25.4538       126
 25.48602      127
 25.51824      127
 25.51824      127
 25.55046      127
 25.58268      128
 25.6149       128
 25.64712      128
 25.64712      129
 25.67934      129
 25.71156      129
 25.74378      130
 25.776        130
 25.776        130
 25.80822      131
 25.84044      131
 25.87266      131
 25.90488      131
 25.90488      132
 25.9371       132
 25.96932      132
 26.03376      132
 26.03376      133
 26.06598      133
 26.0982       133
 26.13042      133
 26.16264      134
 26.16264      134
 26.19486      134
 26.22708      134
 26.2593       135
 26.2593       135
 26.29152      136
 26.32374      136
 26.35596      136
 26.38818      137
 26.38818      137
 26.4204       137
 26.45262      138
 26.48484      139
 26.51706      139
 26.51706      140
 26.54928      140
 26.5815       140
 26.61372      142
 26.61372      143
 26.64594      144
 26.67816      145
 26.71038      146
 26.7426       146
 26.7426       147
 26.77482      147
 26.80704      147
 26.83926      148
 26.87148      148
 26.87148      148
 26.9037       148
 26.93592      148
 26.96814      148
 26.96814      147
 27.00036      147
 27.03258      147
 27.0648       147
 27.09702      147
 27.09702      146
 27.12924      146
 27.16146      146
 27.19368      146
 27.19368      146
 27.2259       145
 27.25812      145
 27.29034      145
 27.32256      144
 27.32256      144
 27.35478      144
 27.387        144
 27.41922      144
 27.45144      143
 27.45144      143
 27.48366      143
 27.51588      143
 27.5481       143
 27.5481       142
 27.58032      142
 27.61254      142
 27.64476      142
 27.64476      141
 27.67698      141
 27.7092       141
 27.74142      141
 27.77364      141
 27.77364      140
 27.80586      140
 27.83808      140
 27.8703       140
 27.8703       141
 27.90252      142
 27.93474      142
 27.96696      142
 27.99918      142
 27.99918      143
 28.0314       143
 28.06362      143
 28.09584      143
 28.09584      143
 28.12806      143
 28.16028      143
 28.1925       143
 28.1925       143
 28.22472      143
 28.25694      143
 28.28916      143
 28.28916      142
 28.32138      142
