 0             0
 0             0
 0             0
 0             0
 0             0
 0             0
 0             0
 0             0
 0             0
 0             0
 0             0
 0             0
 0             0
 0             0
 3.222e-002    0
 3.222e-002    0
 6.444e-002    0
 9.666e-002    0
 0.12888       0
 0.1611        0
 0.1611        0
 0.19332       0
 0.22554       0
 0.25776       0
 0.28998       0
 0.3222        0
 0.3222        0
 0.35442       0
 0.38664       0
 0.41886       0
 0.45108       0
 0.4833        0
 0.51552       0
 0.54774       0
 0.54774       0
 0.57996       0
 0.61218       0
 0.6444        0
 0.67662       0
 0.70884       0
 0.74106       0
 0.77328       0
 0.8055        0
 0.8055        0
 0.83772       0
 0.86994       0
 0.90216       0
 0.93438       0
 0.9666        0
 0.99882       0
 1.03104       0
 1.06326       0
 1.09548       0
 1.1277        0
 1.1277        0
 1.15992       0
 1.19214       0
 1.22436       0
 1.25658       0
 1.2888        0
 1.32102       0
 1.35324       0
 1.38546       0
 1.41768       0
 1.4499        0
 1.48212       0
 1.48212       0
 1.51434       0
 1.54656       0
 1.57878       0
 1.611         0
 1.64322       0
 1.67544       0
 1.70766       0
 1.73988       0
 1.7721        0
 1.80432       0
 1.83654       0
 1.86876       0
 1.86876       0
 1.90098       0
 1.9332        0
 1.96542       0
 1.99764       0
 2.02986       0
 2.06208       0
 2.0943        0
 2.12652       0
 2.15874       0
 2.19096       0
 2.22318       0
 2.2554        0
 2.2554        0
 2.28762       0
 2.31984       0
 2.35206       0
 2.38428       0
 2.4165        0
 2.44872       0
 2.48094       0
 2.51316       0
 2.54538       0
 2.5776        0
 2.60982       0
 2.60982       0
 2.64204       0
 2.67426       0
 2.70648       0
 2.7387        0
 2.77092       0
 2.80314       0
 2.83536       0
 2.86758       0
 2.8998        0
 2.93202       0
 2.96424       0
 2.99646       0
 2.99646       0
 3.02868       0
 3.0609        0
 3.09312       0
 3.12534       0
 3.15756       0
 3.18978       0
 3.25422       0
 3.28644       0
 3.31866       0
 3.31866       0
 3.35088       0
 3.3831        0
 3.41532       0
 3.44754       0
 3.47976       0
 3.51198       0
 3.5442        0
 3.57642       0
 3.60864       0
 3.64086       0
 3.67308       0
 3.7053        0
 3.7053        0
 3.73752       0
 3.76974       0
 3.80196       0
 3.83418       0
 3.8664        0
 3.89862       0
 3.93084       0
 3.96306       0
 3.99528       0
 4.0275        0
 4.0275        0
 4.05972       0
 4.09194       0
 4.12416       0
 4.15638       0
 4.1886        0
 4.22082       0
 4.25304       0
 4.28526       0
 4.31748       0
 4.3497        0
 4.38192       0
 4.38192       0
 4.41414       0
 4.44636       0
 4.47858       0
 4.5108        0
 4.54302       0
 4.57524       0
 4.60746       0
 4.63968       0
 4.6719        0
 4.70412       0
 4.70412       0
 4.73634       0
 4.76856       0
 4.80078       0
 4.833         0
 4.86522       0
 4.89744       0
 4.92966       0
 4.96188       0
 4.9941        0
 5.02632       0
 5.02632       1
 5.05854       5
 5.09076       9
 5.12298       12
 5.1552        15
 5.18742       17
 5.21964       18
 5.25186       19
 5.28408       20
 5.3163        21
 5.34852       21
 5.34852       21
 5.38074       21
 5.41296       20
 5.44518       20
 5.4774        19
 5.50962       18
 5.54184       17
 5.57406       16
 5.60628       16
 5.6385        15
 5.67072       14
 5.67072       13
 5.70294       12
 5.73516       11
 5.76738       11
 5.7996        10
 5.83182       9
 5.86404       8
 5.89626       7
 5.92848       7
 5.9607        6
 5.99292       5
 5.99292       5
 6.02514       4
 6.05736       3
 6.08958       3
 6.1218        2
 6.15402       2
 6.18624       1
 6.21846       1
 6.25068       0
 6.2829        0
 6.2829        0
 6.31512       0
 6.34734       0
 6.37956       0
 6.41178       0
 6.444         0
 6.50844       0
 6.54066       0
 6.54066       0
 6.57288       0
 6.6051        0
 6.63732       0
 6.66954       0
 6.70176       0
 6.73398       0
 6.7662        0
 6.79842       0
 6.83064       0
 6.83064       0
 6.86286       0
 6.89508       0
 6.9273        0
 6.95952       0
 6.99174       0
 7.02396       0
 7.05618       0
 7.0884        0
 7.12062       0
 7.12062       0
 7.15284       0
 7.18506       0
 7.21728       0
 7.2495        0
 7.28172       0
 7.31394       0
 7.34616       0
 7.37838       0
 7.4106        0
 7.4106        0
 7.44282       0
 7.47504       0
 7.50726       0
 7.53948       0
 7.5717        0
 7.60392       0
 7.63614       0
 7.66836       0
 7.70058       0
 7.70058       0
 7.7328        0
 7.76502       0
 7.79724       0
 7.82946       0
 7.86168       0
 7.8939        0
 7.92612       0
 7.95834       0
 7.95834       0
 7.99056       0
 8.02278       0
 8.055         0
 8.08722       0
 8.11944       0
 8.15166       0
 8.18388       0
 8.2161        0
 8.2161        0
 8.24832       0
 8.28054       0
 8.31276       0
 8.34498       0
 8.3772        0
 8.40942       0
 8.44164       0
 8.47386       0
 8.47386       0
 8.50608       0
 8.5383        0
 8.57052       0
 8.60274       0
 8.63496       0
 8.66718       0
 8.6994        0
 8.73162       0
 8.76384       0
 8.76384       0
 8.79606       1
 8.82828       1
 8.8605        1
 8.89272       1
 8.92494       1
 8.95716       1
 8.98938       2
 8.98938       2
 9.0216        2
 9.05382       2
 9.08604       2
 9.11826       2
 9.15048       2
 9.1827        2
 9.21492       3
 9.24714       3
 9.24714       3
 9.27936       3
 9.31158       3
 9.3438        3
 9.37602       3
 9.40824       3
 9.44046       3
 9.47268       4
 9.5049        4
 9.5049        4
 9.53712       4
 9.56934       4
 9.60156       4
 9.63378       4
 9.666         4
 9.69822       5
 9.73044       5
 9.76266       5
 9.79488       5
 9.8271        5
 9.85932       5
 9.89154       5
 9.92376       5
 9.95598       5
 9.9882        6
 9.9882        6
 10.02042      6
 10.05264      6
 10.08486      6
 10.11708      6
 10.1493       6
 10.18152      6
 10.21374      7
 10.24596      7
 10.24596      7
 10.27818      7
 10.3104       7
 10.34262      7
 10.37484      8
 10.40706      8
 10.43928      8
 10.43928      8
 10.4715       8
 10.50372      8
 10.53594      8
 10.56816      8
 10.60038      9
 10.6326       9
 10.66482      9
 10.69704      9
 10.69704      9
 10.72926      9
 10.76148      10
 10.7937       10
 10.82592      10
 10.85814      10
 10.89036      11
 10.92258      11
 10.92258      11
 10.9548       11
 10.98702      12
 11.01924      12
 11.05146      12
 11.08368      13
 11.1159       13
 11.14812      13
 11.14812      14
 11.18034      14
 11.21256      15
 11.24478      15
 11.277        15
 11.30922      16
 11.34144      17
 11.37366      17
 11.37366      18
 11.40588      18
 11.4381       19
 11.47032      19
 11.50254      20
 11.53476      20
 11.56698      22
 11.5992       24
 11.5992       25
 11.63142      27
 11.66364      28
 11.69586      29
 11.72808      30
 11.7603       30
 11.79252      31
 11.82474      31
 11.82474      32
 11.85696      32
 11.88918      33
 11.9214       33
 11.95362      33
 11.98584      33
 12.01806      33
 12.01806      34
 12.05028      34
 12.0825       34
 12.11472      34
 12.14694      34
 12.17916      34
 12.21138      34
 12.2436       34
 12.2436       34
 12.27582      34
 12.30804      34
 12.34026      34
 12.37248      34
 12.4047       34
 12.43692      34
 12.43692      34
 12.46914      38
 12.50136      41
 12.53358      44
 12.5658       47
 12.59802      49
 12.63024      50
 12.66246      52
 12.66246      52
 12.69468      53
 12.7269       53
 12.75912      54
 12.79134      54
 12.82356      54
 12.85578      53
 12.888        53
 12.888        53
 12.92022      52
 12.95244      52
 13.01688      51
 13.0491       51
 13.08132      50
 13.08132      50
 13.11354      49
 13.14576      49
 13.17798      48
 13.2102       47
 13.24242      47
 13.27464      46
 13.30686      46
 13.30686      45
 13.33908      44
 13.3713       44
 13.40352      43
 13.43574      43
 13.46796      42
 13.50018      42
 13.50018      41
 13.5324       41
 13.56462      40
 13.59684      40
 13.62906      39
 13.66128      39
 13.6935       38
 13.6935       38
 13.72572      38
 13.75794      37
 13.79016      37
 13.82238      36
 13.8546       36
 13.88682      36
 13.88682      36
 13.91904      35
 13.95126      35
 13.98348      35
 14.0157       34
 14.04792      34
 14.08014      34
 14.08014      34
 14.11236      33
 14.14458      33
 14.1768       33
 14.20902      33
 14.24124      33
 14.27346      32
 14.27346      32
 14.30568      32
 14.3379       32
 14.37012      32
 14.40234      32
 14.43456      31
 14.46678      31
 14.46678      31
 14.499        31
 14.53122      31
 14.56344      31
 14.59566      31
 14.62788      31
 14.6601       31
 14.6601       31
 14.69232      31
 14.72454      31
 14.75676      31
 14.78898      31
 14.8212       30
 14.85342      31
 14.85342      30
 14.88564      30
 14.91786      30
 14.95008      30
 14.9823       30
 15.01452      30
 15.01452      30
 15.04674      30
 15.07896      30
 15.11118      30
 15.1434       31
 15.17562      31
 15.20784      31
 15.20784      31
 15.24006      31
 15.27228      31
 15.3045       31
 15.33672      31
 15.36894      32
 15.40116      32
 15.40116      32
 15.43338      32
 15.4656       33
 15.49782      33
 15.53004      33
 15.56226      33
 15.59448      33
 15.59448      33
 15.6267       34
 15.65892      34
 15.69114      34
 15.72336      35
 15.75558      35
 15.75558      35
 15.7878       35
 15.82002      36
 15.85224      36
 15.88446      37
 15.91668      37
 15.9489       38
 15.9489       38
 15.98112      39
 16.01334      40
 16.04556      40
 16.07778      41
 16.11         42
 16.11         42
 16.14222      43
 16.17444      44
 16.20666      44
 16.2711       45
 16.2711       46
 16.30332      46
 16.33554      47
 16.36776      48
 16.39998      48
 16.4322       49
 16.46442      50
 16.46442      50
 16.49664      51
 16.52886      52
 16.56108      52
 16.5933       53
 16.62552      54
 16.62552      55
 16.65774      56
 16.68996      56
 16.72218      57
 16.7544       57
 16.78662      58
 16.78662      58
 16.81884      59
 16.85106      60
 16.88328      60
 16.9155       61
 16.94772      62
 16.97994      62
 16.97994      63
 17.01216      63
 17.04438      64
 17.0766       64
 17.10882      65
 17.14104      65
 17.14104      65
 17.17326      66
 17.20548      66
 17.2377       66
 17.26992      66
 17.30214      66
 17.30214      67
 17.33436      67
 17.36658      67
 17.3988       67
 17.43102      67
 17.46324      67
 17.46324      67
 17.49546      67
 17.52768      67
 17.5599       67
 17.59212      67
 17.62434      67
 17.65656      67
 17.65656      67
 17.68878      67
 17.721        66
 17.75322      66
 17.78544      66
 17.81766      66
 17.81766      66
 17.84988      66
 17.8821       66
 17.91432      65
 17.94654      65
 17.94654      65
 17.97876      65
 18.01098      65
 18.0432       65
 18.07542      64
 18.10764      64
 18.13986      64
 18.13986      64
 18.17208      64
 18.2043       63
 18.23652      63
 18.26874      63
 18.30096      63
 18.30096      63
 18.33318      62
 18.3654       62
 18.39762      62
 18.42984      62
 18.46206      61
 18.46206      61
 18.49428      61
 18.5265       61
 18.55872      60
 18.59094      60
 18.62316      60
 18.62316      60
 18.65538      59
 18.6876       59
 18.71982      59
 18.75204      59
 18.75204      59
 18.78426      58
 18.81648      58
 18.8487       58
 18.88092      58
 18.91314      57
 18.91314      57
 18.94536      57
 18.97758      57
 19.0098       57
 19.04202      57
 19.07424      56
 19.07424      56
 19.10646      56
 19.13868      56
 19.1709       56
 19.20312      56
 19.23534      56
 19.23534      55
 19.26756      55
 19.29978      56
 19.332        55
 19.36422      56
 19.39644      56
 19.39644      55
 19.42866      55
 19.46088      55
 19.52532      55
 19.52532      55
 19.55754      55
 19.58976      55
 19.62198      55
 19.6542       55
 19.68642      55
 19.68642      55
 19.71864      55
 19.75086      55
 19.78308      55
 19.8153       55
 19.8153       55
 19.84752      55
 19.87974      55
 19.91196      55
 19.94418      55
 19.9764       55
 19.9764       55
 20.00862      55
 20.04084      55
 20.07306      55
 20.10528      55
 20.1375       55
 20.1375       55
 20.16972      55
 20.20194      55
 20.23416      56
 20.26638      56
 20.26638      56
 20.2986       56
 20.33082      56
 20.36304      56
 20.39526      57
 20.42748      57
 20.42748      57
 20.4597       57
 20.49192      58
 20.52414      58
 20.55636      58
 20.55636      58
 20.58858      59
 20.6208       59
 20.65302      59
 20.68524      60
 20.71746      60
 20.71746      60
 20.74968      61
 20.7819       61
 20.81412      62
 20.84634      62
 20.84634      63
 20.87856      64
 20.91078      64
 20.943        65
 20.97522      65
 21.00744      66
 21.00744      67
 21.03966      70
 21.07188      73
 21.1041       76
 21.13632      78
 21.13632      79
 21.16854      81
 21.20076      82
 21.23298      84
 21.2652       85
 21.2652       86
 21.29742      86
 21.32964      87
 21.36186      88
 21.39408      88
 21.4263       89
 21.4263       89
 21.45852      90
 21.49074      90
 21.52296      90
 21.55518      91
 21.55518      92
 21.5874       92
 21.61962      93
 21.65184      93
 21.68406      94
 21.71628      94
 21.71628      94
 21.7485       95
 21.78072      95
 21.81294      95
 21.84516      95
 21.84516      96
 21.87738      96
 21.9096       96
 21.94182      96
 21.97404      96
 21.97404      97
 22.00626      97
 22.03848      97
 22.0707       97
 22.10292      97
 22.10292      97
 22.13514      97
 22.16736      97
 22.19958      97
 22.2318       98
 22.2318       97
 22.26402      98
 22.29624      98
 22.32846      97
 22.36068      97
 22.36068      97
 22.3929       97
 22.42512      97
 22.45734      97
 22.48956      97
 22.52178      97
 22.52178      97
 22.554        97
 22.58622      97
 22.61844      97
 22.65066      97
 22.65066      97
 22.68288      96
 22.7151       96
 22.74732      96
 22.77954      96
 22.81176      95
 22.84398      95
 22.8762       95
 22.8762       95
 22.90842      94
 22.94064      94
 22.97286      93
 23.00508      93
 23.0373       93
 23.0373       92
 23.06952      92
 23.10174      92
 23.13396      91
 23.16618      91
 23.16618      90
 23.1984       90
 23.23062      90
 23.26284      89
 23.29506      89
 23.29506      89
 23.32728      88
 23.3595       88
 23.39172      88
 23.39172      87
 23.42394      87
 23.45616      87
 23.48838      86
 23.5206       86
 23.55282      86
 23.55282      85
 23.58504      85
 23.61726      85
 23.64948      85
 23.64948      84
 23.6817       84
 23.71392      84
 23.74614      84
 23.77836      84
 23.81058      83
 23.81058      83
 23.8428       83
 23.87502      83
 23.90724      83
 23.90724      82
 23.93946      82
 23.97168      82
 24.0039       82
 24.03612      82
 24.03612      82
 24.06834      81
 24.10056      81
 24.13278      81
 24.165        81
 24.165        81
 24.19722      81
 24.22944      81
 24.26166      81
 24.29388      81
 24.29388      80
 24.3261       80
 24.35832      80
 24.39054      80
 24.39054      80
 24.42276      80
 24.45498      80
 24.4872       80
 24.51942      80
 24.51942      80
 24.55164      80
 24.58386      80
 24.61608      79
 24.6483       79
 24.6483       79
 24.68052      79
 24.71274      78
 24.74496      78
 24.74496      78
 24.77718      78
 24.8094       78
 24.84162      78
 24.87384      78
 24.87384      78
 24.90606      78
 24.93828      78
 24.9705       78
 25.00272      78
 25.00272      79
 25.03494      80
 25.06716      80
 25.09938      81
 25.09938      82
 25.1316       82
 25.16382      82
 25.19604      83
 25.22826      83
 25.22826      83
 25.26048      84
 25.2927       84
 25.32492      84
 25.35714      84
 25.35714      85
 25.38936      85
 25.42158      85
 25.4538       85
 25.4538       86
 25.48602      86
 25.51824      86
 25.55046      87
 25.58268      87
 25.58268      87
 25.6149       88
 25.64712      88
 25.67934      88
 25.71156      89
 25.71156      89
 25.74378      89
 25.776        90
 25.80822      90
 25.80822      91
 25.84044      91
 25.87266      92
 25.90488      92
 25.90488      93
 25.9371       93
 25.96932      94
 26.03376      94
 26.03376      95
 26.06598      96
 26.0982       96
 26.13042      97
 26.16264      98
 26.16264      98
 26.19486      99
 26.22708      99
 26.2593       100
 26.29152      101
 26.29152      101
 26.32374      102
 26.35596      102
 26.38818      103
 26.38818      103
 26.4204       104
 26.45262      104
 26.48484      105
 26.51706      106
 26.51706      106
 26.54928      106
 26.5815       106
 26.61372      106
 26.61372      106
 26.64594      106
 26.67816      106
 26.71038      106
 26.71038      107
 26.7426       107
 26.77482      108
 26.80704      108
 26.83926      109
 26.83926      109
 26.87148      110
 26.9037       111
 26.93592      111
 26.93592      112
 26.96814      112
 27.00036      113
 27.03258      113
 27.03258      114
 27.0648       114
 27.09702      114
 27.12924      115
 27.12924      115
 27.16146      115
 27.19368      116
 27.2259       116
 27.25812      116
 27.25812      116
 27.29034      117
 27.32256      117
 27.35478      117
 27.35478      117
 27.387        117
 27.41922      118
 27.45144      118
 27.45144      118
 27.48366      118
 27.51588      118
 27.5481       118
 27.58032      118
 27.58032      118
 27.61254      118
 27.64476      118
 27.67698      118
 27.67698      118
 27.7092       118
 27.74142      118
 27.77364      118
 27.77364      118
 27.80586      118
 27.83808      118
 27.8703       117
 27.8703       117
