 0             0
 0             0
 0             0
 0             0
 0             0
 0             0
 0             0
 0             0
 0             0
 0             0
 0             0
 0             0
 0             0
 3.222e-002    0
 3.222e-002    0
 6.444e-002    0
 9.666e-002    0
 9.666e-002    0
 0.12888       0
 0.1611        0
 0.19332       0
 0.22554       0
 0.22554       0
 0.25776       0
 0.28998       0
 0.3222        0
 0.35442       0
 0.38664       0
 0.38664       0
 0.41886       0
 0.45108       0
 0.4833        0
 0.51552       0
 0.54774       0
 0.57996       0
 0.61218       0
 0.61218       0
 0.6444        0
 0.67662       0
 0.70884       0
 0.74106       0
 0.77328       0
 0.8055        0
 0.83772       0
 0.83772       0
 0.86994       0
 0.90216       0
 0.93438       0
 0.9666        0
 0.99882       0
 1.03104       0
 1.06326       0
 1.06326       0
 1.09548       0
 1.1277        0
 1.15992       0
 1.19214       0
 1.22436       0
 1.25658       0
 1.2888        0
 1.32102       0
 1.35324       0
 1.35324       0
 1.38546       0
 1.41768       0
 1.4499        0
 1.48212       0
 1.51434       0
 1.54656       0
 1.57878       0
 1.611         0
 1.64322       0
 1.64322       0
 1.67544       0
 1.70766       0
 1.73988       0
 1.7721        0
 1.80432       0
 1.83654       0
 1.86876       0
 1.90098       0
 1.9332        0
 1.96542       0
 1.96542       0
 1.99764       0
 2.02986       0
 2.06208       0
 2.0943        0
 2.12652       0
 2.15874       0
 2.19096       0
 2.22318       0
 2.2554        0
 2.28762       0
 2.28762       0
 2.31984       0
 2.35206       0
 2.38428       0
 2.4165        0
 2.44872       0
 2.48094       0
 2.51316       0
 2.54538       0
 2.5776        0
 2.60982       0
 2.60982       0
 2.64204       0
 2.67426       0
 2.70648       0
 2.7387        0
 2.77092       0
 2.80314       0
 2.83536       0
 2.86758       0
 2.8998        0
 2.93202       0
 2.93202       0
 2.96424       0
 2.99646       0
 3.02868       0
 3.0609        0
 3.09312       0
 3.12534       0
 3.15756       0
 3.18978       0
 3.222         0
 3.25422       0
 3.28644       0
 3.31866       0
 3.35088       0
 3.3831        0
 3.41532       0
 3.44754       0
 3.47976       0
 3.51198       0
 3.51198       0
 3.5442        0
 3.57642       0
 3.60864       0
 3.64086       1
 3.67308       1
 3.7053        1
 3.73752       1
 3.76974       1
 3.80196       1
 3.83418       1
 3.83418       1
 3.8664        1
 3.89862       1
 3.93084       1
 3.96306       2
 3.99528       2
 4.0275        2
 4.05972       2
 4.09194       2
 4.12416       3
 4.12416       3
 4.15638       3
 4.1886        3
 4.22082       4
 4.25304       4
 4.28526       4
 4.31748       5
 4.3497        5
 4.38192       5
 4.41414       5
 4.41414       6
 4.44636       6
 4.47858       6
 4.5108        6
 4.54302       7
 4.57524       7
 4.60746       7
 4.63968       7
 4.6719        8
 4.70412       8
 4.73634       8
 4.73634       9
 4.76856       9
 4.80078       9
 4.833         9
 4.86522       9
 4.89744       10
 4.92966       10
 4.96188       10
 4.9941        10
 4.9941        11
 5.02632       11
 5.05854       11
 5.09076       12
 5.12298       12
 5.1552        12
 5.18742       13
 5.21964       13
 5.25186       13
 5.28408       13
 5.28408       14
 5.3163        14
 5.34852       14
 5.38074       15
 5.41296       15
 5.44518       15
 5.4774        16
 5.50962       16
 5.54184       16
 5.57406       17
 5.57406       17
 5.60628       17
 5.6385        18
 5.67072       18
 5.70294       18
 5.73516       19
 5.76738       19
 5.7996        20
 5.83182       20
 5.86404       20
 5.86404       21
 5.89626       21
 5.92848       21
 5.9607        22
 5.99292       22
 6.02514       22
 6.05736       23
 6.08958       23
 6.1218        24
 6.1218        24
 6.15402       25
 6.18624       25
 6.21846       26
 6.25068       26
 6.2829        27
 6.31512       27
 6.34734       27
 6.37956       28
 6.41178       28
 6.41178       29
 6.444         29
 6.50844       30
 6.54066       30
 6.57288       31
 6.6051        31
 6.63732       31
 6.63732       32
 6.66954       32
 6.70176       33
 6.73398       33
 6.7662        34
 6.79842       34
 6.83064       34
 6.86286       35
 6.89508       35
 6.9273        36
 6.9273        36
 6.95952       37
 6.99174       37
 7.02396       38
 7.05618       38
 7.0884        39
 7.12062       39
 7.15284       40
 7.15284       40
 7.18506       41
 7.21728       41
 7.2495        42
 7.28172       42
 7.31394       43
 7.34616       43
 7.37838       44
 7.4106        44
 7.4106        44
 7.44282       45
 7.47504       45
 7.50726       45
 7.53948       45
 7.5717        46
 7.60392       46
 7.63614       46
 7.66836       46
 7.66836       47
 7.70058       47
 7.7328        47
 7.76502       47
 7.79724       47
 7.82946       48
 7.86168       48
 7.8939        48
 7.92612       48
 7.92612       48
 7.95834       48
 7.99056       48
 8.02278       49
 8.055         49
 8.08722       49
 8.11944       49
 8.15166       49
 8.15166       49
 8.18388       49
 8.2161        49
 8.24832       49
 8.28054       49
 8.31276       50
 8.34498       50
 8.3772        50
 8.3772        50
 8.40942       50
 8.44164       50
 8.47386       50
 8.50608       50
 8.5383        50
 8.57052       50
 8.60274       50
 8.63496       51
 8.63496       51
 8.66718       51
 8.6994        51
 8.73162       51
 8.76384       51
 8.79606       51
 8.82828       51
 8.8605        51
 8.8605        52
 8.89272       52
 8.92494       52
 8.95716       52
 8.98938       52
 9.0216        52
 9.05382       52
 9.08604       52
 9.08604       53
 9.11826       53
 9.15048       53
 9.1827        53
 9.21492       53
 9.24714       54
 9.27936       54
 9.31158       54
 9.31158       54
 9.3438        55
 9.37602       55
 9.40824       55
 9.44046       56
 9.47268       56
 9.5049        56
 9.53712       57
 9.53712       57
 9.56934       57
 9.60156       58
 9.63378       58
 9.666         58
 9.69822       58
 9.76266       59
 9.76266       59
 9.79488       59
 9.8271        60
 9.85932       60
 9.89154       61
 9.92376       61
 9.95598       61
 9.9882        62
 9.9882        62
 10.02042      63
 10.05264      64
 10.08486      64
 10.11708      65
 10.1493       65
 10.18152      66
 10.21374      66
 10.21374      67
 10.24596      68
 10.27818      68
 10.3104       69
 10.34262      70
 10.37484      71
 10.40706      71
 10.40706      72
 10.43928      73
 10.4715       74
 10.50372      74
 10.53594      75
 10.56816      76
 10.60038      77
 10.6326       78
 10.6326       78
 10.66482      79
 10.69704      80
 10.72926      81
 10.76148      82
 10.7937       83
 10.82592      83
 10.82592      84
 10.85814      85
 10.89036      86
 10.92258      87
 10.9548       88
 10.98702      88
 11.01924      89
 11.05146      90
 11.05146      91
 11.08368      92
 11.1159       92
 11.14812      94
 11.18034      95
 11.21256      96
 11.24478      97
 11.24478      98
 11.277        100
 11.30922      102
 11.34144      103
 11.37366      104
 11.40588      105
 11.4381       106
 11.4381       108
 11.47032      109
 11.50254      110
 11.53476      111
 11.56698      112
 11.5992       114
 11.63142      115
 11.66364      116
 11.66364      117
 11.69586      118
 11.72808      119
 11.7603       120
 11.79252      121
 11.82474      122
 11.85696      123
 11.85696      124
 11.88918      124
 11.9214       125
 11.95362      126
 11.98584      127
 12.01806      127
 12.05028      128
 12.0825       128
 12.0825       129
 12.11472      129
 12.14694      130
 12.17916      130
 12.21138      131
 12.2436       131
 12.2436       132
 12.27582      132
 12.30804      132
 12.34026      132
 12.37248      133
 12.4047       133
 12.43692      133
 12.43692      133
 12.46914      133
 12.50136      133
 12.53358      133
 12.5658       133
 12.59802      132
 12.63024      132
 12.63024      132
 12.66246      132
 12.69468      132
 12.7269       132
 12.75912      132
 12.79134      132
 12.82356      131
 12.85578      131
 12.85578      130
 12.888        130
 12.92022      129
 12.95244      129
 13.01688      128
 13.01688      127
 13.0491       127
 13.08132      126
 13.11354      125
 13.14576      124
 13.17798      124
 13.2102       123
 13.2102       122
 13.24242      122
 13.27464      121
 13.30686      120
 13.33908      119
 13.3713       119
 13.40352      118
 13.40352      118
 13.43574      117
 13.46796      116
 13.50018      116
 13.5324       115
 13.56462      115
 13.56462      114
 13.59684      114
 13.62906      113
 13.66128      113
 13.6935       112
 13.72572      112
 13.75794      112
 13.75794      111
 13.79016      111
 13.82238      111
 13.8546       111
 13.88682      111
 13.91904      110
 13.95126      110
 13.95126      110
 13.98348      110
 14.0157       110
 14.04792      110
 14.08014      110
 14.11236      110
 14.14458      110
 14.14458      110
 14.1768       110
 14.20902      110
 14.24124      109
 14.27346      110
 14.30568      109
 14.30568      110
 14.3379       110
 14.37012      110
 14.40234      110
 14.43456      111
 14.46678      111
 14.499        111
 14.499        112
 14.53122      112
 14.56344      113
 14.59566      113
 14.62788      114
 14.6601       115
 14.6601       115
 14.69232      116
 14.72454      117
 14.75676      117
 14.78898      118
 14.8212       119
 14.8212       120
 14.85342      121
 14.88564      122
 14.91786      123
 14.95008      124
 14.9823       125
 14.9823       125
 15.01452      127
 15.04674      127
 15.07896      129
 15.11118      130
 15.1434       131
 15.17562      133
 15.17562      137
 15.20784      140
 15.24006      143
 15.27228      145
 15.3045       147
 15.33672      149
 15.33672      151
 15.36894      152
 15.40116      154
 15.43338      155
 15.4656       156
 15.49782      157
 15.49782      158
 15.53004      160
 15.56226      161
 15.59448      162
 15.6267       163
 15.65892      163
 15.69114      164
 15.69114      164
 15.72336      165
 15.75558      166
 15.7878       166
 15.82002      167
 15.85224      168
 15.85224      169
 15.88446      170
 15.91668      171
 15.9489       173
 15.98112      174
 16.01334      175
 16.01334      177
 16.04556      178
 16.07778      179
 16.11         181
 16.14222      182
 16.17444      184
 16.17444      185
 16.20666      187
 16.2711       189
 16.30332      190
 16.33554      191
 16.33554      192
 16.36776      194
 16.39998      201
 16.4322       210
 16.46442      217
 16.49664      223
 16.52886      228
 16.52886      233
 16.56108      236
 16.5933       239
 16.62552      241
 16.65774      243
 16.65774      244
 16.68996      245
 16.72218      246
 16.7544       246
 16.78662      246
 16.81884      246
 16.81884      246
 16.85106      246
 16.88328      245
 16.9155       245
 16.94772      244
 16.97994      243
 16.97994      242
 17.01216      241
 17.04438      240
 17.0766       239
 17.10882      238
 17.14104      237
 17.14104      236
 17.17326      235
 17.20548      234
 17.2377       232
 17.26992      231
 17.30214      230
 17.30214      228
 17.33436      227
 17.36658      226
 17.3988       224
 17.43102      223
 17.46324      221
 17.46324      220
 17.49546      218
 17.52768      217
 17.5599       214
 17.59212      212
 17.59212      210
 17.62434      208
 17.65656      206
 17.68878      204
 17.721        202
 17.75322      199
 17.75322      198
 17.78544      196
 17.81766      194
 17.84988      192
 17.8821       191
 17.91432      189
 17.91432      188
 17.94654      186
 17.97876      185
 18.01098      183
 18.0432       181
 18.07542      180
 18.07542      178
 18.10764      177
 18.13986      175
 18.17208      174
 18.2043       173
 18.2043       171
 18.23652      170
 18.26874      169
 18.30096      167
 18.33318      166
 18.3654       165
 18.3654       164
 18.39762      163
 18.42984      162
 18.46206      161
 18.49428      160
 18.49428      159
 18.5265       158
 18.55872      157
 18.59094      156
 18.62316      156
 18.65538      155
 18.65538      154
 18.6876       153
 18.71982      153
 18.75204      152
 18.78426      152
 18.78426      151
 18.81648      151
 18.8487       151
 18.88092      150
 18.91314      150
 18.94536      150
 18.94536      150
 18.97758      150
 19.0098       150
 19.04202      150
 19.07424      150
 19.10646      150
 19.10646      150
 19.13868      150
 19.1709       151
 19.20312      151
 19.23534      151
 19.23534      152
 19.26756      152
 19.29978      153
 19.332        153
 19.36422      154
 19.36422      154
 19.39644      155
 19.42866      156
 19.46088      157
 19.52532      158
 19.52532      158
 19.55754      159
 19.58976      160
 19.62198      161
 19.6542       162
 19.6542       163
 19.68642      164
 19.71864      165
 19.75086      166
 19.78308      167
 19.8153       168
 19.8153       169
 19.84752      170
 19.87974      172
 19.91196      173
 19.94418      174
 19.94418      175
 19.9764       177
 20.00862      178
 20.04084      179
 20.07306      181
 20.07306      182
 20.10528      183
 20.1375       185
 20.16972      186
 20.20194      188
 20.23416      189
 20.23416      191
 20.26638      192
 20.2986       194
 20.33082      195
 20.36304      197
 20.36304      198
 20.39526      200
 20.42748      202
 20.4597       204
 20.49192      206
 20.49192      208
 20.52414      209
 20.55636      211
 20.58858      213
 20.6208       215
 20.65302      216
 20.65302      218
 20.68524      220
 20.71746      222
 20.74968      223
 20.7819       225
 20.7819       227
 20.81412      229
 20.84634      231
 20.87856      232
 20.91078      234
 20.91078      236
 20.943        238
 20.97522      240
 21.00744      241
 21.03966      243
 21.03966      245
 21.07188      247
 21.1041       248
 21.13632      250
 21.16854      252
 21.16854      254
 21.20076      255
 21.23298      257
 21.2652       258
 21.29742      260
 21.29742      261
 21.32964      263
 21.36186      264
 21.39408      265
 21.4263       267
 21.4263       268
 21.45852      269
 21.49074      270
 21.52296      271
 21.55518      272
 21.55518      273
 21.5874       274
 21.61962      275
 21.65184      276
 21.68406      276
 21.71628      277
 21.71628      277
 21.7485       278
 21.78072      278
 21.81294      278
 21.84516      279
 21.84516      279
 21.87738      279
 21.9096       279
 21.94182      278
 21.97404      278
 21.97404      278
 22.00626      277
 22.03848      277
 22.0707       276
 22.10292      276
 22.10292      275
 22.13514      274
 22.16736      273
 22.19958      273
 22.2318       272
 22.2318       271
 22.26402      270
 22.29624      268
 22.32846      267
 22.32846      266
 22.36068      265
 22.3929       263
 22.42512      262
 22.45734      260
 22.48956      258
 22.48956      257
 22.52178      255
 22.554        253
 22.58622      251
 22.58622      250
 22.61844      248
 22.65066      246
 22.68288      244
 22.7151       242
 22.74732      240
 22.77954      239
 22.81176      237
 22.84398      235
 22.84398      233
 22.8762       232
 22.90842      231
 22.94064      230
 22.97286      229
 22.97286      228
 23.00508      226
 23.0373       225
 23.06952      223
 23.06952      222
 23.10174      220
 23.13396      218
 23.16618      216
 23.1984       215
 23.1984       213
 23.23062      211
 23.26284      210
 23.29506      208
 23.32728      206
 23.32728      205
 23.3595       203
 23.39172      202
 23.42394      199
 23.45616      198
 23.45616      197
 23.48838      195
 23.5206       194
 23.55282      193
 23.58504      192
 23.58504      191
 23.61726      190
 23.64948      189
 23.6817       188
 23.71392      187
 23.71392      186
 23.74614      186
 23.77836      185
 23.81058      185
 23.81058      184
 23.8428       184
 23.87502      184
 23.90724      183
 23.93946      183
 23.93946      183
 23.97168      183
 24.0039       183
 24.03612      183
 24.06834      183
 24.06834      183
 24.10056      183
 24.13278      184
 24.165        184
 24.165        184
 24.19722      185
 24.22944      185
 24.26166      186
 24.29388      186
 24.29388      187
 24.3261       188
 24.35832      189
 24.39054      189
 24.39054      190
 24.42276      191
 24.45498      192
 24.4872       193
 24.4872       194
 24.51942      195
 24.55164      196
 24.58386      197
 24.61608      198
 24.61608      199
 24.6483       200
 24.68052      202
 24.71274      204
 24.74496      205
 24.74496      206
 24.77718      207
 24.8094       209
 24.84162      210
 24.84162      211
 24.87384      213
 24.90606      214
 24.93828      216
 24.9705       217
 24.9705       219
 25.00272      220
 25.03494      222
 25.06716      223
 25.06716      225
 25.09938      226
 25.1316       228
 25.16382      229
 25.16382      231
 25.19604      233
 25.22826      234
 25.26048      236
 25.26048      238
 25.2927       239
 25.32492      241
 25.35714      243
 25.38936      245
 25.38936      246
 25.42158      248
 25.4538       250
 25.48602      251
 25.48602      253
 25.51824      255
 25.55046      257
 25.58268      258
 25.6149       260
 25.6149       262
 25.64712      264
 25.67934      266
 25.71156      267
 25.71156      269
 25.74378      271
 25.776        273
 25.80822      275
 25.84044      277
 25.84044      278
 25.87266      280
 25.90488      282
 25.9371       284
 25.9371       286
 25.96932      287
 26.03376      289
 26.03376      291
 26.06598      293
 26.0982       294
 26.13042      296
 26.16264      298
 26.16264      299
 26.19486      301
 26.22708      303
 26.2593       304
 26.2593       306
 26.29152      307
 26.32374      308
 26.35596      309
 26.35596      311
 26.38818      312
 26.4204       313
 26.45262      314
 26.45262      315
 26.48484      315
 26.51706      316
 26.54928      317
 26.5815       318
 26.5815       319
 26.61372      319
 26.64594      320
 26.67816      320
 26.67816      320
 26.71038      321
 26.7426       321
 26.77482      321
 26.77482      323
 26.80704      325
 26.83926      327
 26.87148      328
 26.87148      329
 26.9037       329
 26.93592      329
 26.96814      328
 26.96814      328
 27.00036      327
 27.03258      326
 27.0648       325
 27.0648       324
 27.09702      322
 27.12924      321
 27.16146      319
 27.19368      318
 27.19368      316
 27.2259       315
 27.25812      313
 27.29034      312
 27.29034      310
 27.32256      308
 27.35478      307
 27.387        305
 27.387        303
 27.41922      301
 27.45144      299
 27.48366      297
 27.48366      295
 27.51588      293
 27.5481       291
 27.58032      290
 27.58032      288
