 0             1
 0             0
 0             0
 0             0
 0             0
 0             0
 0             0
 0             0
 0             0
 0             0
 0             0
 0             0
 3.222e-002    2
 3.222e-002    3
 6.444e-002    4
 9.666e-002    4
 9.666e-002    5
 0.12888       8
 0.1611        9
 0.19332       13
 0.22554       16
 0.25776       18
 0.28998       21
 0.28998       22
 0.3222        23
 0.35442       24
 0.38664       25
 0.41886       25
 0.45108       25
 0.4833        25
 0.4833        25
 0.51552       25
 0.54774       24
 0.57996       24
 0.61218       23
 0.6444        23
 0.67662       22
 0.70884       22
 0.74106       21
 0.77328       20
 0.77328       19
 0.8055        19
 0.83772       18
 0.86994       17
 0.90216       17
 0.93438       16
 0.9666        15
 0.99882       15
 1.03104       14
 1.06326       14
 1.09548       13
 1.09548       13
 1.1277        12
 1.15992       12
 1.19214       11
 1.22436       11
 1.25658       10
 1.2888        10
 1.32102       9
 1.35324       9
 1.38546       9
 1.41768       8
 1.4499        8
 1.48212       8
 1.51434       8
 1.51434       7
 1.54656       7
 1.57878       7
 1.611         7
 1.64322       6
 1.67544       6
 1.70766       6
 1.73988       6
 1.7721        6
 1.80432       6
 1.83654       6
 1.86876       6
 1.90098       6
 1.9332        6
 1.96542       6
 1.96542       5
 1.99764       5
 2.02986       5
 2.06208       5
 2.0943        5
 2.12652       5
 2.15874       5
 2.19096       5
 2.22318       5
 2.2554        5
 2.28762       5
 2.31984       5
 2.35206       5
 2.38428       6
 2.38428       6
 2.44872       6
 2.44872       6
 2.48094       6
 2.51316       6
 2.54538       6
 2.5776        6
 2.60982       6
 2.64204       6
 2.67426       6
 2.70648       6
 2.7387        6
 2.77092       6
 2.80314       6
 2.83536       6
 2.86758       6
 2.86758       6
 2.8998        6
 2.93202       6
 2.96424       6
 2.99646       6
 3.02868       6
 3.0609        6
 3.09312       6
 3.12534       6
 3.15756       6
 3.18978       6
 3.222         6
 3.25422       6
 3.28644       7
 3.31866       7
 3.35088       7
 3.3831        7
 3.41532       7
 3.44754       7
 3.47976       8
 3.51198       8
 3.5442        8
 3.57642       8
 3.60864       8
 3.64086       8
 3.67308       8
 3.67308       9
 3.7053        9
 3.73752       9
 3.76974       9
 3.80196       9
 3.83418       9
 3.8664        9
 3.89862       10
 3.93084       10
 3.96306       10
 3.99528       10
 4.0275        10
 4.05972       10
 4.09194       11
 4.09194       11
 4.12416       11
 4.15638       11
 4.1886        11
 4.22082       11
 4.25304       11
 4.28526       12
 4.31748       12
 4.3497        12
 4.38192       12
 4.41414       12
 4.44636       12
 4.47858       12
 4.5108        13
 4.5108        13
 4.54302       13
 4.57524       13
 4.60746       13
 4.63968       13
 4.6719        14
 4.70412       14
 4.73634       14
 4.76856       14
 4.80078       14
 4.833         14
 4.86522       14
 4.86522       14
 4.89744       15
 4.92966       15
 4.96188       15
 4.9941        15
 5.02632       15
 5.05854       15
 5.09076       15
 5.12298       15
 5.1552        16
 5.18742       16
 5.21964       17
 5.25186       17
 5.25186       18
 5.28408       19
 5.3163        19
 5.34852       20
 5.38074       20
 5.41296       21
 5.44518       21
 5.4774        21
 5.50962       22
 5.54184       22
 5.57406       22
 5.60628       22
 5.60628       23
 5.6385        23
 5.67072       23
 5.70294       23
 5.73516       23
 5.76738       23
 5.7996        23
 5.83182       24
 5.86404       24
 5.89626       24
 5.92848       24
 5.9607        24
 5.9607        24
 5.99292       24
 6.02514       24
 6.05736       24
 6.08958       24
 6.1218        24
 6.15402       24
 6.18624       24
 6.21846       24
 6.25068       24
 6.2829        24
 6.2829        24
 6.31512       24
 6.34734       24
 6.37956       24
 6.41178       24
 6.444         25
 6.50844       24
 6.54066       25
 6.57288       25
 6.6051        25
 6.6051        25
 6.63732       25
 6.66954       25
 6.70176       25
 6.73398       25
 6.7662        25
 6.79842       25
 6.83064       25
 6.86286       26
 6.89508       26
 6.9273        26
 6.9273        26
 6.95952       26
 6.99174       26
 7.02396       26
 7.05618       26
 7.0884        26
 7.12062       26
 7.15284       26
 7.18506       27
 7.21728       27
 7.2495        27
 7.2495        27
 7.28172       27
 7.31394       27
 7.34616       27
 7.37838       27
 7.4106        27
 7.44282       28
 7.47504       28
 7.50726       28
 7.53948       28
 7.5717        28
 7.5717        28
 7.60392       28
 7.63614       28
 7.66836       29
 7.70058       29
 7.7328        29
 7.76502       29
 7.79724       29
 7.82946       29
 7.86168       29
 7.86168       29
 7.8939        30
 7.92612       30
 7.95834       30
 7.99056       30
 8.02278       30
 8.055         30
 8.08722       30
 8.11944       30
 8.15166       30
 8.18388       31
 8.18388       31
 8.2161        31
 8.24832       31
 8.28054       31
 8.31276       31
 8.34498       31
 8.3772        31
 8.40942       32
 8.44164       32
 8.44164       32
 8.47386       32
 8.50608       32
 8.5383        32
 8.57052       32
 8.60274       32
 8.63496       32
 8.66718       33
 8.6994        33
 8.73162       33
 8.73162       33
 8.76384       33
 8.79606       33
 8.82828       34
 8.8605        34
 8.89272       34
 8.92494       34
 8.95716       34
 8.98938       34
 9.0216        34
 9.05382       35
 9.05382       35
 9.08604       35
 9.11826       35
 9.15048       35
 9.1827        35
 9.21492       36
 9.24714       36
 9.27936       36
 9.31158       36
 9.31158       36
 9.3438        37
 9.37602       37
 9.40824       37
 9.44046       37
 9.47268       37
 9.5049        38
 9.53712       38
 9.56934       38
 9.56934       38
 9.60156       38
 9.63378       38
 9.666         38
 9.69822       39
 9.76266       39
 9.79488       39
 9.8271        39
 9.8271        39
 9.85932       39
 9.89154       39
 9.92376       39
 9.95598       39
 9.9882        40
 10.02042      40
 10.05264      40
 10.08486      40
 10.08486      40
 10.11708      40
 10.1493       40
 10.18152      40
 10.21374      41
 10.24596      41
 10.27818      41
 10.3104       41
 10.34262      41
 10.34262      41
 10.37484      41
 10.40706      41
 10.43928      41
 10.4715       41
 10.50372      41
 10.53594      42
 10.56816      42
 10.56816      42
 10.60038      42
 10.6326       42
 10.66482      42
 10.69704      42
 10.72926      43
 10.76148      43
 10.7937       43
 10.82592      43
 10.82592      43
 10.85814      43
 10.89036      43
 10.92258      44
 10.9548       44
 10.98702      44
 11.01924      44
 11.05146      44
 11.08368      44
 11.08368      45
 11.1159       45
 11.14812      45
 11.18034      45
 11.21256      45
 11.24478      45
 11.277        46
 11.30922      46
 11.34144      46
 11.34144      46
 11.37366      46
 11.40588      46
 11.4381       47
 11.47032      47
 11.50254      47
 11.53476      47
 11.56698      47
 11.56698      47
 11.5992       47
 11.63142      47
 11.66364      48
 11.69586      48
 11.72808      48
 11.7603       48
 11.79252      48
 11.79252      48
 11.82474      48
 11.85696      48
 11.88918      49
 11.9214       49
 11.95362      49
 11.98584      49
 12.01806      49
 12.01806      49
 12.05028      49
 12.0825       50
 12.11472      50
 12.14694      50
 12.17916      50
 12.21138      50
 12.2436       50
 12.2436       50
 12.27582      51
 12.30804      51
 12.34026      51
 12.37248      51
 12.4047       51
 12.43692      51
 12.46914      51
 12.46914      52
 12.50136      52
 12.53358      52
 12.5658       52
 12.59802      52
 12.63024      53
 12.66246      53
 12.69468      53
 12.69468      53
 12.7269       53
 12.75912      54
 12.79134      54
 12.82356      54
 12.85578      54
 12.888        54
 12.92022      54
 12.92022      54
 12.95244      54
 13.01688      54
 13.0491       55
 13.08132      55
 13.11354      55
 13.14576      55
 13.14576      55
 13.17798      55
 13.2102       55
 13.24242      55
 13.27464      55
 13.30686      55
 13.33908      55
 13.33908      56
 13.3713       56
 13.40352      56
 13.43574      56
 13.46796      56
 13.50018      56
 13.5324       56
 13.56462      56
 13.56462      56
 13.59684      57
 13.62906      57
 13.66128      57
 13.6935       57
 13.72572      57
 13.75794      57
 13.75794      57
 13.79016      57
 13.82238      57
 13.8546       58
 13.88682      58
 13.91904      58
 13.95126      58
 13.95126      58
 13.98348      58
 14.0157       58
 14.04792      59
 14.08014      59
 14.11236      59
 14.14458      59
 14.1768       59
 14.1768       59
 14.20902      59
 14.24124      59
 14.27346      59
 14.30568      60
 14.3379       60
 14.37012      60
 14.37012      60
 14.40234      60
 14.43456      60
 14.46678      60
 14.499        61
 14.53122      61
 14.56344      61
 14.59566      61
 14.59566      61
 14.62788      61
 14.6601       62
 14.69232      62
 14.72454      62
 14.75676      62
 14.78898      62
 14.78898      62
 14.8212       63
 14.85342      63
 14.88564      63
 14.91786      63
 14.95008      63
 14.9823       63
 14.9823       64
 15.01452      64
 15.04674      64
 15.07896      64
 15.11118      64
 15.1434       64
 15.17562      65
 15.20784      65
 15.20784      65
 15.24006      65
 15.27228      65
 15.3045       65
 15.33672      65
 15.36894      66
 15.36894      66
 15.40116      66
 15.43338      66
 15.4656       66
 15.49782      67
 15.53004      67
 15.56226      67
 15.56226      67
 15.59448      67
 15.6267       67
 15.65892      68
 15.69114      68
 15.72336      68
 15.75558      68
 15.75558      69
 15.7878       69
 15.82002      69
 15.85224      69
 15.88446      69
 15.91668      70
 15.9489       70
 15.9489       70
 15.98112      70
 16.01334      70
 16.04556      70
 16.07778      71
 16.11         71
 16.14222      71
 16.14222      71
 16.17444      71
 16.20666      71
 16.2711       72
 16.30332      72
 16.30332      72
 16.33554      73
 16.36776      73
 16.39998      73
 16.4322       74
 16.46442      74
 16.49664      74
 16.49664      74
 16.52886      74
 16.56108      74
 16.5933       74
 16.62552      75
 16.65774      75
 16.65774      75
 16.68996      75
 16.72218      75
 16.7544       75
 16.78662      75
 16.81884      75
 16.81884      75
 16.85106      75
 16.88328      75
 16.9155       75
 16.94772      76
 16.97994      76
 17.01216      76
 17.01216      76
 17.04438      76
 17.0766       76
 17.10882      76
 17.14104      76
 17.17326      76
 17.17326      76
 17.20548      76
 17.2377       76
 17.26992      77
 17.30214      77
 17.33436      77
 17.36658      77
 17.36658      77
 17.3988       77
 17.43102      77
 17.46324      77
 17.49546      77
 17.52768      77
 17.5599       77
 17.5599       77
 17.59212      77
 17.62434      77
 17.65656      77
 17.68878      77
 17.721        77
 17.721        77
 17.75322      77
 17.78544      78
 17.81766      78
 17.84988      78
 17.8821       78
 17.8821       78
 17.91432      78
 17.94654      78
 17.97876      78
 18.01098      78
 18.0432       79
 18.0432       79
 18.07542      79
 18.10764      79
 18.13986      79
 18.17208      79
 18.2043       79
 18.2043       79
 18.23652      80
 18.26874      80
 18.30096      80
 18.33318      80
 18.3654       80
 18.3654       80
 18.39762      81
 18.42984      81
 18.46206      81
 18.49428      81
 18.5265       81
 18.5265       81
 18.55872      81
 18.59094      82
 18.62316      82
 18.65538      82
 18.6876       82
 18.6876       82
 18.71982      82
 18.75204      82
 18.78426      83
 18.81648      83
 18.8487       83
 18.8487       83
 18.88092      83
 18.91314      84
 18.94536      84
 18.97758      84
 19.0098       84
 19.0098       84
 19.04202      84
 19.07424      84
 19.10646      84
 19.13868      84
 19.1709       85
 19.1709       85
 19.20312      85
 19.23534      85
 19.26756      85
 19.29978      85
 19.332        85
 19.332        86
 19.36422      86
 19.39644      86
 19.42866      86
 19.46088      86
 19.4931       86
 19.52532      87
 19.55754      87
 19.58976      87
 19.62198      87
 19.6542       87
 19.6542       87
 19.68642      88
 19.71864      88
 19.75086      88
 19.78308      88
 19.8153       87
 19.8153       87
 19.84752      87
 19.87974      87
 19.91196      87
 19.94418      87
 19.94418      87
 19.9764       88
 20.00862      88
 20.04084      88
 20.07306      88
 20.10528      88
 20.10528      88
 20.1375       89
 20.16972      89
 20.20194      89
 20.23416      89
 20.26638      90
 20.26638      90
 20.2986       90
 20.33082      90
 20.36304      90
 20.39526      91
 20.42748      91
 20.42748      91
 20.4597       91
 20.49192      92
 20.52414      92
 20.55636      92
 20.55636      92
 20.58858      93
 20.6208       93
 20.65302      93
 20.68524      93
 20.71746      94
 20.71746      94
 20.74968      94
 20.7819       94
 20.81412      94
 20.84634      95
 20.84634      95
 20.87856      95
 20.91078      95
 20.943        95
 20.97522      96
 21.00744      96
 21.00744      96
 21.03966      96
 21.07188      96
 21.1041       97
 21.13632      97
 21.13632      97
 21.16854      97
 21.20076      97
 21.23298      97
 21.2652       98
 21.29742      98
 21.29742      98
 21.32964      98
 21.36186      98
 21.39408      98
 21.4263       99
 21.45852      99
 21.45852      99
 21.49074      99
 21.52296      99
 21.55518      100
 21.5874       101
 21.5874       101
 21.61962      101
 21.65184      101
 21.68406      101
 21.71628      101
 21.7485       101
 21.7485       101
 21.78072      101
 21.81294      101
 21.84516      101
 21.87738      102
 21.87738      102
 21.9096       102
 21.94182      102
 21.97404      102
 22.00626      102
 22.00626      102
 22.03848      102
 22.0707       102
 22.10292      102
 22.13514      102
 22.16736      103
 22.16736      103
 22.19958      103
 22.2318       104
 22.26402      104
 22.29624      105
 22.29624      105
 22.32846      106
 22.36068      106
 22.3929       106
 22.42512      106
 22.42512      107
 22.45734      107
 22.48956      107
 22.52178      107
 22.554        107
 22.58622      107
 22.58622      107
 22.61844      107
 22.65066      107
 22.68288      108
 22.7151       108
 22.7151       108
 22.77954      108
 22.81176      108
 22.84398      108
 22.84398      108
 22.8762       108
 22.90842      108
 22.94064      108
 22.94064      108
 22.97286      108
 23.00508      108
 23.0373       108
 23.06952      108
 23.10174      108
 23.10174      108
 23.13396      108
 23.16618      108
 23.1984       109
 23.23062      109
 23.23062      109
 23.26284      109
 23.29506      109
 23.32728      109
 23.3595       109
 23.3595       109
 23.39172      109
 23.42394      110
 23.45616      110
 23.48838      110
 23.48838      110
 23.5206       111
 23.55282      111
 23.58504      111
 23.61726      111
 23.64948      112
 23.64948      112
 23.6817       112
 23.71392      112
 23.74614      114
 23.74614      116
 23.77836      117
 23.81058      118
 23.8428       119
 23.87502      120
 23.87502      120
 23.90724      121
 23.93946      121
 23.97168      122
 24.0039       122
 24.0039       122
 24.03612      122
 24.06834      122
 24.10056      122
 24.13278      122
 24.13278      122
 24.165        122
 24.19722      122
 24.22944      122
 24.26166      122
 24.26166      122
 24.29388      122
 24.3261       122
 24.35832      121
 24.39054      121
 24.39054      121
 24.42276      121
 24.45498      121
 24.4872       121
 24.51942      121
 24.51942      121
 24.55164      121
 24.58386      121
 24.61608      121
 24.61608      121
 24.6483       121
 24.68052      121
 24.71274      121
 24.74496      121
 24.74496      121
 24.77718      121
 24.8094       121
 24.84162      121
 24.87384      121
 24.87384      121
 24.90606      121
 24.93828      121
 24.9705       122
 25.00272      123
 25.00272      124
 25.03494      126
 25.06716      127
 25.09938      128
 25.09938      129
 25.1316       130
 25.16382      130
 25.19604      131
 25.22826      131
 25.22826      131
 25.26048      131
 25.2927       132
 25.32492      132
 25.35714      132
 25.35714      132
 25.38936      132
 25.42158      132
 25.4538       132
 25.4538       131
 25.48602      131
 25.51824      131
 25.55046      131
 25.58268      131
 25.58268      131
 25.6149       131
 25.64712      131
 25.67934      131
 25.71156      131
 25.71156      131
 25.74378      131
 25.776        131
 25.80822      131
 25.80822      131
 25.84044      131
 25.87266      131
 25.90488      130
 25.9371       130
 25.9371       130
 25.96932      130
 26.03376      130
 26.06598      130
 26.06598      130
 26.0982       130
 26.13042      130
 26.16264      130
 26.16264      130
 26.19486      130
 26.22708      130
 26.2593       130
 26.29152      130
 26.29152      130
 26.32374      130
 26.35596      130
 26.38818      130
 26.4204       130
 26.4204       130
 26.45262      130
 26.48484      130
 26.51706      130
 26.51706      130
 26.54928      130
 26.5815       130
 26.61372      130
 26.61372      130
 26.64594      130
 26.67816      130
 26.71038      130
 26.7426       131
 26.7426       131
 26.77482      131
 26.80704      131
 26.83926      131
 26.83926      131
 26.87148      131
 26.9037       131
 26.93592      131
 26.96814      131
 26.96814      131
 27.00036      131
 27.03258      131
 27.0648       131
 27.0648       132
 27.09702      132
 27.12924      132
 27.16146      132
 27.16146      132
 27.19368      132
 27.2259       132
 27.25812      132
 27.25812      132
 27.29034      132
 27.32256      132
 27.35478      132
 27.387        132
 27.387        132
 27.41922      133
 27.45144      133
 27.48366      133
 27.48366      133
 27.51588      133
 27.5481       133
 27.58032      133
 27.61254      133
 27.61254      133
 27.64476      133
 27.67698      133
 27.7092       133
 27.7092       133
 27.74142      134
 27.77364      134
 27.80586      134
 27.80586      134
 27.83808      134
 27.8703       134
 27.90252      134
 27.90252      134
 27.93474      134
 27.96696      134
 27.99918      135
 27.99918      135
 28.0314       135
 28.06362      135
 28.09584      135
 28.09584      135
