 0             1
 0             1
 0             1
 0             1
 0             1
 0             1
 0             1
 0             0
 0             0
 0             0
 0             0
 0             0
 3.222e-002    0
 3.222e-002    0
 6.444e-002    0
 6.444e-002    0
 9.666e-002    0
 0.12888       0
 0.1611        0
 0.19332       0
 0.22554       0
 0.22554       0
 0.25776       0
 0.28998       0
 0.3222        0
 0.35442       0
 0.38664       0
 0.41886       0
 0.45108       0
 0.45108       0
 0.4833        0
 0.51552       0
 0.54774       0
 0.57996       0
 0.61218       0
 0.6444        0
 0.67662       0
 0.67662       1
 0.70884       3
 0.74106       6
 0.77328       8
 0.8055        9
 0.83772       10
 0.86994       11
 0.90216       12
 0.93438       12
 0.93438       13
 0.9666        13
 0.99882       13
 1.03104       13
 1.06326       13
 1.09548       13
 1.1277        13
 1.15992       13
 1.19214       13
 1.22436       13
 1.25658       12
 1.2888        12
 1.32102       12
 1.32102       12
 1.35324       11
 1.38546       11
 1.41768       11
 1.4499        10
 1.48212       10
 1.51434       9
 1.54656       9
 1.57878       9
 1.611         8
 1.64322       8
 1.67544       8
 1.70766       8
 1.73988       7
 1.7721        7
 1.7721        7
 1.80432       7
 1.83654       7
 1.86876       6
 1.90098       6
 1.9332        6
 1.96542       6
 1.99764       6
 2.02986       6
 2.06208       6
 2.0943        6
 2.12652       6
 2.15874       5
 2.19096       6
 2.19096       5
 2.22318       5
 2.2554        5
 2.28762       5
 2.31984       5
 2.35206       5
 2.38428       5
 2.4165        6
 2.44872       6
 2.48094       6
 2.51316       6
 2.54538       6
 2.5776        6
 2.60982       6
 2.64204       6
 2.67426       6
 2.67426       6
 2.70648       6
 2.7387        6
 2.77092       6
 2.80314       6
 2.83536       6
 2.86758       7
 2.8998        7
 2.93202       7
 2.96424       7
 2.99646       7
 3.02868       7
 3.0609        7
 3.09312       7
 3.12534       7
 3.12534       7
 3.15756       7
 3.18978       8
 3.25422       8
 3.28644       8
 3.31866       8
 3.35088       8
 3.3831        8
 3.41532       9
 3.44754       9
 3.47976       9
 3.51198       9
 3.51198       10
 3.5442        10
 3.57642       10
 3.60864       11
 3.64086       11
 3.67308       11
 3.7053        11
 3.73752       12
 3.76974       12
 3.80196       12
 3.83418       12
 3.8664        12
 3.89862       12
 3.93084       13
 3.93084       13
 3.96306       12
 3.99528       13
 4.0275        13
 4.05972       14
 4.09194       15
 4.12416       15
 4.15638       15
 4.1886        16
 4.22082       16
 4.25304       16
 4.28526       17
 4.31748       17
 4.3497        17
 4.38192       18
 4.38192       18
 4.41414       18
 4.44636       18
 4.47858       19
 4.5108        19
 4.54302       19
 4.57524       19
 4.60746       19
 4.63968       19
 4.6719        19
 4.70412       19
 4.73634       20
 4.76856       20
 4.76856       20
 4.80078       20
 4.833         20
 4.86522       20
 4.89744       20
 4.92966       20
 4.96188       20
 4.9941        20
 5.02632       20
 5.05854       21
 5.09076       21
 5.12298       21
 5.1552        21
 5.1552        21
 5.18742       21
 5.21964       21
 5.25186       22
 5.28408       22
 5.3163        22
 5.34852       22
 5.38074       22
 5.41296       22
 5.44518       22
 5.4774        23
 5.50962       23
 5.54184       23
 5.54184       23
 5.57406       25
 5.60628       25
 5.6385        26
 5.67072       27
 5.70294       27
 5.73516       28
 5.76738       28
 5.7996        29
 5.83182       29
 5.86404       29
 5.89626       29
 5.89626       30
 5.92848       30
 5.9607        30
 5.99292       30
 6.02514       30
 6.05736       31
 6.08958       31
 6.1218        31
 6.15402       31
 6.18624       31
 6.21846       31
 6.25068       31
 6.2829        32
 6.2829        32
 6.31512       32
 6.34734       32
 6.37956       32
 6.41178       32
 6.444         32
 6.50844       33
 6.54066       33
 6.57288       33
 6.6051        33
 6.6051        33
 6.63732       33
 6.66954       33
 6.70176       34
 6.73398       34
 6.7662        34
 6.79842       34
 6.83064       34
 6.86286       34
 6.89508       35
 6.9273        35
 6.9273        35
 6.95952       35
 6.99174       36
 7.02396       36
 7.05618       36
 7.0884        36
 7.12062       36
 7.15284       37
 7.18506       37
 7.21728       37
 7.2495        37
 7.28172       38
 7.28172       38
 7.31394       38
 7.34616       38
 7.37838       38
 7.4106        39
 7.44282       39
 7.47504       39
 7.50726       39
 7.53948       39
 7.5717        43
 7.60392       50
 7.60392       56
 7.63614       61
 7.66836       65
 7.70058       68
 7.7328        71
 7.76502       74
 7.79724       76
 7.82946       78
 7.86168       79
 7.8939        79
 7.92612       80
 7.92612       80
 7.95834       80
 7.99056       80
 8.02278       79
 8.055         79
 8.08722       78
 8.11944       77
 8.15166       76
 8.18388       76
 8.2161        74
 8.24832       73
 8.24832       71
 8.28054       69
 8.31276       68
 8.34498       67
 8.3772        65
 8.40942       64
 8.44164       63
 8.47386       62
 8.50608       62
 8.50608       61
 8.5383        60
 8.57052       59
 8.60274       59
 8.63496       58
 8.66718       57
 8.6994        57
 8.73162       56
 8.76384       56
 8.79606       55
 8.82828       55
 8.82828       55
 8.8605        55
 8.89272       54
 8.92494       54
 8.95716       54
 8.98938       54
 9.0216        54
 9.05382       54
 9.08604       54
 9.11826       54
 9.11826       54
 9.15048       54
 9.1827        54
 9.21492       54
 9.24714       54
 9.27936       54
 9.31158       54
 9.3438        54
 9.37602       54
 9.37602       54
 9.40824       54
 9.44046       54
 9.47268       54
 9.5049        54
 9.53712       54
 9.56934       54
 9.60156       54
 9.63378       54
 9.666         54
 9.69822       54
 9.69822       54
 9.76266       54
 9.79488       54
 9.8271        55
 9.85932       55
 9.89154       55
 9.92376       55
 9.92376       55
 9.95598       55
 9.9882        55
 10.02042      55
 10.05264      56
 10.08486      56
 10.11708      56
 10.1493       56
 10.18152      57
 10.21374      58
 10.21374      64
 10.24596      71
 10.27818      78
 10.3104       83
 10.34262      88
 10.37484      92
 10.40706      95
 10.43928      97
 10.4715       99
 10.4715       101
 10.50372      102
 10.53594      103
 10.56816      103
 10.60038      103
 10.6326       103
 10.66482      103
 10.69704      102
 10.72926      102
 10.76148      101
 10.76148      100
 10.7937       99
 10.82592      98
 10.85814      98
 10.89036      97
 10.92258      96
 10.9548       95
 10.98702      95
 11.01924      94
 11.01924      93
 11.05146      92
 11.08368      92
 11.1159       91
 11.14812      90
 11.18034      90
 11.21256      89
 11.24478      89
 11.277        88
 11.30922      87
 11.30922      87
 11.34144      88
 11.37366      88
 11.40588      88
 11.4381       88
 11.47032      88
 11.50254      88
 11.53476      88
 11.53476      87
 11.56698      87
 11.5992       87
 11.63142      87
 11.66364      87
 11.69586      87
 11.72808      87
 11.7603       87
 11.79252      87
 11.79252      87
 11.82474      87
 11.85696      87
 11.88918      87
 11.9214       87
 11.95362      87
 11.98584      86
 12.01806      86
 12.01806      86
 12.05028      86
 12.0825       86
 12.11472      86
 12.14694      86
 12.17916      86
 12.21138      86
 12.2436       85
 12.2436       85
 12.27582      85
 12.30804      85
 12.34026      84
 12.37248      86
 12.4047       87
 12.43692      88
 12.46914      90
 12.50136      91
 12.50136      92
 12.53358      92
 12.5658       93
 12.59802      93
 12.63024      93
 12.66246      93
 12.69468      94
 12.7269       94
 12.7269       93
 12.75912      93
 12.79134      93
 12.82356      93
 12.85578      93
 12.888        92
 12.92022      92
 12.95244      92
 12.95244      91
 13.01688      91
 13.0491       90
 13.08132      90
 13.11354      90
 13.14576      89
 13.17798      89
 13.17798      88
 13.2102       88
 13.24242      88
 13.27464      87
 13.30686      87
 13.33908      86
 13.3713       86
 13.40352      86
 13.40352      85
 13.43574      85
 13.46796      85
 13.50018      85
 13.5324       84
 13.56462      84
 13.59684      84
 13.62906      84
 13.62906      83
 13.66128      83
 13.6935       83
 13.72572      83
 13.75794      83
 13.79016      83
 13.82238      83
 13.82238      82
 13.8546       82
 13.88682      82
 13.91904      82
 13.95126      82
 13.98348      83
 14.0157       83
 14.04792      84
 14.08014      84
 14.08014      85
 14.11236      85
 14.14458      85
 14.1768       86
 14.20902      86
 14.24124      86
 14.27346      87
 14.27346      87
 14.30568      87
 14.3379       87
 14.37012      88
 14.40234      90
 14.43456      91
 14.46678      92
 14.499        93
 14.499        94
 14.53122      94
 14.56344      95
 14.59566      95
 14.62788      96
 14.6601       96
 14.69232      96
 14.69232      96
 14.72454      96
 14.75676      97
 14.78898      97
 14.8212       97
 14.85342      97
 14.88564      97
 14.88564      97
 14.91786      97
 14.95008      97
 14.9823       97
 15.01452      98
 15.04674      98
 15.07896      98
 15.07896      98
 15.11118      98
 15.1434       98
 15.17562      99
 15.20784      99
 15.24006      99
 15.27228      99
 15.3045       100
 15.3045       101
 15.33672      101
 15.36894      101
 15.40116      102
 15.43338      102
 15.4656       102
 15.49782      103
 15.49782      103
 15.53004      103
 15.56226      104
 15.59448      104
 15.6267       105
 15.65892      105
 15.69114      106
 15.69114      106
 15.72336      107
 15.75558      107
 15.7878       108
 15.82002      108
 15.85224      109
 15.88446      109
 15.88446      110
 15.91668      110
 15.9489       111
 15.98112      111
 16.01334      112
 16.04556      112
 16.07778      113
 16.07778      113
 16.11         114
 16.14222      114
 16.17444      115
 16.20666      115
 16.2711       116
 16.2711       117
 16.30332      117
 16.33554      118
 16.36776      118
 16.39998      119
 16.4322       119
 16.46442      120
 16.46442      120
 16.49664      121
 16.52886      121
 16.56108      122
 16.5933       122
 16.62552      123
 16.65774      123
 16.65774      123
 16.68996      124
 16.72218      124
 16.7544       124
 16.78662      124
 16.81884      125
 16.81884      125
 16.85106      125
 16.88328      125
 16.9155       125
 16.94772      125
 16.97994      125
 17.01216      126
 17.01216      125
 17.04438      125
 17.0766       125
 17.10882      125
 17.14104      125
 17.17326      125
 17.20548      125
 17.20548      125
 17.2377       125
 17.26992      124
 17.30214      124
 17.33436      124
 17.36658      124
 17.3988       124
 17.3988       123
 17.43102      123
 17.46324      123
 17.49546      122
 17.52768      122
 17.5599       122
 17.5599       121
 17.59212      121
 17.62434      121
 17.65656      120
 17.68878      120
 17.721        120
 17.75322      119
 17.75322      119
 17.78544      119
 17.81766      118
 17.84988      118
 17.8821       118
 17.91432      117
 17.91432      117
 17.94654      117
 17.97876      116
 18.01098      116
 18.0432       116
 18.07542      115
 18.10764      115
 18.10764      115
 18.13986      114
 18.17208      114
 18.2043       114
 18.23652      114
 18.26874      113
 18.26874      113
 18.30096      112
 18.33318      112
 18.3654       111
 18.39762      111
 18.42984      110
 18.46206      110
 18.46206      110
 18.49428      110
 18.5265       110
 18.55872      110
 18.59094      109
 18.62316      109
 18.62316      109
 18.65538      109
 18.6876       109
 18.71982      109
 18.75204      109
 18.78426      110
 18.78426      110
 18.81648      110
 18.8487       110
 18.88092      110
 18.91314      110
 18.94536      110
 18.94536      111
 18.97758      111
 19.0098       111
 19.04202      111
 19.07424      112
 19.10646      112
 19.10646      112
 19.13868      113
 19.1709       113
 19.20312      113
 19.23534      114
 19.26756      114
 19.26756      114
 19.29978      115
 19.332        115
 19.36422      115
 19.39644      116
 19.42866      116
 19.46088      117
 19.46088      117
 19.52532      117
 19.55754      118
 19.58976      118
 19.62198      119
 19.62198      119
 19.6542       120
 19.68642      120
 19.71864      120
 19.75086      121
 19.78308      121
 19.78308      121
 19.8153       121
 19.84752      122
 19.87974      122
 19.91196      123
 19.94418      123
 19.94418      123
 19.9764       124
 20.00862      125
 20.04084      125
 20.07306      126
 20.10528      126
 20.10528      127
 20.1375       128
 20.16972      128
 20.20194      129
 20.23416      130
 20.26638      130
 20.26638      131
 20.2986       132
 20.33082      132
 20.36304      133
 20.39526      134
 20.42748      135
 20.42748      136
 20.4597       136
 20.49192      137
 20.52414      138
 20.55636      139
 20.58858      139
 20.58858      140
 20.6208       141
 20.65302      142
 20.68524      143
 20.71746      143
 20.74968      144
 20.74968      145
 20.7819       146
 20.81412      147
 20.84634      147
 20.87856      148
 20.87856      149
 20.91078      150
 20.943        151
 20.97522      151
 21.00744      152
 21.03966      153
 21.03966      154
 21.07188      154
 21.1041       155
 21.13632      156
 21.16854      157
 21.20076      157
 21.20076      158
 21.23298      159
 21.2652       159
 21.29742      160
 21.32964      160
 21.36186      161
 21.36186      161
 21.39408      162
 21.4263       162
 21.45852      163
 21.49074      163
 21.49074      164
 21.52296      164
 21.55518      164
 21.5874       165
 21.61962      165
 21.65184      165
 21.65184      165
 21.68406      166
 21.71628      166
 21.7485       166
 21.78072      166
 21.78072      166
 21.81294      166
 21.84516      166
 21.87738      166
 21.9096       166
 21.94182      166
 21.94182      166
 21.97404      166
 22.00626      165
 22.03848      165
 22.0707       165
 22.10292      165
 22.10292      164
 22.13514      164
 22.16736      164
 22.19958      163
 22.2318       163
 22.2318       163
 22.26402      162
 22.29624      163
 22.32846      163
 22.36068      164
 22.3929       164
 22.3929       164
 22.42512      164
 22.45734      164
 22.48956      164
 22.52178      164
 22.52178      163
 22.554        163
 22.58622      162
 22.61844      162
 22.65066      161
 22.65066      161
 22.68288      160
 22.7151       159
 22.77954      159
 22.81176      158
 22.81176      158
 22.84398      157
 22.8762       156
 22.90842      156
 22.94064      155
 22.94064      155
 22.97286      154
 23.00508      153
 23.0373       153
 23.06952      152
 23.06952      152
 23.10174      151
 23.13396      151
 23.16618      150
 23.1984       150
 23.1984       149
 23.23062      149
 23.26284      148
 23.29506      148
 23.32728      147
 23.32728      147
 23.3595       147
 23.39172      146
 23.42394      146
 23.45616      146
 23.48838      145
 23.48838      145
 23.5206       145
 23.55282      145
 23.58504      145
 23.61726      144
 23.61726      144
 23.64948      144
 23.6817       144
 23.71392      144
 23.74614      144
 23.74614      144
 23.77836      144
 23.81058      144
 23.8428       144
 23.87502      144
 23.87502      144
 23.90724      144
 23.93946      144
 23.97168      144
 24.0039       145
 24.0039       145
 24.03612      145
 24.06834      145
 24.10056      145
 24.13278      146
 24.13278      146
 24.165        146
 24.19722      146
 24.22944      147
 24.26166      147
 24.29388      148
 24.29388      149
 24.3261       150
 24.35832      150
 24.39054      151
 24.42276      151
 24.42276      152
 24.45498      152
 24.4872       153
 24.51942      153
 24.55164      154
 24.55164      154
 24.58386      155
 24.61608      155
 24.6483       156
 24.68052      156
 24.68052      157
 24.71274      157
 24.74496      158
 24.77718      158
 24.77718      159
 24.8094       159
 24.84162      160
 24.87384      160
 24.90606      161
 24.90606      161
 24.93828      162
 24.9705       162
 25.00272      163
 25.03494      164
 25.03494      164
 25.06716      165
 25.09938      166
 25.1316       166
 25.16382      167
 25.16382      168
 25.19604      168
 25.22826      169
 25.26048      170
 25.26048      170
 25.2927       171
 25.32492      171
 25.35714      172
 25.38936      173
 25.38936      173
 25.42158      174
 25.4538       175
 25.48602      175
 25.51824      176
 25.51824      177
 25.55046      178
 25.58268      179
 25.6149       179
 25.64712      180
 25.64712      181
 25.67934      182
 25.71156      182
 25.74378      183
 25.776        184
 25.776        185
 25.80822      186
 25.84044      187
 25.87266      188
 25.90488      189
 25.90488      190
 25.9371       191
 25.96932      192
 26.00154      192
 26.03376      193
 26.06598      194
 26.0982       195
 26.13042      195
 26.13042      195
 26.16264      195
 26.19486      195
 26.22708      196
 26.2593       196
 26.2593       196
 26.29152      196
 26.32374      197
 26.35596      197
 26.35596      197
 26.38818      197
 26.4204       198
 26.45262      198
 26.48484      198
 26.48484      198
 26.51706      198
 26.54928      199
 26.5815       199
 26.61372      199
 26.61372      200
 26.64594      203
 26.67816      205
 26.71038      207
 26.71038      208
 26.7426       209
 26.77482      210
 26.80704      211
 26.83926      211
 26.83926      211
 26.87148      211
 26.9037       211
 26.93592      211
 26.93592      211
 26.96814      211
 27.00036      210
 27.03258      210
 27.0648       210
 27.0648       209
 27.09702      208
 27.12924      208
 27.16146      207
 27.19368      206
 27.19368      206
 27.2259       205
 27.25812      204
 27.29034      203
 27.29034      203
 27.32256      202
 27.35478      200
 27.387        200
 27.41922      199
 27.41922      198
 27.45144      197
 27.48366      197
 27.51588      196
 27.51588      195
 27.5481       194
 27.58032      194
 27.61254      193
 27.61254      192
 27.64476      191
 27.67698      191
 27.7092       190
 27.74142      189
 27.74142      189
 27.77364      188
 27.80586      187
 27.83808      186
 27.83808      186
 27.8703       185
 27.90252      185
 27.93474      184
 27.96696      184
 27.96696      183
 27.99918      182
 28.0314       182
 28.06362      181
 28.06362      181
 28.09584      180
 28.12806      180
 28.16028      180
 28.16028      180
 28.1925       179
 28.22472      179
 28.25694      179
