 0             0
 0             0
 0             0
 0             0
 0             0
 0             0
 0             0
 0             0
 0             0
 0             0
 0             0
 0             0
 3.222e-002    0
 3.222e-002    0
 6.444e-002    0
 9.666e-002    0
 9.666e-002    0
 0.12888       0
 0.1611        0
 0.1611        0
 0.19332       0
 0.22554       0
 0.25776       0
 0.28998       0
 0.3222        0
 0.35442       0
 0.38664       0
 0.38664       0
 0.41886       0
 0.45108       0
 0.4833        0
 0.51552       0
 0.54774       0
 0.57996       0
 0.61218       0
 0.61218       0
 0.6444        0
 0.67662       0
 0.70884       0
 0.74106       0
 0.77328       0
 0.8055        0
 0.83772       0
 0.83772       0
 0.86994       0
 0.90216       0
 0.93438       0
 0.9666        0
 0.99882       0
 1.03104       0
 1.06326       0
 1.09548       0
 1.1277        0
 1.15992       0
 1.15992       0
 1.19214       0
 1.22436       0
 1.25658       0
 1.2888        0
 1.32102       0
 1.35324       0
 1.38546       0
 1.41768       0
 1.4499        0
 1.48212       0
 1.51434       0
 1.51434       0
 1.54656       0
 1.57878       0
 1.611         0
 1.64322       0
 1.67544       0
 1.70766       0
 1.73988       0
 1.7721        0
 1.80432       0
 1.83654       0
 1.86876       0
 1.90098       0
 1.9332        0
 1.9332        0
 1.96542       0
 1.99764       1
 2.02986       2
 2.06208       3
 2.0943        4
 2.12652       4
 2.15874       5
 2.19096       5
 2.22318       5
 2.2554        6
 2.28762       6
 2.31984       6
 2.31984       6
 2.35206       6
 2.38428       6
 2.4165        6
 2.44872       6
 2.48094       6
 2.51316       6
 2.54538       6
 2.5776        6
 2.60982       6
 2.64204       5
 2.67426       5
 2.70648       5
 2.7387        5
 2.77092       5
 2.77092       5
 2.80314       6
 2.83536       6
 2.86758       6
 2.8998        6
 2.93202       6
 2.96424       6
 2.99646       6
 3.02868       7
 3.0609        7
 3.09312       8
 3.12534       11
 3.15756       14
 3.15756       16
 3.18978       18
 3.25422       20
 3.28644       21
 3.31866       22
 3.35088       23
 3.3831        24
 3.41532       24
 3.44754       24
 3.47976       25
 3.51198       25
 3.5442        24
 3.5442        24
 3.57642       24
 3.60864       24
 3.64086       24
 3.67308       23
 3.7053        23
 3.73752       23
 3.76974       22
 3.80196       22
 3.83418       22
 3.8664        21
 3.89862       21
 3.93084       20
 3.93084       20
 3.96306       19
 3.99528       19
 4.0275        19
 4.05972       19
 4.09194       18
 4.12416       18
 4.15638       18
 4.1886        18
 4.22082       17
 4.25304       17
 4.28526       17
 4.31748       18
 4.31748       18
 4.3497        18
 4.38192       18
 4.41414       18
 4.44636       18
 4.47858       18
 4.5108        18
 4.54302       18
 4.57524       18
 4.60746       18
 4.63968       18
 4.6719        18
 4.6719        18
 4.70412       18
 4.73634       18
 4.76856       18
 4.80078       18
 4.833         18
 4.86522       18
 4.89744       18
 4.92966       18
 4.96188       18
 4.9941        18
 5.02632       18
 5.05854       19
 5.05854       19
 5.09076       19
 5.12298       19
 5.1552        19
 5.18742       20
 5.21964       20
 5.25186       20
 5.28408       20
 5.3163        20
 5.34852       20
 5.38074       20
 5.41296       21
 5.41296       21
 5.44518       21
 5.4774        21
 5.50962       21
 5.54184       22
 5.57406       22
 5.60628       22
 5.6385        22
 5.67072       23
 5.70294       23
 5.73516       23
 5.76738       23
 5.76738       24
 5.7996        24
 5.83182       24
 5.86404       25
 5.89626       25
 5.92848       25
 5.9607        26
 5.99292       26
 6.02514       26
 6.05736       27
 6.08958       27
 6.08958       27
 6.1218        28
 6.15402       28
 6.18624       28
 6.21846       29
 6.25068       29
 6.2829        29
 6.31512       30
 6.34734       30
 6.37956       31
 6.41178       31
 6.444         31
 6.47622       32
 6.50844       32
 6.54066       33
 6.57288       33
 6.6051        33
 6.63732       34
 6.66954       34
 6.70176       35
 6.73398       35
 6.7662        35
 6.7662        36
 6.79842       36
 6.83064       37
 6.86286       37
 6.89508       37
 6.9273        38
 6.95952       38
 6.99174       38
 7.02396       39
 7.05618       39
 7.0884        40
 7.0884        41
 7.12062       41
 7.15284       41
 7.18506       42
 7.21728       42
 7.2495        43
 7.28172       43
 7.31394       43
 7.34616       44
 7.37838       44
 7.37838       44
 7.4106        45
 7.44282       45
 7.47504       46
 7.50726       46
 7.53948       47
 7.5717        47
 7.60392       47
 7.63614       47
 7.66836       48
 7.70058       48
 7.70058       48
 7.7328        48
 7.76502       48
 7.79724       48
 7.82946       49
 7.86168       49
 7.8939        49
 7.92612       49
 7.95834       49
 7.99056       49
 7.99056       49
 8.02278       49
 8.055         49
 8.08722       49
 8.11944       49
 8.15166       49
 8.18388       49
 8.2161        49
 8.24832       50
 8.28054       50
 8.31276       50
 8.31276       50
 8.34498       50
 8.3772        50
 8.40942       50
 8.44164       50
 8.47386       50
 8.50608       50
 8.5383        50
 8.57052       50
 8.57052       52
 8.60274       57
 8.63496       61
 8.66718       64
 8.6994        66
 8.73162       69
 8.76384       70
 8.79606       71
 8.82828       72
 8.8605        73
 8.8605        73
 8.89272       74
 8.92494       74
 8.95716       74
 8.98938       74
 9.0216        73
 9.05382       73
 9.08604       73
 9.11826       72
 9.15048       72
 9.15048       72
 9.1827        71
 9.21492       71
 9.24714       70
 9.27936       70
 9.31158       69
 9.3438        69
 9.37602       68
 9.40824       68
 9.40824       68
 9.44046       67
 9.47268       67
 9.5049        67
 9.53712       67
 9.56934       66
 9.60156       66
 9.63378       66
 9.666         66
 9.69822       66
 9.73044       65
 9.76266       65
 9.79488       65
 9.8271        65
 9.85932       65
 9.89154       65
 9.92376       65
 9.92376       65
 9.95598       66
 9.9882        66
 10.02042      66
 10.05264      66
 10.08486      66
 10.11708      66
 10.1493       67
 10.18152      67
 10.21374      67
 10.21374      67
 10.24596      67
 10.27818      68
 10.3104       68
 10.34262      68
 10.37484      69
 10.40706      69
 10.43928      70
 10.4715       70
 10.4715       70
 10.50372      71
 10.53594      71
 10.56816      72
 10.60038      72
 10.6326       73
 10.66482      74
 10.69704      74
 10.69704      75
 10.72926      75
 10.76148      76
 10.7937       77
 10.82592      77
 10.85814      78
 10.89036      78
 10.92258      79
 10.9548       80
 10.9548       80
 10.98702      81
 11.01924      82
 11.05146      82
 11.08368      83
 11.1159       84
 11.14812      84
 11.18034      85
 11.21256      86
 11.24478      87
 11.24478      87
 11.277        88
 11.30922      89
 11.34144      90
 11.37366      91
 11.40588      92
 11.4381       93
 11.47032      93
 11.47032      94
 11.50254      95
 11.53476      96
 11.56698      97
 11.5992       98
 11.63142      99
 11.66364      100
 11.69586      101
 11.72808      102
 11.72808      103
 11.7603       103
 11.79252      104
 11.82474      104
 11.85696      105
 11.88918      105
 11.9214       106
 11.95362      106
 11.95362      106
 11.98584      107
 12.01806      107
 12.05028      107
 12.0825       107
 12.11472      108
 12.14694      108
 12.17916      108
 12.21138      108
 12.21138      108
 12.2436       108
 12.27582      108
 12.30804      108
 12.34026      108
 12.37248      108
 12.4047       108
 12.43692      107
 12.43692      107
 12.46914      107
 12.50136      106
 12.53358      106
 12.5658       106
 12.59802      105
 12.63024      105
 12.63024      105
 12.66246      104
 12.69468      104
 12.7269       103
 12.75912      103
 12.79134      103
 12.82356      102
 12.85578      102
 12.888        101
 12.888        101
 12.92022      100
 12.95244      99
 13.01688      99
 13.0491       99
 13.08132      98
 13.11354      98
 13.11354      97
 13.14576      97
 13.17798      97
 13.2102       96
 13.24242      96
 13.27464      96
 13.30686      95
 13.30686      95
 13.33908      95
 13.3713       94
 13.40352      94
 13.43574      94
 13.46796      94
 13.50018      93
 13.5324       93
 13.5324       93
 13.56462      93
 13.59684      93
 13.62906      92
 13.66128      92
 13.6935       92
 13.72572      92
 13.75794      92
 13.75794      92
 13.79016      93
 13.82238      95
 13.8546       96
 13.88682      97
 13.91904      98
 13.95126      98
 13.95126      99
 13.98348      99
 14.0157       99
 14.04792      99
 14.08014      99
 14.11236      99
 14.14458      100
 14.1768       100
 14.1768       100
 14.20902      101
 14.24124      101
 14.27346      101
 14.30568      101
 14.3379       101
 14.37012      101
 14.40234      101
 14.40234      101
 14.43456      101
 14.46678      101
 14.499        102
 14.53122      102
 14.56344      102
 14.59566      102
 14.59566      103
 14.62788      103
 14.6601       103
 14.69232      104
 14.72454      104
 14.75676      105
 14.78898      105
 14.78898      105
 14.8212       106
 14.85342      107
 14.88564      107
 14.91786      108
 14.95008      108
 14.9823       109
 14.9823       109
 15.01452      110
 15.04674      111
 15.07896      111
 15.11118      112
 15.1434       112
 15.17562      113
 15.20784      114
 15.20784      115
 15.24006      115
 15.27228      116
 15.3045       117
 15.33672      118
 15.36894      118
 15.40116      119
 15.40116      120
 15.43338      121
 15.4656       122
 15.49782      123
 15.53004      124
 15.56226      125
 15.59448      126
 15.59448      127
 15.6267       128
 15.65892      128
 15.69114      129
 15.72336      131
 15.75558      131
 15.7878       133
 15.7878       134
 15.82002      135
 15.85224      136
 15.88446      137
 15.91668      138
 15.9489       139
 15.98112      140
 15.98112      141
 16.01334      142
 16.04556      143
 16.07778      144
 16.11         146
 16.14222      147
 16.17444      148
 16.17444      149
 16.20666      150
 16.23888      151
 16.30332      152
 16.33554      153
 16.36776      154
 16.36776      155
 16.39998      156
 16.4322       157
 16.46442      159
 16.49664      163
 16.52886      169
 16.52886      175
 16.56108      179
 16.5933       183
 16.62552      186
 16.65774      189
 16.68996      190
 16.72218      192
 16.72218      193
 16.7544       193
 16.78662      194
 16.81884      194
 16.85106      194
 16.88328      193
 16.88328      193
 16.9155       193
 16.94772      192
 16.97994      192
 17.01216      191
 17.04438      190
 17.0766       189
 17.0766       188
 17.10882      187
 17.14104      186
 17.17326      185
 17.20548      184
 17.2377       183
 17.26992      182
 17.26992      181
 17.30214      179
 17.33436      178
 17.36658      177
 17.3988       176
 17.43102      174
 17.46324      173
 17.46324      172
 17.49546      171
 17.52768      169
 17.5599       168
 17.59212      167
 17.62434      166
 17.62434      164
 17.65656      163
 17.68878      162
 17.721        160
 17.75322      159
 17.78544      158
 17.81766      156
 17.81766      155
 17.84988      154
 17.8821       153
 17.91432      152
 17.94654      150
 17.97876      149
 17.97876      148
 18.01098      147
 18.0432       146
 18.07542      145
 18.10764      144
 18.13986      143
 18.13986      142
 18.17208      141
 18.2043       141
 18.23652      139
 18.26874      138
 18.30096      137
 18.33318      136
 18.33318      135
 18.3654       134
 18.39762      133
 18.42984      132
 18.46206      132
 18.49428      131
 18.49428      131
 18.5265       130
 18.55872      130
 18.59094      129
 18.62316      129
 18.65538      129
 18.65538      128
 18.6876       128
 18.71982      128
 18.75204      128
 18.78426      128
 18.81648      128
 18.81648      128
 18.8487       128
 18.88092      128
 18.91314      128
 18.94536      128
 18.97758      128
 18.97758      128
 19.0098       129
 19.04202      129
 19.07424      129
 19.10646      129
 19.13868      130
 19.13868      130
 19.1709       130
 19.20312      131
 19.23534      131
 19.26756      132
 19.29978      132
 19.332        133
 19.332        133
 19.36422      134
 19.39644      134
 19.42866      135
 19.46088      135
 19.4931       136
 19.52532      137
 19.55754      137
 19.58976      138
 19.62198      139
 19.6542       139
 19.6542       140
 19.68642      141
 19.71864      142
 19.75086      142
 19.78308      143
 19.8153       144
 19.8153       145
 19.84752      146
 19.87974      147
 19.91196      148
 19.94418      148
 19.9764       148
 19.9764       149
 20.00862      149
 20.04084      150
 20.07306      150
 20.10528      151
 20.1375       152
 20.1375       153
 20.16972      154
 20.20194      155
 20.23416      156
 20.26638      157
 20.2986       159
 20.2986       160
 20.33082      162
 20.36304      164
 20.39526      165
 20.42748      166
 20.4597       168
 20.4597       169
 20.49192      171
 20.52414      172
 20.55636      173
 20.58858      174
 20.58858      176
 20.6208       177
 20.65302      178
 20.68524      179
 20.71746      181
 20.74968      182
 20.74968      183
 20.7819       185
 20.81412      186
 20.84634      187
 20.87856      189
 20.91078      190
 20.91078      191
 20.943        192
 20.97522      194
 21.00744      195
 21.03966      196
 21.03966      197
 21.07188      199
 21.1041       200
 21.13632      202
 21.16854      203
 21.20076      204
 21.20076      205
 21.23298      207
 21.2652       208
 21.29742      209
 21.32964      210
 21.36186      211
 21.36186      212
 21.39408      213
 21.4263       213
 21.45852      214
 21.49074      215
 21.52296      216
 21.52296      216
 21.55518      217
 21.5874       217
 21.61962      218
 21.65184      218
 21.68406      219
 21.68406      219
 21.71628      219
 21.7485       219
 21.78072      220
 21.81294      220
 21.81294      220
 21.84516      220
 21.87738      219
 21.9096       219
 21.94182      219
 21.97404      219
 21.97404      218
 22.00626      218
 22.03848      218
 22.0707       217
 22.10292      217
 22.10292      216
 22.13514      215
 22.16736      215
 22.19958      214
 22.2318       213
 22.26402      213
 22.26402      212
 22.29624      211
 22.32846      210
 22.36068      209
 22.3929       208
 22.3929       207
 22.42512      206
 22.45734      205
 22.48956      204
 22.52178      203
 22.52178      202
 22.554        202
 22.58622      200
 22.61844      199
 22.65066      198
 22.68288      196
 22.68288      195
 22.7151       194
 22.77954      193
 22.81176      192
 22.81176      191
 22.84398      189
 22.8762       188
 22.90842      187
 22.94064      186
 22.94064      185
 22.97286      183
 23.00508      182
 23.0373       181
 23.06952      180
 23.06952      179
 23.10174      178
 23.13396      177
 23.16618      176
 23.1984       175
 23.1984       174
 23.23062      173
 23.26284      172
 23.29506      171
 23.32728      170
 23.3595       170
 23.3595       169
 23.39172      168
 23.42394      167
 23.45616      167
 23.48838      166
 23.48838      166
 23.5206       165
 23.55282      165
 23.58504      164
 23.61726      164
 23.61726      163
 23.64948      163
 23.6817       163
 23.71392      163
 23.74614      162
 23.74614      162
 23.77836      162
 23.81058      162
 23.8428       162
 23.87502      162
 23.87502      162
 23.90724      162
 23.93946      162
 23.97168      162
 24.0039       162
 24.0039       162
 24.03612      163
 24.06834      163
 24.10056      163
 24.13278      164
 24.13278      164
 24.165        164
 24.19722      165
 24.22944      165
 24.26166      166
 24.29388      166
 24.29388      167
 24.3261       167
 24.35832      168
 24.39054      168
 24.42276      169
 24.42276      170
 24.45498      170
 24.4872       171
 24.51942      172
 24.55164      173
 24.55164      174
 24.58386      174
 24.61608      175
 24.6483       176
 24.6483       177
 24.68052      178
 24.71274      179
 24.74496      179
 24.77718      180
 24.77718      181
 24.8094       182
 24.84162      184
 24.87384      187
 24.90606      191
 24.90606      195
 24.93828      199
 24.9705       203
 25.00272      205
 25.03494      207
 25.03494      209
 25.06716      210
 25.09938      211
 25.1316       212
 25.1316       213
 25.16382      214
 25.19604      214
 25.22826      215
 25.26048      215
 25.26048      216
 25.2927       216
 25.32492      216
 25.35714      217
 25.38936      217
 25.38936      217
 25.42158      218
 25.4538       218
 25.48602      218
 25.51824      219
 25.51824      219
 25.55046      220
 25.58268      220
 25.6149       221
 25.64712      222
 25.64712      222
 25.67934      223
 25.71156      224
 25.74378      224
 25.776        225
 25.776        226
 25.80822      227
 25.84044      227
 25.87266      228
 25.87266      229
 25.90488      230
 25.9371       231
 25.96932      232
 26.03376      233
 26.03376      233
 26.06598      234
 26.0982       235
 26.13042      236
 26.13042      237
 26.16264      238
 26.19486      238
 26.22708      239
 26.2593       240
 26.2593       240
 26.29152      241
 26.32374      242
 26.35596      242
 26.35596      243
 26.38818      244
 26.4204       244
 26.45262      245
 26.48484      245
 26.48484      246
 26.51706      246
 26.54928      246
 26.5815       247
 26.5815       247
 26.61372      247
 26.64594      247
 26.67816      247
 26.71038      247
 26.71038      248
 26.7426       248
 26.77482      248
 26.80704      248
 26.83926      247
 26.83926      247
 26.87148      247
 26.9037       247
 26.93592      247
 26.93592      246
 26.96814      246
 27.00036      246
 27.03258      245
 27.0648       245
 27.0648       244
 27.09702      244
 27.12924      243
 27.16146      243
 27.16146      242
 27.19368      241
 27.2259       241
 27.25812      240
 27.25812      239
 27.29034      238
 27.32256      237
 27.35478      237
 27.387        236
 27.387        235
 27.41922      234
 27.45144      233
 27.48366      232
 27.48366      231
 27.51588      230
 27.5481       229
 27.58032      228
 27.61254      227
 27.61254      226
 27.64476      225
 27.67698      224
 27.7092       223
 27.7092       221
 27.74142      220
 27.77364      219
 27.80586      217
 27.80586      216
 27.83808      215
 27.8703       214
 27.90252      213
 27.93474      212
 27.93474      211
 27.96696      210
 27.99918      209
 28.0314       208
 28.0314       207
 28.06362      206
 28.09584      205
 28.12806      204
 28.12806      203
 28.16028      202
