 0             0
 0             0
 0             0
 0             0
 0             0
 0             0
 0             0
 0             0
 0             0
 0             0
 0             0
 0             0
 3.222e-002    0
 3.222e-002    0
 6.444e-002    0
 6.444e-002    0
 9.666e-002    0
 0.12888       0
 0.1611        0
 0.19332       0
 0.19332       0
 0.22554       0
 0.25776       0
 0.28998       0
 0.3222        0
 0.35442       0
 0.38664       0
 0.41886       0
 0.41886       0
 0.45108       0
 0.4833        0
 0.51552       0
 0.54774       0
 0.57996       0
 0.57996       0
 0.61218       0
 0.6444        0
 0.67662       0
 0.70884       0
 0.74106       0
 0.77328       0
 0.8055        0
 0.83772       0
 0.86994       0
 0.86994       0
 0.90216       0
 0.93438       0
 0.9666        0
 0.99882       0
 1.03104       0
 1.06326       0
 1.09548       0
 1.1277        0
 1.15992       0
 1.19214       0
 1.22436       0
 1.22436       0
 1.25658       0
 1.2888        0
 1.32102       0
 1.35324       0
 1.38546       0
 1.41768       0
 1.4499        0
 1.48212       0
 1.51434       0
 1.54656       0
 1.57878       0
 1.57878       0
 1.611         0
 1.64322       0
 1.67544       0
 1.70766       0
 1.73988       0
 1.7721        0
 1.80432       0
 1.83654       0
 1.86876       0
 1.90098       0
 1.9332        1
 1.96542       1
 1.99764       1
 2.02986       1
 2.02986       1
 2.06208       1
 2.0943        1
 2.12652       2
 2.15874       2
 2.19096       2
 2.22318       2
 2.2554        2
 2.28762       2
 2.31984       3
 2.35206       3
 2.38428       3
 2.4165        3
 2.44872       3
 2.44872       3
 2.48094       3
 2.51316       3
 2.54538       4
 2.5776        4
 2.60982       4
 2.64204       4
 2.67426       4
 2.70648       4
 2.7387        4
 2.77092       4
 2.80314       4
 2.83536       4
 2.86758       4
 2.8998        5
 2.8998        5
 2.93202       5
 2.96424       6
 2.99646       6
 3.02868       7
 3.0609        8
 3.09312       8
 3.12534       9
 3.15756       9
 3.18978       10
 3.222         10
 3.25422       10
 3.28644       10
 3.31866       11
 3.35088       11
 3.3831        11
 3.41532       11
 3.44754       11
 3.47976       11
 3.51198       12
 3.5442        12
 3.57642       12
 3.60864       12
 3.64086       12
 3.67308       12
 3.7053        12
 3.7053        12
 3.73752       12
 3.76974       12
 3.80196       12
 3.83418       12
 3.8664        12
 3.89862       13
 3.93084       13
 3.96306       13
 3.99528       13
 4.0275        13
 4.05972       13
 4.09194       13
 4.09194       13
 4.12416       13
 4.15638       13
 4.1886        13
 4.22082       13
 4.25304       14
 4.28526       14
 4.31748       14
 4.3497        14
 4.38192       14
 4.41414       14
 4.44636       14
 4.47858       14
 4.5108        14
 4.5108        14
 4.54302       14
 4.57524       15
 4.60746       15
 4.63968       15
 4.6719        15
 4.70412       15
 4.73634       15
 4.76856       15
 4.80078       15
 4.833         15
 4.86522       16
 4.86522       16
 4.89744       16
 4.92966       16
 4.96188       16
 4.9941        16
 5.02632       16
 5.05854       17
 5.09076       17
 5.12298       17
 5.1552        17
 5.18742       17
 5.21964       17
 5.25186       17
 5.25186       18
 5.28408       18
 5.3163        18
 5.34852       18
 5.38074       18
 5.41296       19
 5.44518       19
 5.4774        19
 5.50962       19
 5.54184       19
 5.57406       19
 5.60628       20
 5.6385        20
 5.6385        20
 5.67072       20
 5.70294       20
 5.73516       21
 5.76738       21
 5.7996        21
 5.83182       21
 5.86404       21
 5.89626       22
 5.92848       22
 5.9607        22
 5.9607        23
 5.99292       23
 6.02514       23
 6.05736       23
 6.08958       23
 6.1218        23
 6.15402       24
 6.18624       24
 6.21846       24
 6.25068       26
 6.2829        27
 6.31512       29
 6.31512       30
 6.34734       30
 6.37956       31
 6.41178       32
 6.444         32
 6.50844       33
 6.54066       33
 6.57288       33
 6.6051        33
 6.63732       34
 6.63732       34
 6.66954       34
 6.70176       34
 6.73398       34
 6.7662        34
 6.79842       34
 6.83064       34
 6.86286       35
 6.89508       35
 6.9273        35
 6.95952       35
 6.95952       35
 6.99174       35
 7.02396       35
 7.05618       35
 7.0884        35
 7.12062       35
 7.15284       35
 7.18506       35
 7.21728       35
 7.2495        35
 7.28172       35
 7.28172       35
 7.31394       35
 7.34616       35
 7.37838       35
 7.4106        35
 7.44282       35
 7.47504       35
 7.50726       35
 7.53948       35
 7.5717        36
 7.5717        36
 7.60392       36
 7.63614       36
 7.66836       36
 7.70058       36
 7.7328        36
 7.76502       36
 7.79724       36
 7.82946       36
 7.86168       37
 7.8939        36
 7.8939        37
 7.92612       37
 7.95834       37
 7.99056       37
 8.02278       37
 8.055         37
 8.08722       37
 8.11944       37
 8.15166       37
 8.18388       38
 8.18388       38
 8.2161        38
 8.24832       38
 8.28054       39
 8.31276       39
 8.34498       39
 8.3772        39
 8.40942       39
 8.44164       39
 8.47386       40
 8.47386       40
 8.50608       40
 8.5383        40
 8.57052       40
 8.60274       40
 8.63496       40
 8.66718       40
 8.6994        40
 8.73162       40
 8.76384       41
 8.76384       41
 8.79606       41
 8.82828       41
 8.8605        41
 8.89272       41
 8.92494       42
 8.95716       42
 8.98938       41
 9.0216        40
 9.05382       37
 9.05382       34
 9.08604       34
 9.11826       34
 9.15048       35
 9.1827        35
 9.21492       36
 9.24714       36
 9.27936       36
 9.31158       37
 9.3438        37
 9.3438        40
 9.37602       44
 9.40824       47
 9.44046       49
 9.47268       51
 9.5049        52
 9.53712       53
 9.56934       54
 9.60156       55
 9.60156       56
 9.63378       56
 9.666         56
 9.69822       57
 9.76266       57
 9.79488       57
 9.8271        57
 9.85932       57
 9.85932       57
 9.89154       57
 9.92376       57
 9.95598       57
 9.9882        57
 10.02042      56
 10.05264      56
 10.08486      56
 10.11708      56
 10.1493       56
 10.1493       56
 10.18152      56
 10.21374      56
 10.24596      55
 10.27818      55
 10.3104       55
 10.34262      55
 10.37484      55
 10.37484      55
 10.40706      55
 10.43928      55
 10.4715       55
 10.50372      55
 10.53594      55
 10.56816      55
 10.60038      55
 10.6326       55
 10.6326       55
 10.66482      55
 10.69704      55
 10.72926      55
 10.76148      55
 10.7937       55
 10.82592      56
 10.85814      56
 10.89036      56
 10.89036      56
 10.92258      56
 10.9548       56
 10.98702      56
 11.01924      56
 11.05146      57
 11.08368      57
 11.1159       57
 11.14812      58
 11.14812      58
 11.18034      59
 11.21256      59
 11.24478      59
 11.277        60
 11.30922      60
 11.34144      60
 11.37366      61
 11.37366      61
 11.40588      61
 11.4381       61
 11.47032      62
 11.50254      62
 11.53476      63
 11.56698      63
 11.5992       63
 11.63142      63
 11.63142      63
 11.66364      64
 11.69586      64
 11.72808      64
 11.7603       64
 11.79252      64
 11.82474      64
 11.85696      65
 11.85696      65
 11.88918      65
 11.9214       65
 11.95362      65
 11.98584      65
 12.01806      65
 12.05028      65
 12.0825       65
 12.11472      65
 12.11472      65
 12.14694      66
 12.17916      66
 12.21138      66
 12.2436       66
 12.27582      66
 12.30804      66
 12.34026      66
 12.34026      66
 12.37248      66
 12.4047       66
 12.43692      66
 12.46914      66
 12.50136      66
 12.53358      66
 12.5658       66
 12.5658       66
 12.59802      66
 12.63024      66
 12.66246      66
 12.69468      66
 12.7269       66
 12.75912      66
 12.79134      66
 12.79134      66
 12.82356      66
 12.85578      66
 12.888        66
 12.92022      66
 12.95244      66
 12.98466      66
 13.01688      66
 13.0491       67
 13.08132      67
 13.11354      67
 13.14576      67
 13.17798      67
 13.2102       67
 13.24242      67
 13.24242      67
 13.27464      67
 13.30686      67
 13.33908      67
 13.3713       67
 13.40352      67
 13.43574      67
 13.43574      68
 13.46796      68
 13.50018      68
 13.5324       68
 13.56462      68
 13.59684      68
 13.62906      68
 13.66128      68
 13.6935       68
 13.6935       68
 13.72572      69
 13.75794      69
 13.79016      69
 13.82238      69
 13.8546       69
 13.88682      69
 13.91904      69
 13.91904      69
 13.95126      70
 13.98348      70
 14.0157       70
 14.04792      70
 14.08014      70
 14.11236      70
 14.11236      70
 14.14458      71
 14.1768       71
 14.20902      71
 14.24124      71
 14.27346      71
 14.30568      72
 14.30568      72
 14.3379       72
 14.37012      72
 14.40234      72
 14.43456      73
 14.46678      73
 14.499        73
 14.53122      73
 14.53122      74
 14.56344      74
 14.59566      74
 14.62788      74
 14.6601       74
 14.69232      74
 14.72454      75
 14.72454      75
 14.75676      75
 14.78898      75
 14.8212       75
 14.85342      76
 14.88564      76
 14.91786      76
 14.91786      76
 14.95008      77
 14.9823       77
 15.01452      77
 15.04674      77
 15.07896      78
 15.11118      78
 15.11118      78
 15.1434       79
 15.17562      79
 15.20784      79
 15.24006      80
 15.27228      80
 15.3045       80
 15.3045       81
 15.33672      81
 15.36894      81
 15.40116      82
 15.43338      82
 15.4656       82
 15.49782      83
 15.49782      83
 15.53004      83
 15.56226      84
 15.59448      84
 15.6267       84
 15.65892      85
 15.69114      85
 15.72336      85
 15.72336      86
 15.75558      86
 15.7878       86
 15.82002      86
 15.85224      87
 15.88446      87
 15.88446      87
 15.91668      88
 15.9489       89
 15.98112      89
 16.01334      90
 16.04556      90
 16.07778      91
 16.07778      92
 16.11         92
 16.14222      92
 16.17444      93
 16.20666      93
 16.2711       93
 16.2711       94
 16.30332      94
 16.33554      94
 16.36776      95
 16.39998      95
 16.4322       95
 16.46442      95
 16.46442      96
 16.49664      96
 16.52886      96
 16.56108      96
 16.5933       96
 16.62552      97
 16.62552      97
 16.65774      97
 16.68996      97
 16.72218      97
 16.7544       97
 16.78662      97
 16.81884      98
 16.81884      98
 16.85106      98
 16.88328      98
 16.9155       98
 16.94772      98
 16.97994      98
 17.01216      98
 17.01216      98
 17.04438      98
 17.0766       98
 17.10882      98
 17.14104      98
 17.17326      98
 17.17326      98
 17.20548      98
 17.2377       98
 17.26992      98
 17.30214      98
 17.33436      98
 17.36658      98
 17.36658      98
 17.3988       98
 17.43102      98
 17.46324      98
 17.49546      97
 17.52768      97
 17.5599       97
 17.5599       97
 17.59212      97
 17.62434      96
 17.65656      96
 17.68878      96
 17.721        96
 17.721        96
 17.75322      96
 17.78544      96
 17.81766      96
 17.84988      96
 17.8821       96
 17.8821       96
 17.91432      96
 17.94654      96
 17.97876      96
 18.01098      96
 18.0432       96
 18.07542      96
 18.07542      96
 18.10764      96
 18.13986      96
 18.17208      96
 18.2043       96
 18.23652      96
 18.23652      96
 18.26874      96
 18.30096      97
 18.33318      97
 18.3654       97
 18.39762      97
 18.39762      97
 18.42984      97
 18.46206      97
 18.49428      97
 18.5265       97
 18.55872      97
 18.59094      97
 18.59094      97
 18.62316      97
 18.65538      98
 18.6876       98
 18.71982      98
 18.75204      98
 18.75204      98
 18.78426      98
 18.81648      98
 18.8487       98
 18.88092      98
 18.91314      99
 18.91314      99
 18.94536      99
 18.97758      99
 19.0098       99
 19.04202      99
 19.07424      99
 19.07424      100
 19.10646      101
 19.13868      101
 19.1709       101
 19.20312      101
 19.23534      101
 19.23534      102
 19.26756      102
 19.29978      102
 19.332        102
 19.36422      102
 19.39644      102
 19.39644      102
 19.42866      103
 19.46088      103
 19.52532      103
 19.55754      103
 19.55754      104
 19.58976      104
 19.62198      104
 19.6542       104
 19.68642      105
 19.71864      105
 19.71864      105
 19.75086      105
 19.78308      106
 19.8153       106
 19.84752      106
 19.87974      107
 19.87974      107
 19.91196      108
 19.94418      108
 19.9764       108
 20.00862      109
 20.04084      109
 20.04084      109
 20.07306      110
 20.10528      110
 20.1375       111
 20.16972      111
 20.20194      111
 20.20194      112
 20.23416      112
 20.26638      113
 20.2986       113
 20.33082      114
 20.36304      114
 20.36304      114
 20.39526      115
 20.42748      115
 20.4597       116
 20.49192      116
 20.52414      116
 20.52414      117
 20.55636      117
 20.58858      118
 20.6208       118
 20.65302      118
 20.68524      117
 20.68524      117
 20.71746      117
 20.74968      117
 20.7819       117
 20.81412      117
 20.81412      117
 20.84634      118
 20.87856      118
 20.91078      118
 20.943        118
 20.97522      119
 20.97522      119
 21.00744      119
 21.03966      120
 21.07188      120
 21.1041       121
 21.1041       121
 21.13632      122
 21.16854      122
 21.20076      122
 21.23298      123
 21.2652       123
 21.2652       124
 21.29742      124
 21.32964      125
 21.36186      127
 21.39408      131
 21.39408      134
 21.4263       138
 21.45852      140
 21.49074      142
 21.52296      144
 21.55518      146
 21.55518      147
 21.5874       148
 21.61962      149
 21.65184      149
 21.68406      150
 21.71628      150
 21.71628      150
 21.7485       150
 21.78072      150
 21.81294      149
 21.84516      149
 21.84516      149
 21.87738      148
 21.9096       148
 21.94182      149
 21.97404      150
 21.97404      151
 22.00626      152
 22.03848      152
 22.0707       152
 22.10292      152
 22.13514      152
 22.13514      151
 22.16736      151
 22.19958      151
 22.2318       150
 22.26402      150
 22.26402      149
 22.29624      148
 22.32846      148
 22.36068      147
 22.3929       146
 22.42512      146
 22.42512      145
 22.45734      144
 22.48956      143
 22.52178      142
 22.554        141
 22.554        141
 22.58622      140
 22.61844      139
 22.65066      138
 22.68288      138
 22.7151       137
 22.7151       137
 22.77954      137
 22.81176      136
 22.84398      136
 22.84398      135
 22.8762       135
 22.90842      135
 22.94064      134
 22.94064      134
 22.97286      134
 23.00508      133
 23.0373       133
 23.06952      133
 23.10174      133
 23.10174      132
 23.13396      132
 23.16618      132
 23.1984       132
 23.23062      131
 23.23062      131
 23.26284      131
 23.29506      131
 23.32728      131
 23.3595       131
 23.3595       131
 23.39172      131
 23.42394      131
 23.45616      131
 23.48838      130
 23.5206       131
 23.5206       131
 23.55282      131
 23.58504      131
 23.61726      131
 23.64948      131
 23.64948      131
 23.6817       131
 23.71392      131
 23.74614      131
 23.77836      131
 23.77836      132
 23.81058      132
 23.8428       132
 23.87502      132
 23.90724      132
 23.93946      132
 23.93946      132
 23.97168      132
 24.0039       133
 24.03612      133
 24.06834      133
 24.06834      134
 24.10056      134
 24.13278      135
 24.165        135
 24.165        135
 24.19722      135
 24.22944      136
 24.26166      136
 24.29388      136
 24.3261       136
 24.3261       136
 24.35832      137
 24.39054      137
 24.42276      137
 24.42276      137
 24.45498      137
 24.4872       138
 24.51942      138
 24.55164      138
 24.55164      138
 24.58386      138
 24.61608      139
 24.6483       139
 24.68052      139
 24.68052      139
 24.71274      140
 24.74496      140
 24.77718      140
 24.8094       140
 24.8094       140
 24.84162      141
 24.87384      141
 24.90606      141
 24.93828      141
 24.93828      142
 24.9705       142
 25.00272      142
 25.03494      143
 25.03494      143
 25.06716      143
 25.09938      144
 25.1316       144
 25.16382      144
 25.16382      144
 25.19604      145
 25.22826      145
 25.26048      146
 25.2927       146
 25.2927       146
 25.32492      146
 25.35714      147
 25.38936      147
 25.42158      147
 25.42158      148
 25.4538       148
 25.48602      148
 25.51824      149
 25.51824      149
 25.55046      150
 25.58268      150
 25.6149       150
 25.64712      150
 25.64712      151
 25.67934      151
 25.71156      151
 25.74378      152
 25.776        152
 25.776        153
 25.80822      153
 25.84044      153
 25.87266      154
 25.90488      154
 25.90488      154
 25.9371       155
 25.96932      155
 26.03376      156
 26.03376      156
 26.06598      156
 26.0982       157
 26.13042      157
 26.13042      157
 26.16264      158
 26.19486      158
 26.22708      158
 26.2593       159
 26.2593       159
 26.29152      159
 26.32374      159
 26.35596      160
 26.35596      160
 26.38818      160
 26.4204       160
 26.45262      160
 26.48484      161
 26.48484      161
 26.51706      161
 26.54928      161
 26.5815       161
 26.5815       161
 26.61372      162
 26.64594      162
 26.67816      162
 26.71038      162
 26.71038      162
 26.7426       162
 26.77482      162
 26.80704      162
 26.83926      162
 26.83926      162
 26.87148      162
 26.9037       162
 26.93592      162
 26.93592      162
 26.96814      161
 27.00036      160
 27.03258      158
 27.03258      158
 27.0648       157
 27.09702      156
 27.12924      156
 27.16146      155
 27.16146      155
 27.19368      155
 27.2259       154
 27.25812      154
 27.25812      154
 27.29034      154
 27.32256      154
 27.35478      154
 27.387        154
 27.387        154
 27.41922      154
 27.45144      154
 27.48366      154
 27.48366      154
 27.51588      154
 27.5481       154
 27.58032      154
 27.58032      155
 27.61254      155
 27.64476      155
 27.67698      155
 27.7092       155
 27.7092       155
 27.74142      156
 27.77364      156
 27.80586      156
 27.80586      156
 27.83808      156
 27.8703       156
 27.90252      156
 27.90252      156
 27.93474      156
 27.96696      156
 27.99918      156
 27.99918      156
 28.0314       156
 28.06362      156
 28.09584      156
 28.12806      156
 28.12806      156
 28.16028      156
