 0             0
 0             0
 0             0
 0             0
 0             0
 0             0
 0             0
 0             0
 0             0
 0             0
 0             0
 0             0
 0             0
 3.222e-002    0
 3.222e-002    0
 6.444e-002    0
 6.444e-002    0
 9.666e-002    0
 0.12888       0
 0.1611        0
 0.1611        0
 0.19332       0
 0.22554       0
 0.25776       0
 0.28998       0
 0.3222        0
 0.35442       0
 0.35442       0
 0.38664       0
 0.41886       0
 0.45108       0
 0.4833        0
 0.51552       0
 0.54774       0
 0.57996       0
 0.61218       0
 0.61218       0
 0.6444        0
 0.67662       0
 0.70884       0
 0.74106       0
 0.77328       0
 0.8055        0
 0.83772       0
 0.86994       0
 0.90216       0
 0.90216       0
 0.93438       0
 0.9666        0
 0.99882       0
 1.03104       0
 1.06326       0
 1.09548       0
 1.1277        0
 1.15992       0
 1.19214       0
 1.22436       0
 1.25658       0
 1.25658       0
 1.2888        0
 1.32102       0
 1.35324       0
 1.38546       0
 1.41768       0
 1.4499        0
 1.48212       0
 1.51434       0
 1.54656       0
 1.57878       0
 1.611         0
 1.64322       0
 1.67544       0
 1.67544       0
 1.70766       0
 1.73988       0
 1.7721        0
 1.80432       0
 1.83654       0
 1.86876       0
 1.90098       0
 1.9332        0
 1.96542       0
 1.99764       0
 2.02986       0
 2.06208       0
 2.06208       0
 2.0943        0
 2.12652       0
 2.15874       0
 2.19096       0
 2.22318       0
 2.2554        0
 2.28762       0
 2.31984       0
 2.35206       0
 2.38428       0
 2.4165        0
 2.44872       0
 2.44872       0
 2.48094       0
 2.51316       0
 2.54538       0
 2.5776        0
 2.60982       0
 2.64204       0
 2.67426       0
 2.70648       0
 2.7387        0
 2.77092       0
 2.80314       0
 2.83536       0
 2.86758       0
 2.86758       0
 2.8998        0
 2.93202       0
 2.96424       0
 2.99646       0
 3.02868       0
 3.0609        0
 3.09312       0
 3.12534       0
 3.15756       0
 3.18978       0
 3.222         0
 3.25422       0
 3.28644       0
 3.31866       0
 3.35088       0
 3.3831        0
 3.41532       0
 3.44754       0
 3.47976       0
 3.51198       0
 3.5442        0
 3.57642       0
 3.60864       0
 3.60864       0
 3.64086       0
 3.67308       0
 3.7053        0
 3.73752       0
 3.76974       0
 3.80196       0
 3.83418       0
 3.8664        0
 3.89862       0
 3.93084       0
 3.96306       0
 3.96306       0
 3.99528       0
 4.0275        0
 4.05972       0
 4.09194       0
 4.12416       0
 4.15638       0
 4.1886        0
 4.22082       0
 4.25304       0
 4.28526       0
 4.31748       0
 4.31748       0
 4.3497        0
 4.38192       0
 4.41414       0
 4.44636       0
 4.47858       0
 4.5108        0
 4.54302       0
 4.57524       0
 4.60746       0
 4.63968       0
 4.6719        0
 4.70412       0
 4.70412       0
 4.73634       0
 4.76856       0
 4.80078       0
 4.833         0
 4.86522       0
 4.89744       0
 4.92966       0
 4.96188       0
 4.9941        0
 5.02632       0
 5.05854       0
 5.05854       0
 5.09076       0
 5.12298       0
 5.1552        0
 5.18742       0
 5.21964       0
 5.25186       0
 5.28408       0
 5.3163        0
 5.34852       0
 5.38074       0
 5.38074       0
 5.41296       0
 5.44518       0
 5.4774        0
 5.50962       0
 5.54184       0
 5.57406       0
 5.60628       0
 5.6385        0
 5.67072       0
 5.70294       0
 5.70294       0
 5.73516       0
 5.76738       0
 5.7996        0
 5.83182       0
 5.86404       0
 5.89626       0
 5.92848       0
 5.9607        0
 5.99292       0
 6.02514       0
 6.02514       0
 6.05736       0
 6.08958       0
 6.1218        0
 6.15402       0
 6.18624       0
 6.21846       0
 6.25068       0
 6.2829        0
 6.31512       0
 6.34734       0
 6.34734       0
 6.37956       0
 6.41178       0
 6.444         0
 6.50844       0
 6.54066       0
 6.57288       0
 6.6051        0
 6.63732       0
 6.63732       0
 6.66954       0
 6.70176       0
 6.73398       0
 6.7662        0
 6.79842       0
 6.83064       0
 6.86286       0
 6.89508       0
 6.9273        0
 6.95952       0
 6.95952       0
 6.99174       0
 7.02396       0
 7.05618       0
 7.0884        0
 7.12062       0
 7.15284       0
 7.18506       0
 7.21728       0
 7.2495        0
 7.2495        0
 7.28172       0
 7.31394       0
 7.34616       0
 7.37838       0
 7.4106        0
 7.44282       0
 7.47504       0
 7.50726       0
 7.53948       0
 7.53948       0
 7.5717        0
 7.60392       0
 7.63614       0
 7.66836       0
 7.70058       0
 7.7328        0
 7.76502       0
 7.79724       0
 7.82946       0
 7.82946       0
 7.86168       0
 7.8939        0
 7.92612       0
 7.95834       0
 7.99056       0
 8.02278       0
 8.055         0
 8.08722       0
 8.11944       0
 8.11944       0
 8.15166       0
 8.18388       0
 8.2161        0
 8.24832       0
 8.28054       0
 8.31276       0
 8.34498       0
 8.3772        0
 8.3772        0
 8.40942       0
 8.44164       0
 8.47386       0
 8.50608       0
 8.5383        0
 8.57052       0
 8.60274       0
 8.63496       0
 8.66718       0
 8.66718       0
 8.6994        0
 8.73162       0
 8.76384       0
 8.79606       0
 8.82828       0
 8.8605        0
 8.89272       0
 8.92494       0
 8.92494       0
 8.95716       0
 8.98938       0
 9.0216        0
 9.05382       0
 9.08604       0
 9.11826       0
 9.15048       0
 9.1827        0
 9.21492       0
 9.21492       0
 9.24714       0
 9.27936       0
 9.31158       0
 9.3438        0
 9.37602       0
 9.40824       0
 9.44046       0
 9.47268       0
 9.47268       0
 9.5049        0
 9.53712       0
 9.56934       0
 9.60156       0
 9.63378       0
 9.666         0
 9.69822       0
 9.73044       0
 9.76266       0
 9.79488       0
 9.8271        0
 9.85932       0
 9.89154       0
 9.92376       0
 9.95598       0
 9.95598       0
 9.9882        0
 10.02042      0
 10.05264      0
 10.08486      0
 10.11708      0
 10.1493       0
 10.18152      0
 10.21374      0
 10.21374      0
 10.24596      0
 10.27818      0
 10.3104       0
 10.34262      0
 10.37484      0
 10.40706      0
 10.43928      0
 10.43928      0
 10.4715       1
 10.50372      1
 10.53594      2
 10.56816      2
 10.60038      2
 10.6326       3
 10.66482      3
 10.69704      3
 10.69704      3
 10.72926      3
 10.76148      3
 10.7937       4
 10.82592      4
 10.85814      4
 10.89036      4
 10.92258      4
 10.92258      4
 10.9548       4
 10.98702      4
 11.01924      4
 11.05146      4
 11.08368      4
 11.1159       4
 11.14812      4
 11.18034      4
 11.18034      5
 11.21256      5
 11.24478      6
 11.277        6
 11.30922      6
 11.34144      6
 11.37366      7
 11.40588      7
 11.40588      7
 11.4381       7
 11.47032      7
 11.50254      7
 11.53476      7
 11.56698      7
 11.5992       7
 11.63142      7
 11.63142      7
 11.66364      7
 11.69586      7
 11.72808      7
 11.7603       7
 11.79252      7
 11.82474      7
 11.85696      7
 11.85696      7
 11.88918      7
 11.9214       7
 11.95362      7
 11.98584      7
 12.01806      7
 12.05028      7
 12.0825       8
 12.0825       8
 12.11472      8
 12.14694      8
 12.17916      8
 12.21138      8
 12.2436       8
 12.27582      8
 12.30804      8
 12.30804      8
 12.34026      8
 12.37248      8
 12.4047       8
 12.43692      8
 12.46914      8
 12.50136      8
 12.53358      8
 12.53358      8
 12.5658       8
 12.59802      9
 12.63024      9
 12.66246      9
 12.69468      9
 12.7269       9
 12.75912      9
 12.75912      9
 12.79134      9
 12.82356      9
 12.85578      9
 12.888        9
 12.92022      9
 12.95244      9
 12.98466      9
 13.01688      10
 13.0491       9
 13.08132      10
 13.11354      10
 13.14576      10
 13.17798      10
 13.17798      10
 13.2102       10
 13.24242      10
 13.27464      10
 13.30686      10
 13.33908      11
 13.3713       11
 13.40352      11
 13.40352      11
 13.43574      11
 13.46796      11
 13.50018      11
 13.5324       12
 13.56462      12
 13.59684      12
 13.59684      12
 13.62906      12
 13.66128      12
 13.6935       13
 13.72572      13
 13.75794      13
 13.79016      13
 13.82238      13
 13.82238      13
 13.8546       13
 13.88682      13
 13.91904      13
 13.95126      13
 13.98348      13
 14.0157       13
 14.0157       13
 14.04792      13
 14.08014      13
 14.11236      14
 14.14458      14
 14.1768       14
 14.20902      14
 14.20902      14
 14.24124      14
 14.27346      14
 14.30568      14
 14.3379       14
 14.37012      15
 14.40234      15
 14.43456      15
 14.43456      15
 14.46678      15
 14.499        15
 14.53122      15
 14.56344      16
 14.59566      16
 14.59566      16
 14.62788      16
 14.6601       16
 14.69232      16
 14.72454      16
 14.75676      16
 14.78898      16
 14.78898      16
 14.8212       16
 14.85342      16
 14.88564      17
 14.91786      17
 14.95008      17
 14.9823       17
 14.9823       17
 15.01452      17
 15.04674      18
 15.07896      18
 15.11118      18
 15.1434       18
 15.17562      18
 15.20784      19
 15.20784      19
 15.24006      19
 15.27228      19
 15.3045       20
 15.33672      20
 15.36894      20
 15.36894      20
 15.40116      20
 15.43338      20
 15.4656       21
 15.49782      21
 15.53004      21
 15.56226      21
 15.56226      21
 15.59448      21
 15.6267       22
 15.65892      22
 15.69114      22
 15.72336      22
 15.75558      22
 15.75558      22
 15.7878       22
 15.82002      23
 15.85224      23
 15.88446      23
 15.91668      23
 15.9489       23
 15.9489       23
 15.98112      23
 16.01334      24
 16.04556      24
 16.07778      24
 16.11         24
 16.11         24
 16.14222      24
 16.17444      25
 16.20666      25
 16.2711       26
 16.30332      26
 16.30332      27
 16.33554      27
 16.36776      27
 16.39998      27
 16.4322       28
 16.46442      28
 16.49664      28
 16.49664      28
 16.52886      28
 16.56108      28
 16.5933       29
 16.62552      29
 16.65774      29
 16.65774      29
 16.68996      29
 16.72218      29
 16.7544       29
 16.78662      29
 16.81884      29
 16.81884      29
 16.85106      29
 16.88328      29
 16.9155       29
 16.94772      29
 16.97994      30
 17.01216      30
 17.01216      30
 17.04438      30
 17.0766       30
 17.10882      30
 17.14104      30
 17.17326      30
 17.17326      30
 17.20548      30
 17.2377       30
 17.26992      30
 17.30214      30
 17.33436      30
 17.33436      31
 17.36658      31
 17.3988       31
 17.43102      31
 17.46324      31
 17.49546      31
 17.52768      31
 17.52768      31
 17.5599       31
 17.59212      31
 17.62434      31
 17.65656      31
 17.68878      31
 17.68878      31
 17.721        31
 17.75322      32
 17.78544      32
 17.81766      32
 17.84988      32
 17.84988      32
 17.8821       32
 17.91432      32
 17.94654      32
 17.97876      33
 18.01098      33
 18.0432       33
 18.0432       33
 18.07542      33
 18.10764      34
 18.13986      34
 18.17208      34
 18.2043       34
 18.2043       34
 18.23652      35
 18.26874      35
 18.30096      35
 18.33318      35
 18.3654       35
 18.3654       35
 18.39762      35
 18.42984      36
 18.46206      36
 18.49428      36
 18.5265       36
 18.5265       36
 18.55872      36
 18.59094      36
 18.62316      36
 18.65538      37
 18.6876       37
 18.6876       37
 18.71982      37
 18.75204      37
 18.78426      37
 18.81648      37
 18.8487       37
 18.8487       37
 18.88092      37
 18.91314      38
 18.94536      39
 18.97758      40
 19.0098       41
 19.0098       42
 19.04202      42
 19.07424      43
 19.10646      43
 19.13868      44
 19.13868      44
 19.1709       44
 19.20312      44
 19.23534      44
 19.26756      44
 19.29978      44
 19.332        44
 19.332        44
 19.36422      44
 19.39644      44
 19.42866      44
 19.46088      44
 19.4931       44
 19.52532      44
 19.55754      44
 19.58976      44
 19.62198      44
 19.6542       44
 19.6542       44
 19.68642      44
 19.71864      44
 19.75086      44
 19.78308      44
 19.78308      44
 19.8153       44
 19.84752      44
 19.87974      44
 19.91196      44
 19.94418      44
 19.94418      44
 19.9764       44
 20.00862      44
 20.04084      44
 20.07306      44
 20.10528      44
 20.10528      44
 20.1375       44
 20.16972      44
 20.20194      45
 20.23416      45
 20.26638      45
 20.26638      45
 20.2986       45
 20.33082      45
 20.36304      45
 20.39526      45
 20.42748      45
 20.42748      45
 20.4597       45
 20.49192      45
 20.52414      46
 20.55636      46
 20.55636      46
 20.58858      46
 20.6208       46
 20.65302      46
 20.68524      46
 20.71746      46
 20.71746      46
 20.74968      46
 20.7819       47
 20.81412      47
 20.84634      47
 20.84634      47
 20.87856      47
 20.91078      47
 20.943        47
 20.97522      47
 21.00744      47
 21.00744      47
 21.03966      48
 21.07188      48
 21.1041       48
 21.13632      48
 21.13632      48
 21.16854      48
 21.20076      48
 21.23298      49
 21.2652       49
 21.29742      49
 21.29742      49
 21.32964      49
 21.36186      49
 21.39408      50
 21.4263       50
 21.45852      50
 21.45852      50
 21.49074      51
 21.52296      56
 21.55518      61
 21.5874       64
 21.5874       68
 21.61962      70
 21.65184      72
 21.68406      73
 21.71628      74
 21.71628      75
 21.7485       76
 21.78072      76
 21.81294      76
 21.84516      76
 21.87738      76
 21.87738      76
 21.9096       76
 21.94182      75
 21.97404      75
 22.00626      75
 22.00626      74
 22.03848      74
 22.0707       73
 22.10292      73
 22.13514      72
 22.13514      72
 22.16736      71
 22.19958      71
 22.2318       70
 22.26402      70
 22.29624      69
 22.29624      69
 22.32846      68
 22.36068      68
 22.3929       67
 22.42512      67
 22.42512      66
 22.45734      66
 22.48956      66
 22.52178      65
 22.554        65
 22.554        64
 22.58622      64
 22.61844      63
 22.65066      63
 22.68288      63
 22.7151       63
 22.7151       62
 22.77954      62
 22.81176      62
 22.81176      62
 22.84398      61
 22.8762       61
 22.90842      61
 22.94064      61
 22.94064      61
 22.97286      61
 23.00508      61
 23.0373       61
 23.06952      61
 23.06952      61
 23.10174      61
 23.13396      61
 23.16618      61
 23.1984       61
 23.1984       61
 23.23062      61
 23.26284      61
 23.29506      62
 23.32728      64
 23.32728      66
 23.3595       71
 23.39172      76
 23.42394      81
 23.45616      84
 23.48838      87
 23.48838      89
 23.5206       91
 23.55282      93
 23.58504      94
 23.61726      94
 23.61726      95
 23.64948      95
 23.6817       95
 23.71392      95
 23.71392      94
 23.74614      94
 23.77836      93
 23.81058      93
 23.8428       92
 23.8428       92
 23.87502      91
 23.90724      90
 23.93946      90
 23.97168      89
 23.97168      88
 24.0039       88
 24.03612      87
 24.06834      86
 24.10056      85
 24.10056      85
 24.13278      84
 24.165        83
 24.19722      83
 24.22944      82
 24.22944      82
 24.26166      81
 24.29388      80
 24.3261       80
 24.35832      79
 24.35832      79
 24.39054      78
 24.42276      78
 24.45498      78
 24.4872       77
 24.4872       77
 24.51942      76
 24.55164      76
 24.58386      76
 24.61608      75
 24.61608      75
 24.6483       75
 24.68052      74
 24.71274      73
 24.74496      73
 24.74496      72
 24.77718      72
 24.8094       72
 24.84162      71
 24.84162      71
 24.87384      71
 24.90606      71
 24.93828      71
 24.9705       71
 24.9705       71
 25.00272      70
 25.03494      70
 25.06716      70
 25.09938      70
 25.09938      70
 25.1316       70
 25.16382      70
 25.19604      70
 25.19604      70
 25.22826      70
 25.26048      70
 25.2927       70
 25.32492      70
 25.32492      70
 25.35714      70
 25.38936      70
 25.42158      70
 25.4538       70
 25.4538       70
 25.48602      70
 25.51824      70
 25.55046      70
 25.55046      70
 25.58268      70
 25.6149       71
 25.64712      71
 25.67934      71
 25.67934      71
 25.71156      71
 25.74378      71
 25.776        71
 25.776        72
 25.80822      72
 25.84044      72
 25.87266      72
 25.90488      73
 25.90488      73
 25.9371       73
 25.96932      73
 26.03376      73
 26.03376      73
 26.06598      74
 26.0982       74
 26.13042      74
 26.16264      74
 26.16264      74
 26.19486      74
 26.22708      74
 26.2593       74
 26.2593       75
 26.29152      75
 26.32374      75
 26.35596      75
 26.35596      75
 26.38818      75
 26.4204       75
 26.45262      75
 26.48484      76
 26.48484      76
 26.51706      76
 26.54928      76
 26.5815       76
 26.5815       76
 26.61372      76
 26.64594      77
 26.67816      77
 26.71038      77
 26.71038      77
 26.7426       77
 26.77482      77
 26.80704      77
 26.83926      78
 26.83926      78
 26.87148      78
 26.9037       78
 26.93592      78
 26.93592      79
 26.96814      79
 27.00036      79
 27.03258      79
 27.03258      79
 27.0648       80
 27.09702      80
 27.12924      81
 27.16146      81
 27.16146      82
 27.19368      82
 27.2259       84
 27.25812      85
 27.25812      86
 27.29034      87
 27.32256      88
 27.35478      88
 27.35478      89
 27.387        89
 27.41922      90
 27.45144      90
 27.48366      90
 27.48366      90
 27.51588      90
 27.5481       90
 27.58032      90
 27.58032      90
 27.61254      89
 27.64476      89
 27.67698      89
 27.67698      89
 27.7092       89
 27.74142      89
 27.77364      89
 27.77364      89
 27.80586      88
 27.83808      88
 27.8703       88
 27.8703       88
 27.90252      88
 27.93474      88
 27.96696      88
 27.99918      88
 27.99918      88
