 0             0
 0             0
 0             0
 0             0
 0             0
 0             0
 0             0
 0             0
 0             0
 0             0
 0             0
 0             0
 0             0
 0             0
 3.222e-002    0
 6.444e-002    0
 6.444e-002    0
 9.666e-002    0
 0.12888       0
 0.1611        0
 0.19332       0
 0.19332       0
 0.22554       0
 0.25776       0
 0.28998       0
 0.3222        0
 0.35442       0
 0.35442       0
 0.38664       0
 0.41886       0
 0.45108       0
 0.4833        0
 0.51552       0
 0.54774       0
 0.57996       0
 0.57996       0
 0.61218       0
 0.6444        0
 0.67662       0
 0.70884       0
 0.74106       0
 0.77328       0
 0.8055        0
 0.83772       0
 0.86994       0
 0.90216       0
 0.90216       0
 0.93438       0
 0.9666        0
 0.99882       0
 1.03104       0
 1.06326       0
 1.09548       0
 1.1277        0
 1.15992       0
 1.19214       0
 1.22436       0
 1.25658       0
 1.2888        0
 1.2888        0
 1.32102       0
 1.35324       0
 1.38546       0
 1.41768       0
 1.4499        0
 1.48212       0
 1.51434       0
 1.54656       0
 1.57878       0
 1.611         0
 1.64322       0
 1.67544       0
 1.70766       0
 1.70766       0
 1.73988       0
 1.7721        0
 1.80432       0
 1.83654       0
 1.86876       0
 1.90098       0
 1.9332        0
 1.96542       0
 1.99764       0
 2.02986       0
 2.06208       0
 2.0943        0
 2.0943        0
 2.12652       0
 2.15874       0
 2.19096       0
 2.22318       0
 2.2554        0
 2.28762       0
 2.31984       0
 2.35206       0
 2.38428       0
 2.4165        0
 2.44872       0
 2.48094       0
 2.48094       0
 2.51316       0
 2.54538       0
 2.5776        0
 2.60982       0
 2.64204       0
 2.67426       0
 2.70648       0
 2.7387        2
 2.77092       3
 2.80314       4
 2.83536       4
 2.86758       4
 2.8998        4
 2.8998        3
 2.93202       3
 2.96424       3
 2.99646       2
 3.02868       3
 3.0609        4
 3.09312       4
 3.12534       4
 3.15756       4
 3.18978       4
 3.222         3
 3.25422       3
 3.28644       3
 3.31866       3
 3.35088       2
 3.3831        2
 3.41532       1
 3.44754       2
 3.47976       3
 3.51198       3
 3.5442        3
 3.57642       3
 3.60864       4
 3.60864       4
 3.64086       4
 3.67308       4
 3.7053        3
 3.73752       3
 3.76974       3
 3.80196       3
 3.83418       3
 3.8664        2
 3.89862       2
 3.93084       2
 3.96306       2
 3.99528       1
 3.99528       1
 4.0275        1
 4.05972       1
 4.09194       1
 4.12416       1
 4.15638       1
 4.1886        1
 4.22082       1
 4.25304       0
 4.28526       0
 4.31748       0
 4.3497        0
 4.3497        0
 4.38192       0
 4.41414       0
 4.44636       0
 4.47858       0
 4.5108        0
 4.54302       0
 4.57524       0
 4.60746       0
 4.63968       0
 4.6719        0
 4.70412       0
 4.70412       0
 4.73634       0
 4.76856       0
 4.80078       0
 4.833         0
 4.86522       0
 4.89744       0
 4.92966       0
 4.96188       0
 4.9941        0
 5.02632       0
 5.05854       0
 5.05854       0
 5.09076       0
 5.12298       0
 5.1552        0
 5.18742       0
 5.21964       0
 5.25186       0
 5.28408       0
 5.3163        0
 5.34852       0
 5.38074       0
 5.38074       0
 5.41296       0
 5.44518       0
 5.4774        0
 5.50962       0
 5.54184       0
 5.57406       0
 5.60628       0
 5.6385        0
 5.67072       0
 5.70294       0
 5.73516       0
 5.73516       0
 5.76738       0
 5.7996        0
 5.83182       0
 5.86404       0
 5.89626       0
 5.92848       0
 5.9607        0
 5.99292       0
 6.02514       0
 6.05736       0
 6.05736       0
 6.08958       0
 6.1218        0
 6.15402       0
 6.18624       0
 6.21846       0
 6.25068       1
 6.2829        1
 6.31512       2
 6.34734       2
 6.34734       2
 6.37956       3
 6.41178       3
 6.444         3
 6.50844       4
 6.54066       4
 6.57288       4
 6.6051        5
 6.63732       5
 6.63732       5
 6.66954       6
 6.70176       6
 6.73398       7
 6.7662        7
 6.79842       7
 6.83064       8
 6.86286       8
 6.89508       8
 6.9273        9
 6.9273        9
 6.95952       10
 6.99174       10
 7.02396       10
 7.05618       11
 7.0884        12
 7.12062       12
 7.15284       13
 7.18506       14
 7.21728       14
 7.2495        15
 7.2495        15
 7.28172       16
 7.31394       17
 7.34616       17
 7.37838       18
 7.4106        18
 7.44282       18
 7.47504       18
 7.50726       18
 7.53948       17
 7.53948       17
 7.5717        17
 7.60392       16
 7.63614       16
 7.66836       16
 7.70058       16
 7.7328        16
 7.76502       16
 7.79724       16
 7.82946       16
 7.82946       16
 7.86168       17
 7.8939        17
 7.92612       17
 7.95834       17
 7.99056       17
 8.02278       17
 8.055         17
 8.08722       17
 8.08722       18
 8.11944       18
 8.15166       18
 8.18388       18
 8.2161        18
 8.24832       18
 8.28054       18
 8.31276       18
 8.34498       18
 8.34498       18
 8.3772        19
 8.40942       19
 8.44164       19
 8.47386       19
 8.50608       19
 8.5383        19
 8.57052       19
 8.60274       19
 8.63496       19
 8.63496       19
 8.66718       19
 8.6994        19
 8.73162       19
 8.76384       20
 8.79606       20
 8.82828       20
 8.8605        20
 8.89272       20
 8.89272       20
 8.92494       20
 8.95716       20
 8.98938       20
 9.0216        20
 9.05382       20
 9.08604       20
 9.11826       21
 9.15048       21
 9.15048       21
 9.1827        21
 9.21492       21
 9.24714       21
 9.27936       21
 9.31158       21
 9.3438        21
 9.37602       21
 9.40824       21
 9.40824       22
 9.44046       22
 9.47268       22
 9.5049        22
 9.53712       22
 9.56934       22
 9.60156       22
 9.63378       22
 9.666         23
 9.666         23
 9.69822       23
 9.76266       23
 9.79488       23
 9.8271        24
 9.85932       24
 9.89154       24
 9.92376       24
 9.92376       25
 9.95598       25
 9.9882        25
 10.02042      25
 10.05264      25
 10.08486      26
 10.11708      26
 10.1493       26
 10.1493       27
 10.18152      27
 10.21374      27
 10.24596      28
 10.27818      28
 10.3104       28
 10.34262      29
 10.37484      29
 10.40706      29
 10.40706      30
 10.43928      30
 10.4715       31
 10.50372      31
 10.53594      31
 10.56816      32
 10.60038      32
 10.6326       33
 10.6326       33
 10.66482      34
 10.69704      34
 10.72926      35
 10.76148      35
 10.7937       36
 10.82592      37
 10.85814      37
 10.85814      38
 10.89036      39
 10.92258      39
 10.9548       40
 10.98702      41
 11.01924      41
 11.05146      42
 11.08368      43
 11.1159       43
 11.1159       44
 11.14812      45
 11.18034      45
 11.21256      46
 11.24478      47
 11.277        48
 11.30922      49
 11.34144      50
 11.34144      51
 11.37366      52
 11.40588      52
 11.4381       53
 11.47032      54
 11.50254      55
 11.53476      56
 11.56698      57
 11.56698      58
 11.5992       59
 11.63142      59
 11.66364      60
 11.69586      61
 11.72808      62
 11.7603       63
 11.79252      64
 11.79252      65
 11.82474      65
 11.85696      66
 11.88918      67
 11.9214       68
 11.95362      68
 11.98584      69
 12.01806      70
 12.01806      70
 12.05028      71
 12.0825       71
 12.11472      72
 12.14694      72
 12.17916      73
 12.21138      73
 12.2436       74
 12.2436       74
 12.27582      74
 12.30804      74
 12.34026      75
 12.37248      75
 12.4047       75
 12.43692      75
 12.46914      75
 12.46914      75
 12.50136      75
 12.53358      75
 12.5658       75
 12.59802      75
 12.63024      75
 12.66246      75
 12.69468      75
 12.69468      75
 12.7269       75
 12.75912      74
 12.79134      74
 12.82356      74
 12.85578      74
 12.888        73
 12.888        73
 12.92022      73
 12.95244      72
 13.01688      72
 13.0491       72
 13.08132      71
 13.11354      71
 13.11354      71
 13.14576      70
 13.17798      70
 13.2102       69
 13.24242      69
 13.27464      68
 13.30686      68
 13.30686      67
 13.33908      67
 13.3713       66
 13.40352      66
 13.43574      65
 13.46796      65
 13.50018      65
 13.5324       64
 13.5324       64
 13.56462      63
 13.59684      63
 13.62906      62
 13.66128      61
 13.6935       61
 13.72572      60
 13.72572      60
 13.75794      59
 13.79016      59
 13.82238      58
 13.8546       58
 13.88682      58
 13.91904      57
 13.91904      57
 13.95126      57
 13.98348      56
 14.0157       56
 14.04792      56
 14.08014      55
 14.11236      55
 14.14458      55
 14.14458      55
 14.1768       55
 14.20902      55
 14.24124      54
 14.27346      54
 14.30568      54
 14.3379       54
 14.3379       54
 14.37012      54
 14.40234      54
 14.43456      54
 14.46678      54
 14.499        54
 14.53122      54
 14.53122      54
 14.56344      54
 14.59566      55
 14.62788      55
 14.6601       55
 14.69232      55
 14.69232      56
 14.72454      56
 14.75676      57
 14.78898      57
 14.8212       58
 14.85342      58
 14.88564      59
 14.88564      59
 14.91786      60
 14.95008      61
 14.9823       62
 15.01452      63
 15.04674      63
 15.07896      64
 15.07896      65
 15.11118      65
 15.1434       66
 15.17562      66
 15.20784      67
 15.24006      68
 15.27228      68
 15.27228      69
 15.3045       70
 15.33672      70
 15.36894      71
 15.40116      72
 15.43338      72
 15.4656       73
 15.4656       74
 15.49782      75
 15.53004      76
 15.56226      76
 15.59448      77
 15.6267       78
 15.6267       79
 15.65892      80
 15.69114      81
 15.72336      82
 15.75558      83
 15.7878       84
 15.82002      85
 15.82002      86
 15.85224      87
 15.88446      89
 15.91668      90
 15.9489       91
 15.98112      92
 16.01334      93
 16.01334      94
 16.04556      96
 16.07778      97
 16.11         98
 16.14222      100
 16.17444      102
 16.20666      103
 16.20666      104
 16.2711       106
 16.30332      107
 16.33554      108
 16.36776      110
 16.36776      111
 16.39998      112
 16.4322       113
 16.46442      115
 16.49664      116
 16.52886      117
 16.52886      119
 16.56108      120
 16.5933       121
 16.62552      122
 16.65774      123
 16.68996      125
 16.68996      126
 16.72218      127
 16.7544       128
 16.78662      129
 16.81884      129
 16.85106      130
 16.88328      131
 16.88328      132
 16.9155       133
 16.94772      133
 16.97994      134
 17.01216      135
 17.04438      135
 17.04438      136
 17.0766       136
 17.10882      136
 17.14104      137
 17.17326      137
 17.20548      137
 17.20548      137
 17.2377       137
 17.26992      137
 17.30214      137
 17.33436      136
 17.36658      136
 17.3988       136
 17.3988       135
 17.43102      135
 17.46324      135
 17.49546      134
 17.52768      134
 17.5599       133
 17.5599       133
 17.59212      132
 17.62434      131
 17.65656      131
 17.68878      130
 17.721        129
 17.721        129
 17.75322      128
 17.78544      127
 17.81766      126
 17.84988      125
 17.8821       124
 17.8821       124
 17.91432      123
 17.94654      122
 17.97876      121
 18.01098      120
 18.0432       119
 18.07542      118
 18.07542      117
 18.10764      116
 18.13986      115
 18.17208      114
 18.2043       113
 18.23652      112
 18.23652      111
 18.26874      110
 18.30096      109
 18.33318      108
 18.3654       108
 18.3654       107
 18.39762      106
 18.42984      105
 18.46206      104
 18.49428      103
 18.5265       102
 18.5265       101
 18.55872      99
 18.59094      98
 18.62316      97
 18.65538      96
 18.6876       96
 18.6876       95
 18.71982      94
 18.75204      93
 18.78426      92
 18.81648      92
 18.8487       91
 18.8487       90
 18.88092      90
 18.91314      89
 18.94536      89
 18.97758      88
 19.0098       87
 19.0098       87
 19.04202      87
 19.07424      87
 19.10646      86
 19.13868      86
 19.1709       86
 19.1709       85
 19.20312      85
 19.23534      85
 19.26756      85
 19.29978      84
 19.332        84
 19.332        84
 19.36422      84
 19.39644      84
 19.42866      84
 19.46088      84
 19.4931       84
 19.52532      84
 19.55754      84
 19.58976      84
 19.62198      85
 19.6542       85
 19.6542       85
 19.68642      85
 19.71864      86
 19.75086      86
 19.78308      86
 19.78308      87
 19.8153       87
 19.84752      88
 19.87974      89
 19.91196      89
 19.94418      90
 19.94418      91
 19.9764       92
 20.00862      93
 20.04084      93
 20.07306      94
 20.07306      95
 20.10528      96
 20.1375       97
 20.16972      98
 20.20194      99
 20.23416      100
 20.23416      101
 20.26638      102
 20.2986       103
 20.33082      104
 20.36304      106
 20.39526      107
 20.39526      108
 20.42748      109
 20.4597       110
 20.49192      111
 20.52414      112
 20.52414      114
 20.55636      115
 20.58858      116
 20.6208       118
 20.65302      119
 20.68524      120
 20.68524      122
 20.71746      123
 20.74968      125
 20.7819       126
 20.81412      128
 20.81412      130
 20.84634      135
 20.87856      139
 20.91078      142
 20.943        145
 20.97522      148
 20.97522      150
 21.00744      152
 21.03966      154
 21.07188      156
 21.1041       158
 21.1041       159
 21.13632      160
 21.16854      162
 21.20076      163
 21.23298      164
 21.23298      165
 21.2652       166
 21.29742      167
 21.32964      168
 21.36186      169
 21.39408      170
 21.39408      171
 21.4263       172
 21.45852      173
 21.49074      173
 21.52296      174
 21.52296      175
 21.55518      176
 21.5874       176
 21.61962      177
 21.65184      177
 21.68406      178
 21.68406      179
 21.71628      179
 21.7485       180
 21.78072      180
 21.81294      180
 21.81294      181
 21.84516      181
 21.87738      181
 21.9096       181
 21.94182      181
 21.94182      181
 21.97404      184
 22.00626      193
 22.03848      199
 22.0707       205
 22.0707       209
 22.10292      212
 22.13514      214
 22.16736      215
 22.19958      216
 22.2318       216
 22.2318       216
 22.26402      216
 22.29624      215
 22.32846      214
 22.36068      213
 22.36068      211
 22.3929       210
 22.42512      208
 22.45734      207
 22.48956      205
 22.48956      203
 22.52178      200
 22.554        198
 22.58622      196
 22.61844      194
 22.61844      192
 22.65066      190
 22.68288      188
 22.7151       186
 22.74732      184
 22.77954      182
 22.81176      180
 22.84398      178
 22.8762       176
 22.8762       174
 22.90842      172
 22.94064      170
 22.97286      168
 23.00508      166
 23.00508      164
 23.0373       162
 23.06952      161
 23.10174      159
 23.13396      157
 23.13396      155
 23.16618      154
 23.1984       152
 23.23062      150
 23.26284      149
 23.26284      147
 23.29506      146
 23.32728      144
 23.3595       143
 23.39172      141
 23.39172      140
 23.42394      139
 23.45616      137
 23.48838      136
 23.5206       135
 23.5206       133
 23.55282      132
 23.58504      131
 23.61726      130
 23.64948      129
 23.64948      128
 23.6817       126
 23.71392      125
 23.74614      124
 23.77836      123
 23.77836      123
 23.81058      122
 23.8428       121
 23.87502      120
 23.90724      119
 23.90724      118
 23.93946      118
 23.97168      117
 24.0039       116
 24.03612      115
 24.03612      115
 24.06834      114
 24.10056      114
 24.13278      113
 24.13278      113
 24.165        112
 24.19722      112
 24.22944      112
 24.26166      111
 24.26166      111
 24.29388      111
 24.3261       111
 24.35832      111
 24.39054      111
 24.39054      110
 24.42276      110
 24.45498      111
 24.4872       111
 24.51942      111
 24.51942      111
 24.55164      111
 24.58386      111
 24.61608      111
 24.61608      111
 24.6483       111
 24.68052      112
 24.71274      112
 24.74496      112
 24.74496      113
 24.77718      113
 24.8094       114
 24.84162      114
 24.87384      115
 24.87384      116
 24.90606      116
 24.93828      117
 24.9705       117
 24.9705       119
 25.00272      124
 25.03494      133
 25.06716      142
 25.09938      149
 25.09938      155
 25.1316       161
 25.16382      165
 25.19604      168
 25.22826      171
 25.22826      173
 25.26048      175
 25.2927       176
 25.32492      177
 25.35714      178
 25.35714      178
 25.38936      178
 25.42158      179
 25.4538       179
 25.4538       178
 25.48602      178
 25.51824      178
 25.55046      178
 25.58268      178
 25.58268      178
 25.6149       178
 25.64712      178
 25.67934      178
 25.67934      178
 25.71156      178
 25.74378      179
 25.776        179
 25.776        179
 25.80822      180
 25.84044      180
 25.87266      181
 25.90488      181
 25.90488      182
 25.9371       183
 25.96932      184
 26.03376      185
 26.03376      185
 26.06598      186
 26.0982       187
 26.13042      188
 26.13042      189
 26.16264      190
 26.19486      191
 26.22708      192
 26.2593       193
 26.2593       194
 26.29152      195
 26.32374      196
 26.35596      197
 26.35596      198
 26.38818      198
 26.4204       199
 26.45262      200
 26.45262      202
 26.48484      202
 26.51706      203
 26.54928      204
 26.5815       205
 26.5815       205
 26.61372      206
 26.64594      207
 26.67816      207
 26.67816      208
 26.71038      208
 26.7426       209
 26.77482      209
 26.80704      210
 26.80704      210
 26.83926      210
 26.87148      211
 26.9037       211
 26.9037       211
 26.93592      211
 26.96814      211
 27.00036      211
 27.00036      211
 27.03258      211
 27.0648       211
 27.09702      211
 27.09702      211
 27.12924      211
 27.16146      210
 27.19368      210
 27.2259       210
 27.2259       210
 27.25812      211
 27.29034      210
 27.32256      210
 27.32256      210
 27.35478      209
 27.387        209
 27.41922      208
 27.45144      208
 27.45144      207
 27.48366      206
 27.51588      204
 27.5481       203
 27.5481       200
 27.58032      199
 27.61254      197
 27.64476      196
 27.64476      194
 27.67698      193
 27.7092       192
 27.74142      190
 27.74142      189
 27.77364      188
 27.80586      187
 27.83808      185
 27.83808      184
 27.8703       183
 27.90252      182
 27.93474      181
 27.96696      179
